TimeStamp,VRCameraXRot,VRCameraYRot,VRCameraZRot,VRCameraWRot,VRCameraPitch,VRCameraYaw,VRCameraRoll,RightHandXRot,RightHandYRot,RightHandZRot,RightHandWRot,RightHandPitch,RightHandYaw,RightHandRoll
06.12.2023 14:47:03,0.01049597,0.8206891,-0.0246109,0.5707483,-3.002349,-20.35029,5.623413,-0.1144972,0.8000507,0.1667616,0.5648007,28.33908,-19.49258,-0.3224253
06.12.2023 14:47:03,0.01049597,0.8206891,-0.0246109,0.5707483,-3.002349,-20.35029,5.623413,-0.1144972,0.8000507,0.1667616,0.5648007,28.33908,-19.49258,-0.3224253
06.12.2023 14:47:04,0.01320978,0.8207477,-0.0281536,0.5704438,-3.513567,-20.38074,5.599091,-0.1144972,0.8000507,0.1667616,0.5648007,28.33908,-19.49258,-0.3224253
06.12.2023 14:47:04,0.004190844,0.8229591,-0.02382202,0.5675855,-2.519903,-20.78741,6.155365,-0.1161618,0.8015677,0.165318,0.5627306,28.31354,-19.86152,5.010254
06.12.2023 14:47:04,0.004551204,0.8226527,-0.02549808,0.567954,-2.700886,-20.72907,6.231903,-0.1156562,0.8010519,0.1648959,0.5636922,28.23911,-19.72488,-0.03790415
06.12.2023 14:47:04,0.004469766,0.8227834,-0.0256217,0.5677598,-2.70753,-20.75548,6.247009,-0.1153352,0.8006972,0.1651635,0.5641833,28.24304,-19.64041,-0.1040068
06.12.2023 14:47:04,0.004488063,0.8227746,-0.02573128,0.5677674,-2.719043,-20.75393,6.252472,-0.1151106,0.800638,0.1653302,0.5642644,28.24384,-19.62112,-0.140679
06.12.2023 14:47:04,0.004462089,0.8228062,-0.02571379,0.5677224,-2.71577,-20.76024,6.253632,-0.114988,0.8006187,0.165366,0.5643063,28.23898,-19.61255,-0.1565774
06.12.2023 14:47:04,0.004400794,0.8228356,-0.02566508,0.5676826,-2.707247,-20.76595,6.256104,-0.1150711,0.8005462,0.1652426,0.5644284,28.23276,-19.59876,-0.1431379
06.12.2023 14:47:04,0.004398956,0.8227929,-0.02566619,0.5677444,-2.707137,-20.75732,6.256561,-0.1151138,0.8004073,0.1650862,0.5646625,28.22064,-19.56877,-0.1346799
06.12.2023 14:47:04,0.004380125,0.8227674,-0.02562357,0.5677836,-2.701832,-20.75204,6.255676,-0.1153389,0.80036,0.1649444,0.564725,28.22229,-19.56586,-0.1041894
06.12.2023 14:47:04,0.004365652,0.8227314,-0.02567756,0.5678333,-2.705905,-20.74485,6.260742,-0.1154024,0.8003801,0.1648887,0.5646997,28.22125,-19.57191,-0.09312005
06.12.2023 14:47:04,0.004455915,0.822659,-0.02569253,0.5679368,-2.713037,-20.73046,6.25354,-0.1154161,0.8004195,0.1649554,0.5646215,28.22855,-19.5818,-0.09428094
06.12.2023 14:47:04,0.004455549,0.8225844,-0.02569506,0.5680447,-2.713087,-20.71541,6.254089,-0.115174,0.8004763,0.1650675,0.5645578,28.22296,-19.58557,-0.1242119
06.12.2023 14:47:04,0.004549521,0.8225693,-0.02577989,0.5680621,-2.72718,-20.7127,6.250824,-0.1151178,0.8005423,0.1651791,0.5644429,28.22986,-19.59892,-0.1343631
06.12.2023 14:47:04,0.00460262,0.8225061,-0.02559708,0.5681614,-2.713257,-20.69978,6.234222,-0.1149051,0.8006455,0.1652001,0.5643338,28.21753,-19.61242,-0.1533407
06.12.2023 14:47:04,0.004840333,0.822406,-0.02533349,0.5683162,-2.703675,-20.67969,6.195099,-0.1148577,0.8006363,0.1652496,0.564342,28.21906,-19.60927,-0.161856
06.12.2023 14:47:04,0.005028308,0.8223794,-0.02519121,0.5683593,-2.702455,-20.67453,6.168213,-0.1149432,0.8007147,0.1650259,0.5642788,28.20346,-19.62611,-0.1351428
06.12.2023 14:47:04,0.004887972,0.8222769,-0.02509184,0.5685132,-2.68372,-20.65336,6.175446,-0.1150429,0.8007679,0.1648341,0.564239,28.19183,-19.63865,-0.1101009
06.12.2023 14:47:04,0.004868216,0.8222298,-0.02508332,0.5685818,-2.681531,-20.64381,6.176971,-0.1151272,0.8007813,0.1647888,0.5642162,28.19321,-19.64424,-0.09783203
06.12.2023 14:47:04,0.004730199,0.8221822,-0.02508784,0.5686516,-2.672857,-20.63389,6.190521,-0.1150496,0.8007926,0.1648089,0.5642099,28.18988,-19.64379,-0.1067091
06.12.2023 14:47:04,0.004715907,0.8221565,-0.02511601,0.5686877,-2.674527,-20.62872,6.193817,-0.1148965,0.8009092,0.1648516,0.5640633,28.18369,-19.66288,-0.1203098
06.12.2023 14:47:04,0.004888451,0.8220615,-0.02514045,0.5688225,-2.68789,-20.61001,6.179596,-0.1148475,0.8009221,0.1648402,0.5640582,28.17929,-19.66346,-0.124098
06.12.2023 14:47:04,0.005037785,0.8220401,-0.02507079,0.5688552,-2.691022,-20.60594,6.161072,-0.1147723,0.8010411,0.1648058,0.5639145,28.17096,-19.68514,-0.124535
06.12.2023 14:47:04,0.005224071,0.8219908,-0.02503429,0.5689264,-2.699638,-20.59638,6.141357,-0.1148129,0.8010629,0.164758,0.5638893,28.16913,-19.69071,-0.1162858
06.12.2023 14:47:04,0.005325018,0.8220213,-0.02496158,0.5688845,-2.699431,-20.60267,6.126953,-0.1148625,0.8010881,0.1647382,0.5638492,28.17059,-19.69779,-0.1087517
06.12.2023 14:47:04,0.005397837,0.8219546,-0.02489258,0.5689832,-2.697548,-20.58929,6.115906,-0.1150171,0.8010285,0.1647242,0.5639064,28.17963,-19.69125,-0.0943709
06.12.2023 14:47:04,0.005454087,0.8219409,-0.02491806,0.5690013,-2.703594,-20.58672,6.112335,-0.1149944,0.8009925,0.164665,0.5639794,28.17245,-19.68182,-0.09448747
06.12.2023 14:47:04,0.005386262,0.8219681,-0.02492433,0.5689624,-2.699812,-20.59204,6.118988,-0.1150138,0.8009658,0.1646762,0.5640101,28.17484,-19.67712,-0.09434613
06.12.2023 14:47:04,0.005360278,0.8219482,-0.02491315,0.5689919,-2.697023,-20.58795,6.120819,-0.1150817,0.8009368,0.1646911,0.5640331,28.18082,-19.67395,-0.08951062
06.12.2023 14:47:04,0.005288863,0.8219754,-0.0249299,0.5689526,-2.693995,-20.59327,6.12851,-0.1150381,0.8009033,0.1645868,0.5641201,28.16788,-19.66352,-0.0887869
06.12.2023 14:47:04,0.005164305,0.8219376,-0.02494197,0.5690079,-2.686928,-20.58535,6.141235,-0.1150817,0.800764,0.1646252,0.5642977,28.1745,-19.63634,-0.0927773
06.12.2023 14:47:04,0.005068511,0.8219734,-0.02510198,0.5689499,-2.695832,-20.59262,6.160522,-0.114947,0.8007804,0.1646529,0.5642938,28.16806,-19.63473,-0.107859
06.12.2023 14:47:04,0.00494922,0.8218832,-0.02512687,0.5690802,-2.690207,-20.5742,6.173828,-0.1147861,0.8006948,0.1648951,0.5643773,28.18036,-19.61357,-0.1438999
06.12.2023 14:47:04,0.004799262,0.8219557,-0.02516174,0.5689752,-2.683856,-20.58852,6.18988,-0.1148363,0.8005852,0.1648407,0.5645384,28.1785,-19.5916,-0.1399443
06.12.2023 14:47:04,0.004761495,0.8220075,-0.02519888,0.568899,-2.685001,-20.59893,6.195618,-0.1150673,0.8005252,0.1645568,0.5646592,28.16693,-19.58416,-0.1002468
06.12.2023 14:47:04,0.004666701,0.8220416,-0.02528385,0.5688469,-2.686898,-20.60571,6.209961,-0.1150322,0.8004189,0.1645295,0.564825,28.16193,-19.55981,-0.1067416
06.12.2023 14:47:04,0.004614501,0.8221506,-0.02531818,0.568688,-2.686962,-20.62765,6.216583,-0.1147746,0.8003972,0.1646282,0.5648794,28.15399,-19.54619,-0.1408055
06.12.2023 14:47:04,0.004529391,0.8221858,-0.02544356,0.5686324,-2.693308,-20.63473,6.232635,-0.114538,0.8003318,0.1648017,0.5649695,28.15457,-19.52525,-0.1794098
06.12.2023 14:47:04,0.004547547,0.822218,-0.02548628,0.5685836,-2.698591,-20.64136,6.233551,-0.1142786,0.8002955,0.1648442,0.565061,28.14111,-19.50768,-0.2106492
06.12.2023 14:47:04,0.004572286,0.8222884,-0.02554235,0.5684792,-2.705645,-20.65569,6.234528,-0.1142057,0.800288,0.1645709,0.5651661,28.11005,-19.49919,-0.2008889
06.12.2023 14:47:04,0.004477907,0.8224074,-0.02559253,0.5683054,-2.704484,-20.67957,6.246155,-0.1142274,0.8002037,0.1642685,0.565369,28.08261,-19.47789,-0.1827493
06.12.2023 14:47:04,0.004525313,0.8223689,-0.02568265,0.5683568,-2.715989,-20.67205,6.247742,-0.1140892,0.8001499,0.1639639,0.5655614,28.04416,-19.45655,-0.1797198
06.12.2023 14:47:04,0.004400798,0.8224831,-0.02569779,0.5681918,-2.709553,-20.69485,6.259918,-0.1139086,0.8000658,0.1639594,0.5657181,28.03149,-19.43144,-0.2017717
06.12.2023 14:47:04,0.004403449,0.8224784,-0.02580143,0.5681939,-2.719492,-20.69406,6.266449,-0.1138305,0.8000367,0.1639189,0.5657867,28.02231,-19.42156,-0.2084984
06.12.2023 14:47:04,0.004363786,0.8225346,-0.02580957,0.5681124,-2.7178,-20.70534,6.270447,-0.1137808,0.799975,0.1638775,0.5658959,28.01498,-19.40595,-0.2136242
06.12.2023 14:47:04,0.004365209,0.8225609,-0.02589662,0.5680704,-2.726164,-20.7108,6.275848,-0.1139201,0.8000182,0.1639863,0.5657752,28.03482,-19.42223,-0.2043688
06.12.2023 14:47:04,0.004435188,0.8225605,-0.02595816,0.5680677,-2.73653,-20.71098,6.273254,-0.1137765,0.8000203,0.1640596,0.5657799,28.0321,-19.41795,-0.2239
06.12.2023 14:47:04,0.004280045,0.8225229,-0.02591616,0.5681251,-2.722372,-20.70298,6.285339,-0.113602,0.8000956,0.1642555,0.5656517,28.03906,-19.42966,-0.2514101
06.12.2023 14:47:04,0.00438636,0.8225024,-0.02591524,0.568154,-2.729168,-20.69907,6.27536,-0.1132909,0.8001135,0.1645203,0.5656118,28.04333,-19.42476,-0.2999891
06.12.2023 14:47:04,0.004472621,0.8224449,-0.02588192,0.5682382,-2.731519,-20.6876,6.26532,-0.1134629,0.8000775,0.1645167,0.5656292,28.0546,-19.42401,-0.2834894
06.12.2023 14:47:04,0.00440019,0.8224922,-0.02583372,0.5681723,-2.722356,-20.69691,6.268799,-0.1138318,0.7999423,0.16425,0.5658239,28.05402,-19.40641,-0.2338471
06.12.2023 14:47:04,0.004499497,0.8224431,-0.02576908,0.5682456,-2.722622,-20.68713,6.255432,-0.1140398,0.7998572,0.1642001,0.5659167,28.06326,-19.39609,-0.2127273
06.12.2023 14:47:04,0.004553108,0.8224367,-0.02568647,0.5682582,-2.718311,-20.68581,6.245026,-0.1140839,0.7998871,0.1640903,0.5658975,28.05579,-19.4026,-0.1997713
06.12.2023 14:47:04,0.004553971,0.8223886,-0.02570496,0.5683269,-2.720006,-20.67615,6.246399,-0.1139259,0.7999231,0.1642223,0.5658402,28.05771,-19.40573,-0.223126
06.12.2023 14:47:04,0.004633164,0.8223015,-0.02565661,0.5684546,-2.720419,-20.65867,6.236176,-0.1136906,0.8000724,0.1644334,0.5656151,28.06204,-19.43086,-0.2547351
06.12.2023 14:47:04,0.004619976,0.8223132,-0.02568955,0.5684363,-2.722691,-20.66106,6.239532,-0.1136824,0.8001484,0.1643737,0.5655265,28.05582,-19.44575,-0.2484414
06.12.2023 14:47:04,0.004725598,0.8222581,-0.02569359,0.5685149,-2.72984,-20.65018,6.230072,-0.1138629,0.8002207,0.1643009,0.5654091,28.06107,-19.46723,-0.2219086
06.12.2023 14:47:04,0.00484398,0.8222697,-0.02570625,0.5684966,-2.738779,-20.65283,6.219696,-0.1137496,0.8003015,0.1643379,0.5653067,28.05701,-19.4803,-0.2325643
06.12.2023 14:47:04,0.004902766,0.822215,-0.02568385,0.5685761,-2.740384,-20.64191,6.212952,-0.1136734,0.800386,0.1643417,0.5652013,28.05225,-19.49517,-0.23706
06.12.2023 14:47:04,0.005030965,0.8221978,-0.02570134,0.5685992,-2.750358,-20.63877,6.202087,-0.1133123,0.8004927,0.1643527,0.5651195,28.02896,-19.5034,-0.2706014
06.12.2023 14:47:04,0.005248116,0.8222006,-0.02573619,0.5685916,-2.767815,-20.63993,6.183868,-0.1133162,0.8005897,0.1642534,0.5650102,28.01978,-19.52264,-0.2596033
06.12.2023 14:47:04,0.005298329,0.8221792,-0.02564969,0.5686259,-2.762889,-20.63559,6.173584,-0.1133361,0.8006138,0.1640002,0.5650455,27.99692,-19.5249,-0.2401515
06.12.2023 14:47:04,0.005366393,0.8221478,-0.02564909,0.5686707,-2.767208,-20.62943,6.167297,-0.1134148,0.8006357,0.1638771,0.5650344,27.99048,-19.53092,-0.2231075
06.12.2023 14:47:04,0.005315656,0.8221306,-0.02572655,0.5686926,-2.771166,-20.62597,6.177216,-0.1134686,0.8005417,0.1637695,0.5651881,27.9838,-19.51165,-0.2146209
06.12.2023 14:47:04,0.005388443,0.8221307,-0.02581797,0.5686874,-2.784535,-20.62634,6.1763,-0.1135245,0.8006127,0.1637305,0.5650875,27.98389,-19.52836,-0.2032502
06.12.2023 14:47:04,0.005506038,0.8221222,-0.02586662,0.5686966,-2.796776,-20.625,6.168427,-0.1134672,0.8005689,0.1637492,0.5651556,27.98178,-19.51707,-0.212277
06.12.2023 14:47:04,0.005561315,0.8221028,-0.02592034,0.5687217,-2.805408,-20.62132,6.166809,-0.1133959,0.8005275,0.1639222,0.5651786,27.99347,-19.50791,-0.2326329
06.12.2023 14:47:04,0.005659506,0.8220823,-0.02590274,0.5687511,-2.810113,-20.61741,6.156525,-0.1133184,0.8005115,0.1640075,0.5651919,27.9964,-19.50266,-0.2468526
06.12.2023 14:47:04,0.005649002,0.8220884,-0.02596991,0.5687393,-2.815773,-20.61873,6.161865,-0.1132751,0.8004319,0.1639249,0.5653373,27.98553,-19.48291,-0.2494296
06.12.2023 14:47:04,0.005640525,0.8220589,-0.02610638,0.5687758,-2.828027,-20.613,6.171692,-0.1132579,0.8004137,0.1639016,0.5653733,27.98215,-19.47803,-0.2504823
06.12.2023 14:47:04,0.005453556,0.8221452,-0.02643109,0.5686378,-2.846627,-20.63048,6.210083,-0.1132326,0.8004417,0.1637991,0.5653684,27.97064,-19.48148,-0.2452745
06.12.2023 14:47:04,0.005386515,0.822189,-0.02667372,0.5685638,-2.865228,-20.63959,6.231995,-0.1131135,0.8003581,0.1637166,0.5655342,27.95468,-19.45788,-0.2558723
06.12.2023 14:47:04,0.00539948,0.8221905,-0.02696484,0.5685478,-2.893532,-20.64042,6.249756,-0.1129741,0.8003062,0.1636263,0.5656618,27.93661,-19.44004,-0.2666859
06.12.2023 14:47:04,0.005485952,0.8222481,-0.02711182,0.5684566,-2.91316,-20.65253,6.250885,-0.1128831,0.8002951,0.1635778,0.5657098,27.92581,-19.43336,-0.2734513
06.12.2023 14:47:04,0.005757635,0.8222373,-0.02715282,0.5684677,-2.934722,-20.65115,6.227997,-0.1129168,0.8002958,0.1634879,0.5657281,27.91953,-19.43358,-0.2641059
06.12.2023 14:47:04,0.005925599,0.8222855,-0.02713507,0.568397,-2.944106,-20.6613,6.210724,-0.1130171,0.8002691,0.1633249,0.5657929,27.91071,-19.42961,-0.244329
06.12.2023 14:47:04,0.006052153,0.8223144,-0.02703764,0.5683584,-2.94323,-20.6673,6.192291,-0.1131018,0.8002967,0.1633921,0.5657173,27.92288,-19.4398,-0.2387232
06.12.2023 14:47:04,0.006017355,0.8223007,-0.02697173,0.5683818,-2.934716,-20.66431,6.191345,-0.1129501,0.8002677,0.1635143,0.5657535,27.92429,-19.42934,-0.2635784
06.12.2023 14:47:04,0.005902347,0.8223578,-0.02694827,0.5683016,-2.925123,-20.67547,6.200378,-0.1125438,0.8002611,0.1638036,0.5657601,27.92444,-19.4159,-0.3246245
06.12.2023 14:47:04,0.005839351,0.8223485,-0.02702942,0.5683119,-2.928651,-20.67357,6.21167,-0.1123191,0.8001794,0.1639378,0.5658814,27.92203,-19.39162,-0.3600565
06.12.2023 14:47:04,0.005748405,0.8223354,-0.02704046,0.5683312,-2.923734,-20.67071,6.221039,-0.1123713,0.8001112,0.1637764,0.5660142,27.9101,-19.37701,-0.3471139
06.12.2023 14:47:04,0.005689258,0.8223253,-0.02710168,0.5683435,-2.925631,-20.66862,6.230652,-0.1130034,0.8000935,0.1633733,0.5660298,27.91434,-19.39269,-0.2563902
06.12.2023 14:47:05,0.005587768,0.8223617,-0.02711786,0.568291,-2.920619,-20.67573,6.241089,-0.1131245,0.8000929,0.163362,0.5660099,27.92145,-19.39722,-0.2431627
06.12.2023 14:47:05,0.005702496,0.8223155,-0.02715081,0.5683553,-2.931106,-20.66676,6.232666,-0.1130399,0.8000709,0.1634146,0.5660426,27.92075,-19.38996,-0.2562512
06.12.2023 14:47:05,0.005723015,0.8223185,-0.02713205,0.5683515,-2.930682,-20.6674,6.229492,-0.112747,0.800144,0.1636448,0.5659311,27.92294,-19.397,-0.2983351
06.12.2023 14:47:05,0.005887753,0.822291,-0.02725335,0.5683839,-2.952806,-20.66251,6.221985,-0.1124854,0.800157,0.1638122,0.5659164,27.92126,-19.39172,-0.3356739
06.12.2023 14:47:05,0.005866056,0.8222941,-0.02731675,0.5683765,-2.957378,-20.66321,6.228149,-0.1123549,0.8002841,0.1637721,0.5657743,27.90869,-19.4128,-0.3411392
06.12.2023 14:47:05,0.005973323,0.8222596,-0.02724784,0.5684286,-2.957799,-20.6564,6.213715,-0.1124834,0.8003325,0.1636596,0.5657129,27.90665,-19.42651,-0.3185043
06.12.2023 14:47:05,0.005981485,0.8222682,-0.02724368,0.5684162,-2.957958,-20.65816,6.212646,-0.1127027,0.8003007,0.1635405,0.5657486,27.91006,-19.42683,-0.2894595
06.12.2023 14:47:05,0.006027833,0.8222473,-0.02723184,0.5684465,-2.959819,-20.65405,6.207611,-0.1129789,0.8003088,0.1633754,0.5657297,27.91296,-19.4372,-0.2498529
06.12.2023 14:47:05,0.006079695,0.8221993,-0.02704876,0.5685242,-2.945834,-20.64417,6.19101,-0.1129487,0.8002819,0.1633659,0.5657766,27.91,-19.43018,-0.2535142
06.12.2023 14:47:05,0.005999091,0.8221506,-0.02696085,0.5685996,-2.932184,-20.63397,6.193146,-0.1127519,0.80029,0.1635317,0.5657565,27.91257,-19.42641,-0.284262
06.12.2023 14:47:05,0.00596388,0.8221136,-0.02700883,0.5686512,-2.934333,-20.6265,6.199799,-0.1122339,0.8003317,0.1638413,0.5657109,27.90714,-19.41903,-0.3561009
06.12.2023 14:47:05,0.005803141,0.8221257,-0.02709095,0.5686315,-2.931616,-20.62865,6.220245,-0.1121078,0.8003505,0.1638744,0.5656998,27.90179,-19.41847,-0.370478
06.12.2023 14:47:05,0.005768944,0.8221242,-0.02714457,0.5686315,-2.934439,-20.62835,6.226959,-0.1123446,0.8003957,0.1636798,0.5656451,27.89923,-19.43465,-0.3314551
06.12.2023 14:47:05,0.005826833,0.8221595,-0.02720336,0.5685771,-2.943834,-20.63573,6.225159,-0.1128573,0.8003402,0.1633623,0.5657132,27.90353,-19.43882,-0.2602395
06.12.2023 14:47:05,0.0057862,0.8221072,-0.02713738,0.5686563,-2.93485,-20.62495,6.224976,-0.1129577,0.800346,0.1632417,0.56572,27.8988,-19.44231,-0.2418051
06.12.2023 14:47:05,0.00587878,0.8220862,-0.02701522,0.5686914,-2.929325,-20.62076,6.208374,-0.1127098,0.8004628,0.1632953,0.5655887,27.88721,-19.45787,-0.2659234
06.12.2023 14:47:05,0.005883473,0.8220363,-0.02688849,0.5687695,-2.917577,-20.61048,6.199921,-0.112321,0.8004932,0.1635674,0.5655444,27.88696,-19.45271,-0.3224579
06.12.2023 14:47:05,0.005864083,0.8220879,-0.0266987,0.5687039,-2.898525,-20.6205,6.189117,-0.1123632,0.8004919,0.1636922,0.5655017,27.90173,-19.45589,-0.3262162
06.12.2023 14:47:05,0.00576208,0.8220968,-0.026683,0.568693,-2.890407,-20.62198,6.197662,-0.1127215,0.8004732,0.1634818,0.5655177,27.90582,-19.4632,-0.2763352
06.12.2023 14:47:05,0.005660312,0.8221529,-0.02670877,0.5686117,-2.886317,-20.63307,6.208649,-0.1129769,0.8004999,0.1634044,0.5654514,27.91571,-19.4779,-0.2437475
06.12.2023 14:47:05,0.005551846,0.8220675,-0.02670703,0.5687363,-2.878894,-20.61556,6.219208,-0.1129164,0.8004807,0.1634314,0.5654828,27.91418,-19.47182,-0.2525849
06.12.2023 14:47:05,0.005527989,0.8221892,-0.02669702,0.5685611,-2.876654,-20.64002,6.220184,-0.1128396,0.8004468,0.163563,0.5655081,27.92154,-19.46348,-0.2704976
06.12.2023 14:47:05,0.005473061,0.8221838,-0.02668406,0.5685701,-2.871838,-20.63876,6.224548,-0.1128137,0.8005005,0.1636387,0.5654153,27.92706,-19.47488,-0.2757713
06.12.2023 14:47:05,0.005408269,0.8221881,-0.02658913,0.5685689,-2.858668,-20.63929,6.224426,-0.1128678,0.8004556,0.1636354,0.5654691,27.93036,-19.46748,-0.2718827
06.12.2023 14:47:05,0.00531648,0.8222072,-0.02661823,0.5685409,-2.855466,-20.64295,6.234894,-0.1128229,0.8004045,0.163649,0.5655463,27.92862,-19.45511,-0.2795929
06.12.2023 14:47:05,0.005270466,0.8221661,-0.02655293,0.5686038,-2.846218,-20.63445,6.235199,-0.1126331,0.8004528,0.1637167,0.5654961,27.9223,-19.45872,-0.3015485
06.12.2023 14:47:05,0.00515653,0.8222241,-0.02650747,0.568523,-2.834626,-20.64578,6.242676,-0.1126097,0.8004195,0.1637503,0.5655383,27.92389,-19.45122,-0.3075711
06.12.2023 14:47:05,0.005070123,0.8223295,-0.0264364,0.5683746,-2.822519,-20.66669,6.245667,-0.1128831,0.8004215,0.1635368,0.5655429,27.92197,-19.45948,-0.2653825
06.12.2023 14:47:05,0.005059685,0.8222487,-0.0266037,0.5684838,-2.837439,-20.65067,6.257965,-0.1128908,0.8004353,0.1635055,0.5655307,27.91949,-19.46227,-0.2619692
06.12.2023 14:47:05,0.005039023,0.8223643,-0.02656543,0.5683184,-2.832738,-20.67388,6.256836,-0.1127433,0.8004186,0.1635627,0.5655673,27.91501,-19.45367,-0.2816458
06.12.2023 14:47:05,0.005013207,0.8223722,-0.02657448,0.5683069,-2.831926,-20.67542,6.259827,-0.1127025,0.8004682,0.1636584,0.5654774,27.92142,-19.4639,-0.289938
06.12.2023 14:47:05,0.005044569,0.8223696,-0.02661822,0.5683083,-2.838091,-20.67505,6.259735,-0.1126317,0.8004336,0.1636835,0.5655332,27.91901,-19.45415,-0.300364
06.12.2023 14:47:05,0.005169703,0.8223922,-0.02666228,0.5682724,-2.850455,-20.68,6.250671,-0.1126546,0.8004945,0.1635645,0.5654771,27.90921,-19.46619,-0.2876975
06.12.2023 14:47:05,0.005139352,0.8224139,-0.0266548,0.5682417,-2.847818,-20.68427,6.25296,-0.1126927,0.8005153,0.1635354,0.5654483,27.90903,-19.4717,-0.2809799
06.12.2023 14:47:05,0.005161021,0.822426,-0.02663177,0.5682251,-2.847085,-20.68673,6.249359,-0.1125309,0.8004746,0.1635831,0.5655244,27.90262,-19.45735,-0.3025502
06.12.2023 14:47:05,0.005241024,0.8224515,-0.02677451,0.5681806,-2.865821,-20.69235,6.250977,-0.1124469,0.8004287,0.1635819,0.5656064,27.89682,-19.44429,-0.3131326
06.12.2023 14:47:05,0.005214155,0.8223752,-0.02679527,0.5682903,-2.86586,-20.67692,6.255249,-0.1123969,0.8003509,0.1636518,0.5657063,27.90005,-19.42686,-0.3261491
06.12.2023 14:47:05,0.005182677,0.8224428,-0.02682086,0.5681916,-2.866371,-20.69052,6.259552,-0.1124279,0.800266,0.1636011,0.5658348,27.89728,-19.40945,-0.3232934
06.12.2023 14:47:05,0.005293839,0.8223864,-0.02688253,0.5682692,-2.879311,-20.67954,6.253357,-0.1125392,0.800188,0.1634612,0.5659634,27.89139,-19.39541,-0.3060673
06.12.2023 14:47:05,0.005323341,0.8223497,-0.02691122,0.5683208,-2.88386,-20.67226,6.252625,-0.1126556,0.8002098,0.1633237,0.5659491,27.88614,-19.40269,-0.2841845
06.12.2023 14:47:05,0.005329292,0.822328,-0.02693611,0.5683509,-2.886547,-20.66794,6.253815,-0.1126342,0.8002393,0.1632243,0.5659404,27.87521,-19.40665,-0.2787063
06.12.2023 14:47:05,0.005359995,0.8223025,-0.02697919,0.5683854,-2.892557,-20.66295,6.253845,-0.1126383,0.8001868,0.1632287,0.5660126,27.87589,-19.39578,-0.2808103
06.12.2023 14:47:05,0.005308421,0.8223093,-0.02699247,0.5683755,-2.890461,-20.6642,6.259552,-0.1127267,0.8002012,0.1632974,0.5659547,27.88843,-19.40331,-0.2755065
06.12.2023 14:47:05,0.00533148,0.8222583,-0.02699052,0.5684492,-2.891668,-20.65398,6.257507,-0.1127027,0.8001109,0.1635516,0.5660137,27.91104,-19.38692,-0.2983006
06.12.2023 14:47:05,0.005315542,0.8222238,-0.02711084,0.5684935,-2.9019,-20.64719,6.267029,-0.1127449,0.800117,0.1636155,0.5659783,27.91998,-19.39078,-0.2978197
06.12.2023 14:47:05,0.005330986,0.8222379,-0.02699361,0.5684784,-2.891882,-20.64988,6.257843,-0.1125621,0.800086,0.1638121,0.5660015,27.92639,-19.37977,-0.3307781
06.12.2023 14:47:05,0.005405833,0.8222535,-0.02702485,0.5684537,-2.899745,-20.65327,6.252747,-0.1124429,0.8001496,0.1638086,0.5659365,27.91803,-19.38839,-0.34017
06.12.2023 14:47:05,0.005447306,0.8222334,-0.02697027,0.568485,-2.897258,-20.64922,6.245392,-0.1122953,0.8001515,0.1636576,0.5660068,27.89365,-19.38081,-0.3455639
06.12.2023 14:47:05,0.005423389,0.8221872,-0.02690258,0.5685553,-2.889213,-20.63972,6.243469,-0.1125097,0.8001525,0.1633568,0.5660496,27.87943,-19.38526,-0.303869
06.12.2023 14:47:05,0.005452426,0.822195,-0.02678731,0.5685492,-2.880254,-20.64115,6.233154,-0.1126276,0.8001475,0.1631303,0.5660986,27.86575,-19.38567,-0.2772312
06.12.2023 14:47:05,0.005448438,0.8222291,-0.02662079,0.5685077,-2.864362,-20.64773,6.222504,-0.11263,0.800175,0.1631623,0.5660499,27.86899,-19.39204,-0.2778754
06.12.2023 14:47:05,0.005355503,0.822233,-0.0264436,0.5685112,-2.841599,-20.64796,6.219696,-0.1125226,0.8002464,0.1631411,0.5659766,27.85974,-19.40252,-0.2845665
06.12.2023 14:47:05,0.005335145,0.8222561,-0.02633349,0.5684831,-2.829936,-20.65238,6.214325,-0.1125236,0.8003103,0.1634659,0.5657922,27.89087,-19.42068,-0.3027594
06.12.2023 14:47:05,0.005378716,0.8222498,-0.02632788,0.5684921,-2.832235,-20.6512,6.209869,-0.1125097,0.8003193,0.1636153,0.565739,27.90417,-19.42416,-0.313474
06.12.2023 14:47:05,0.005555929,0.8222654,-0.02636053,0.5684662,-2.846905,-20.65487,6.195221,-0.1124455,0.8003127,0.1637097,0.5657339,27.90884,-19.42155,-0.3265021
06.12.2023 14:47:05,0.005664866,0.82228,-0.02625826,0.5684488,-2.844394,-20.65792,6.178192,-0.1122709,0.800311,0.163758,0.565757,27.90167,-19.41493,-0.3477662
06.12.2023 14:47:05,0.005704034,0.8222066,-0.02621891,0.5685565,-2.843086,-20.64313,6.172302,-0.1120981,0.8003649,0.1636083,0.5657584,27.87573,-19.41733,-0.3536443
06.12.2023 14:47:05,0.00579167,0.8221697,-0.02623452,0.5686082,-2.850199,-20.63595,6.165253,-0.1120447,0.8003348,0.1634911,0.5658453,27.8609,-19.40722,-0.3528645
06.12.2023 14:47:05,0.005729498,0.8221284,-0.02631009,0.568665,-2.853184,-20.6276,6.176239,-0.1121988,0.8003185,0.1631064,0.5659489,27.83456,-19.40441,-0.3127205
06.12.2023 14:47:05,0.005512607,0.8221216,-0.02655899,0.5686654,-2.86249,-20.62611,6.212982,-0.1124139,0.8003406,0.162886,0.5659384,27.82806,-19.41449,-0.2752776
06.12.2023 14:47:05,0.005377731,0.8220478,-0.02687199,0.5687586,-2.883044,-20.61144,6.24646,-0.1122193,0.8003349,0.1629765,0.5659592,27.82355,-19.40684,-0.301497
06.12.2023 14:47:05,0.005400232,0.8220688,-0.02720618,0.5687122,-2.91607,-20.61633,6.266052,-0.111925,0.8003039,0.1633456,0.5659548,27.8389,-19.39388,-0.3571328
06.12.2023 14:47:05,0.00555736,0.8219982,-0.02744668,0.5688013,-2.948843,-20.60294,6.267273,-0.1118261,0.8003462,0.1634342,0.5658888,27.8407,-19.40017,-0.3712815
06.12.2023 14:47:05,0.005773167,0.821936,-0.02742466,0.56889,-2.960715,-20.59094,6.245819,-0.1118668,0.8003453,0.1635359,0.5658528,27.85315,-19.40302,-0.3736984
06.12.2023 14:47:05,0.005969198,0.8219904,-0.02733288,0.5688139,-2.964973,-20.60226,6.221069,-0.1118563,0.8003867,0.1634704,0.5658152,27.84622,-19.41042,-0.3687803
06.12.2023 14:47:05,0.006082833,0.8219972,-0.02716179,0.5688109,-2.956272,-20.60365,6.199158,-0.1119455,0.8003626,0.1633626,0.5658627,27.84195,-19.40734,-0.3536073
06.12.2023 14:47:05,0.006125327,0.8219789,-0.02710662,0.5688397,-2.953805,-20.59996,6.19165,-0.1119733,0.8002673,0.1631718,0.566047,27.82553,-19.38562,-0.342446
06.12.2023 14:47:05,0.006140664,0.8220035,-0.02707152,0.5688055,-2.951548,-20.60491,6.187775,-0.1120095,0.8001521,0.1631558,0.5662073,27.82639,-19.36251,-0.3425788
06.12.2023 14:47:05,0.005964495,0.822021,-0.02696905,0.5687869,-2.930428,-20.60777,6.197601,-0.1118973,0.7999845,0.1633264,0.5664172,27.83499,-19.32512,-0.3723571
06.12.2023 14:47:05,0.005839775,0.8220732,-0.027022,0.5687104,-2.927392,-20.61802,6.212555,-0.1118797,0.7998945,0.1634375,0.5665157,27.84433,-19.30701,-0.3852142
06.12.2023 14:47:05,0.005875736,0.8220911,-0.02701695,0.5686843,-2.929301,-20.62173,6.20874,-0.1117228,0.7997866,0.1635555,0.5666649,27.84488,-19.27974,-0.4136778
06.12.2023 14:47:05,0.00582283,0.8220334,-0.02699661,0.5687692,-2.923807,-20.60993,6.212708,-0.1116447,0.7996563,0.1635752,0.5668585,27.84137,-19.24947,-0.4285616
06.12.2023 14:47:05,0.005884169,0.8221437,-0.02715425,0.5686015,-2.94291,-20.63263,6.216644,-0.1118545,0.7995977,0.1633697,0.566959,27.83597,-19.24251,-0.3960563
06.12.2023 14:47:05,0.005882941,0.8220818,-0.02716898,0.5686904,-2.944086,-20.62016,6.218018,-0.1121314,0.7995291,0.1631268,0.5670709,27.83148,-19.23559,-0.3546159
06.12.2023 14:47:05,0.006068807,0.8220881,-0.02720967,0.5686774,-2.960063,-20.62201,6.203125,-0.1121863,0.7995722,0.1630644,0.5670172,27.82928,-19.24596,-0.3430687
06.12.2023 14:47:05,0.005995471,0.8220816,-0.02731638,0.5686825,-2.965327,-20.6207,6.217041,-0.1121257,0.7996146,0.1631439,0.5669467,27.83279,-19.2536,-0.3526776
06.12.2023 14:47:05,0.006058967,0.8220975,-0.02713642,0.5686674,-2.952535,-20.62376,6.199219,-0.1118539,0.7996956,0.1633436,0.5668285,27.8335,-19.26276,-0.3902508
06.12.2023 14:47:05,0.006027069,0.8221126,-0.02704626,0.5686504,-2.941983,-20.62652,6.196259,-0.1118365,0.7996882,0.1634945,0.5667989,27.84671,-19.26263,-0.4021579
06.12.2023 14:47:05,0.006039615,0.8220912,-0.02704146,0.5686813,-2.942304,-20.62225,6.194885,-0.1117606,0.7996109,0.1633942,0.5669518,27.83194,-19.24194,-0.4067721
06.12.2023 14:47:05,0.006137516,0.8220438,-0.02691488,0.5687546,-2.936658,-20.61275,6.177643,-0.1118222,0.7995707,0.1632366,0.5670418,27.82104,-19.23369,-0.3918982
06.12.2023 14:47:05,0.006089396,0.822013,-0.02678766,0.5688059,-2.921458,-20.60615,6.174042,-0.1118951,0.7995003,0.1631244,0.5671589,27.81525,-19.22017,-0.3800735
06.12.2023 14:47:05,0.005902738,0.821949,-0.02673167,0.5689029,-2.903865,-20.59266,6.188324,-0.1119291,0.7995744,0.1630345,0.5670736,27.80902,-19.23586,-0.3675827
06.12.2023 14:47:05,0.005779881,0.821915,-0.02681399,0.5689493,-2.903535,-20.58562,6.205444,-0.1120364,0.7996528,0.1629843,0.5669563,27.81155,-19.2559,-0.349916
06.12.2023 14:47:05,0.005639346,0.8218988,-0.02682571,0.5689736,-2.895432,-20.58201,6.219543,-0.1121714,0.7997469,0.1632225,0.5667282,27.84348,-19.28441,-0.3474272
06.12.2023 14:47:05,0.005549982,0.8219211,-0.02691543,0.5689381,-2.898106,-20.58643,6.233704,-0.1120677,0.7998673,0.1634118,0.5665244,27.85458,-19.30834,-0.3652913
06.12.2023 14:47:05,0.005522819,0.8218629,-0.0268306,0.5690264,-2.888209,-20.57447,6.231049,-0.1118263,0.7999448,0.1637308,0.5663705,27.86874,-19.31964,-0.4076077
06.12.2023 14:47:05,0.005600889,0.8218428,-0.02674193,0.5690589,-2.884903,-20.57047,6.217987,-0.1116969,0.8000282,0.1637231,0.5662804,27.85931,-19.33204,-0.4169202
06.12.2023 14:47:05,0.0057681,0.8218513,-0.02664914,0.5690494,-2.887091,-20.57244,6.196136,-0.1117623,0.8000392,0.1635358,0.5663061,27.84586,-19.3343,-0.3975462
06.12.2023 14:47:05,0.005667603,0.8218631,-0.02651656,0.5690395,-2.868057,-20.57433,6.196899,-0.1121318,0.8000887,0.1631204,0.566283,27.83124,-19.35347,-0.3303407
06.12.2023 14:47:06,0.005605055,0.8219259,-0.02648163,0.5689509,-2.860814,-20.58678,6.200195,-0.1123352,0.8001046,0.1628699,0.5662921,27.82111,-19.36136,-0.2924129
06.12.2023 14:47:06,0.005551802,0.8219399,-0.02642128,0.5689341,-2.851678,-20.58933,6.201202,-0.1124629,0.8001322,0.1627938,0.5662498,27.82248,-19.37115,-0.2731165
06.12.2023 14:47:06,0.005473143,0.8219814,-0.02657005,0.5688679,-2.860659,-20.59776,6.218109,-0.1124217,0.8001436,0.1629542,0.5661957,27.83502,-19.37419,-0.2872801
06.12.2023 14:47:06,0.005413457,0.8220425,-0.02650581,0.5687832,-2.850837,-20.60981,6.219238,-0.1122877,0.8002402,0.163281,0.5659916,27.85721,-19.39388,-0.318178
06.12.2023 14:47:06,0.005412453,0.822069,-0.0265346,0.5687435,-2.853543,-20.61521,6.2211,-0.1122759,0.8002766,0.1635599,0.5658619,27.88306,-19.40506,-0.3359037
06.12.2023 14:47:06,0.005436539,0.8221434,-0.02638613,0.5686427,-2.841274,-20.63,6.208771,-0.11246,0.8002648,0.1637167,0.5657967,27.91049,-19.41211,-0.3275053
06.12.2023 14:47:06,0.005382853,0.8221422,-0.02642792,0.5686431,-2.841709,-20.62968,6.216553,-0.1125935,0.8003116,0.1636882,0.5657123,27.91681,-19.42689,-0.3098464
06.12.2023 14:47:06,0.00540923,0.8221768,-0.02647026,0.5685908,-2.847497,-20.63681,6.216644,-0.1127225,0.8002847,0.163648,0.5657362,27.92166,-19.42578,-0.2950554
06.12.2023 14:47:06,0.005313177,0.8222139,-0.02654971,0.5685343,-2.848805,-20.6442,6.230713,-0.1128047,0.80022,0.1635372,0.5658434,27.91663,-19.4138,-0.2821451
06.12.2023 14:47:06,0.005247427,0.822191,-0.02662727,0.5685645,-2.85178,-20.63953,6.242096,-0.1129048,0.800166,0.163509,0.5659081,27.92065,-19.40597,-0.2722803
06.12.2023 14:47:06,0.005341694,0.8222896,-0.02693697,0.5684062,-2.887353,-20.66023,6.252869,-0.1129013,0.8001026,0.1633484,0.5660447,27.90506,-19.39017,-0.264961
06.12.2023 14:47:06,0.005357407,0.8222378,-0.02704418,0.5684758,-2.898374,-20.65002,6.258667,-0.1128812,0.8000963,0.1634331,0.5660331,27.91177,-19.38925,-0.2727899
06.12.2023 14:47:06,0.005462747,0.8222771,-0.02705145,0.5684178,-2.906017,-20.65822,6.248993,-0.1127415,0.800127,0.1634529,0.5660118,27.90424,-19.39045,-0.2872124
06.12.2023 14:47:06,0.005497807,0.822319,-0.02714013,0.5683527,-2.916759,-20.66692,6.251251,-0.1126616,0.8001299,0.1636882,0.5659556,27.92133,-19.39124,-0.310589
06.12.2023 14:47:06,0.005483169,0.822292,-0.02716056,0.5683909,-2.917673,-20.66146,6.254089,-0.1125036,0.8001272,0.1638468,0.5659449,27.92578,-19.38663,-0.337312
06.12.2023 14:47:06,0.005534352,0.8223087,-0.02720821,0.568364,-2.925541,-20.66505,6.252289,-0.1124818,0.8000882,0.1636839,0.5660515,27.90872,-19.37522,-0.3306904
06.12.2023 14:47:06,0.005570686,0.8223004,-0.02721917,0.5683751,-2.928926,-20.66351,6.249634,-0.1125096,0.7999993,0.1635651,0.5662059,27.8992,-19.35588,-0.3239107
06.12.2023 14:47:06,0.005670769,0.8222679,-0.02725525,0.5684193,-2.938785,-20.65728,6.242706,-0.1126976,0.7999231,0.1632192,0.5663761,27.87885,-19.34235,-0.2853192
06.12.2023 14:47:06,0.005613566,0.8222181,-0.02714838,0.5684971,-2.924866,-20.64688,6.241394,-0.1129719,0.7998564,0.1629964,0.5664798,27.87613,-19.33605,-0.2453713
06.12.2023 14:47:06,0.00557695,0.8222183,-0.02722879,0.5684933,-2.930062,-20.64697,6.250092,-0.1128964,0.7998455,0.1630774,0.5664868,27.87872,-19.3319,-0.2588918
06.12.2023 14:47:06,0.005604809,0.8222031,-0.0272158,0.5685156,-2.930621,-20.64397,6.246674,-0.1127736,0.7998801,0.1632767,0.5664051,27.88947,-19.33714,-0.2830218
06.12.2023 14:47:06,0.00553799,0.8221462,-0.02731339,0.5685939,-2.93534,-20.63249,6.259644,-0.1124995,0.7999733,0.1637114,0.5662024,27.91248,-19.35207,-0.3355493
06.12.2023 14:47:06,0.005520081,0.8221605,-0.02731084,0.5685735,-2.933962,-20.63531,6.261108,-0.1125299,0.7999921,0.1638809,0.5661209,27.93073,-19.35963,-0.3425918
06.12.2023 14:47:06,0.005522337,0.8221495,-0.02727763,0.5685911,-2.930953,-20.63303,6.258789,-0.1125696,0.8000038,0.1639231,0.5660843,27.93744,-19.36427,-0.3407157
06.12.2023 14:47:06,0.0054381,0.8221152,-0.02739592,0.5686356,-2.936536,-20.62613,6.274597,-0.1126541,0.7999521,0.1637688,0.5661852,27.92841,-19.35452,-0.3241862
06.12.2023 14:47:06,0.005510285,0.8220754,-0.02731867,0.5686962,-2.933873,-20.61815,6.26297,-0.112634,0.7998863,0.1636973,0.5663027,27.92017,-19.33884,-0.3244539
06.12.2023 14:47:06,0.005531073,0.8220997,-0.02719386,0.5686669,-2.923514,-20.62288,6.252747,-0.1125643,0.7999026,0.1633321,0.566399,27.88062,-19.33434,-0.3072996
06.12.2023 14:47:06,0.005639063,0.822166,-0.02717686,0.5685708,-2.929101,-20.6365,6.241119,-0.1126982,0.8000162,0.1630869,0.5662825,27.86633,-19.36017,-0.2727207
06.12.2023 14:47:06,0.005545517,0.8221738,-0.02700988,0.5685683,-2.907269,-20.63752,6.239014,-0.1127758,0.7999624,0.1631368,0.5663288,27.87631,-19.3526,-0.2702202
06.12.2023 14:47:06,0.005624834,0.8221739,-0.0269017,0.5685726,-2.902241,-20.63755,6.224457,-0.1126575,0.8000073,0.1632127,0.5662671,27.87558,-19.35844,-0.2854615
06.12.2023 14:47:06,0.005517018,0.822184,-0.0268348,0.5685622,-2.888921,-20.63919,6.230225,-0.1124377,0.800077,0.16356,0.566112,27.89389,-19.36934,-0.3276988
06.12.2023 14:47:06,0.00559019,0.8222629,-0.02677841,0.56845,-2.888546,-20.6552,6.219238,-0.1123496,0.8000233,0.163884,0.5661116,27.91885,-19.35911,-0.3600981
06.12.2023 14:47:06,0.0055661,0.8222672,-0.02665809,0.5684497,-2.875635,-20.65578,6.213654,-0.1124762,0.8000322,0.1639372,0.5660586,27.9325,-19.36677,-0.3500693
06.12.2023 14:47:06,0.005589137,0.8222384,-0.02685567,0.5684819,-2.895711,-20.65039,6.224518,-0.1127675,0.8000061,0.1635651,0.5661451,27.91666,-19.36756,-0.296954
06.12.2023 14:47:06,0.005766469,0.8222336,-0.02663704,0.5684973,-2.886647,-20.64949,6.193542,-0.1128599,0.7999389,0.163332,0.5662889,27.9006,-19.35374,-0.2751716
06.12.2023 14:47:06,0.00576456,0.8222108,-0.02668436,0.5685281,-2.890937,-20.64497,6.19693,-0.112847,0.7999682,0.1630865,0.5663209,27.87631,-19.35593,-0.2593625
06.12.2023 14:47:06,0.005868113,0.8221993,-0.02658652,0.5685482,-2.888441,-20.64276,6.180847,-0.1127294,0.8000369,0.1630771,0.56625,27.86749,-19.36562,-0.2679807
06.12.2023 14:47:06,0.005651758,0.8221861,-0.02665083,0.5685666,-2.880365,-20.63963,6.205505,-0.1126102,0.8001511,0.1631265,0.566098,27.86423,-19.38569,-0.27863
06.12.2023 14:47:06,0.005476017,0.8222376,-0.02692549,0.5684808,-2.894917,-20.65005,6.239716,-0.1125948,0.8001596,0.1634519,0.5659952,27.89426,-19.39149,-0.3009245
06.12.2023 14:47:06,0.005366164,0.8222147,-0.02713506,0.568505,-2.907466,-20.64554,6.263885,-0.1124776,0.800167,0.1637243,0.5659294,27.91235,-19.39225,-0.3303702
06.12.2023 14:47:06,0.005415094,0.8222221,-0.02739744,0.5684813,-2.935419,-20.64762,6.276337,-0.1124088,0.8001685,0.1639852,0.5658654,27.93262,-19.39355,-0.3543071
06.12.2023 14:47:06,0.005548856,0.8221999,-0.02747,0.5685085,-2.950937,-20.64364,6.268555,-0.1124157,0.8001981,0.1639304,0.565838,27.92786,-19.3993,-0.3487799
06.12.2023 14:47:06,0.005699029,0.8221971,-0.02740285,0.5685144,-2.954394,-20.64333,6.250031,-0.1124908,0.800203,0.1635717,0.5659198,27.89868,-19.39823,-0.3175801
06.12.2023 14:47:06,0.005959012,0.8221949,-0.02731285,0.5685192,-2.962859,-20.64345,6.219635,-0.1127089,0.8002449,0.1633458,0.5658824,27.89188,-19.41254,-0.2786071
06.12.2023 14:47:06,0.006050304,0.8222132,-0.02714566,0.5684999,-2.953085,-20.64706,6.200043,-0.1128478,0.8001857,0.163087,0.5660133,27.87653,-19.40187,-0.250023
06.12.2023 14:47:06,0.006093317,0.8221812,-0.02701762,0.5685518,-2.943748,-20.64049,6.187805,-0.1130188,0.8001158,0.1631169,0.5660692,27.8909,-19.39436,-0.2372462
06.12.2023 14:47:06,0.006072331,0.8221806,-0.02697471,0.5685548,-2.938331,-20.64025,6.186981,-0.113113,0.8001037,0.1632127,0.56604,27.9064,-19.39691,-0.2342202
06.12.2023 14:47:06,0.005938051,0.8221905,-0.02692218,0.5685444,-2.924639,-20.64177,6.196167,-0.1129755,0.8001705,0.1634036,0.5659178,27.91537,-19.40826,-0.2579429
06.12.2023 14:47:06,0.005885041,0.8221021,-0.02689658,0.5686741,-2.918581,-20.62376,6.199951,-0.1127955,0.8002145,0.1637365,0.5657954,27.93503,-19.41512,-0.2962396
06.12.2023 14:47:06,0.005829598,0.8220815,-0.02679298,0.5687093,-2.90515,-20.61927,6.198547,-0.112545,0.8002884,0.1640402,0.5656527,27.94714,-19.42507,-0.3386456
06.12.2023 14:47:06,0.005752935,0.8220571,-0.02670886,0.5687492,-2.892165,-20.614,6.200409,-0.1123588,0.800247,0.1641556,0.5657148,27.94556,-19.41058,-0.3671497
06.12.2023 14:47:06,0.005727673,0.8220248,-0.02666841,0.568798,-2.886635,-20.60735,6.200317,-0.1123364,0.8001639,0.1640821,0.565858,27.93695,-19.3911,-0.3682741
06.12.2023 14:47:06,0.005754837,0.8220291,-0.02669229,0.5687906,-2.890668,-20.60832,6.19928,-0.1124287,0.8000858,0.1639329,0.5659935,27.92889,-19.37613,-0.3524082
06.12.2023 14:47:06,0.005700481,0.821934,-0.02666114,0.56893,-2.883982,-20.58896,6.20285,-0.1125191,0.80007,0.1637559,0.5660489,27.91812,-19.37389,-0.3322707
06.12.2023 14:47:06,0.005830983,0.8219604,-0.02671932,0.5688877,-2.898042,-20.59473,6.194214,-0.1125386,0.8000296,0.1636479,0.5661335,27.90909,-19.36459,-0.3249891
06.12.2023 14:47:06,0.005891947,0.8219081,-0.02670058,0.5689633,-2.900144,-20.58434,6.1875,-0.112512,0.8000453,0.163595,0.5661319,27.90225,-19.36609,-0.3236389
06.12.2023 14:47:06,0.005854155,0.8218642,-0.02667855,0.5690283,-2.895509,-20.57535,6.18988,-0.1124451,0.80004,0.1636592,0.5661341,27.90384,-19.36324,-0.3349496
06.12.2023 14:47:06,0.005915388,0.8219469,-0.02670926,0.5689069,-2.902574,-20.59221,6.185669,-0.1122605,0.800084,0.1638001,0.5660678,27.90485,-19.3672,-0.361277
06.12.2023 14:47:06,0.005905079,0.8218765,-0.02667725,0.5690101,-2.898736,-20.57796,6.184906,-0.112008,0.8001812,0.16393,0.5659428,27.90024,-19.37955,-0.3916447
06.12.2023 14:47:06,0.005914575,0.8219412,-0.02634412,0.5689321,-2.868085,-20.59042,6.161957,-0.1119141,0.8002454,0.1640464,0.5658369,27.90503,-19.39104,-0.4061346
06.12.2023 14:47:06,0.005819524,0.821825,-0.02620755,0.5691072,-2.848768,-20.56651,6.162598,-0.1120429,0.8001968,0.1639676,0.565903,27.90619,-19.38477,-0.3898035
06.12.2023 14:47:06,0.00553539,0.8218599,-0.02621137,0.5690596,-2.83065,-20.5728,6.189453,-0.1121579,0.8001307,0.1638964,0.5659943,27.90714,-19.37434,-0.37613
06.12.2023 14:47:06,0.005421009,0.8218557,-0.02617373,0.5690684,-2.819627,-20.57159,6.197784,-0.1124677,0.80006,0.163715,0.5660852,27.91071,-19.36914,-0.3353632
06.12.2023 14:47:06,0.005321155,0.8218342,-0.02618383,0.5690999,-2.814014,-20.56704,6.207977,-0.112485,0.799996,0.1636668,0.5661862,27.90726,-19.35564,-0.333194
06.12.2023 14:47:06,0.005340189,0.8218037,-0.02619649,0.5691431,-2.816386,-20.56097,6.207153,-0.1123052,0.8000485,0.1637406,0.5661263,27.90216,-19.36063,-0.3543249
06.12.2023 14:47:06,0.005364775,0.8217558,-0.02608985,0.569217,-2.807838,-20.55119,6.19812,-0.1121318,0.8000655,0.163827,0.5661117,27.89868,-19.35857,-0.3771159
06.12.2023 14:47:06,0.005529054,0.8217996,-0.02600995,0.5691559,-2.811126,-20.5603,6.177216,-0.1119034,0.8001686,0.1638971,0.5659909,27.89001,-19.37228,-0.4008635
06.12.2023 14:47:06,0.00557816,0.8218328,-0.02587,0.5691137,-2.801209,-20.56687,6.163269,-0.1118348,0.8001781,0.1639108,0.5659871,27.88669,-19.37177,-0.4084261
06.12.2023 14:47:06,0.00555829,0.8217575,-0.02581655,0.569225,-2.79472,-20.55157,6.162018,-0.1117974,0.8001402,0.1638737,0.5660587,27.88058,-19.36177,-0.411516
06.12.2023 14:47:06,0.005579983,0.8218232,-0.02575761,0.5691328,-2.790715,-20.56474,6.155823,-0.1120915,0.8001518,0.1637935,0.5660075,27.89282,-19.37471,-0.3754267
06.12.2023 14:47:06,0.005476029,0.8218122,-0.02591757,0.5691424,-2.798982,-20.56253,6.176117,-0.1122058,0.8001815,0.1637876,0.5659444,27.90002,-19.38543,-0.3619564
06.12.2023 14:47:06,0.005425451,0.8218542,-0.02592253,0.569082,-2.796235,-20.57088,6.181,-0.11192,0.8002152,0.1638851,0.5659251,27.89001,-19.38262,-0.396377
06.12.2023 14:47:06,0.005426675,0.8218501,-0.0257642,0.5690952,-2.781382,-20.56977,6.170563,-0.1117826,0.8002875,0.163991,0.5658193,27.89087,-19.39397,-0.4143396
06.12.2023 14:47:06,0.005371582,0.8218762,-0.02578351,0.5690571,-2.779659,-20.57493,6.17688,-0.111722,0.8003092,0.1640124,0.5657945,27.88885,-19.39645,-0.4210664
06.12.2023 14:47:06,0.005449773,0.8219036,-0.02569588,0.5690207,-2.776559,-20.5805,6.163666,-0.1116688,0.8003695,0.1639986,0.5657237,27.88397,-19.40688,-0.4230975
06.12.2023 14:47:06,0.005431356,0.8218319,-0.02571795,0.5691234,-2.777291,-20.56606,6.167206,-0.1117397,0.8004043,0.1640143,0.5656559,27.89029,-19.41725,-0.4152971
06.12.2023 14:47:06,0.005484988,0.8218244,-0.02574492,0.5691325,-2.783319,-20.56472,6.16394,-0.1117463,0.8004468,0.1641088,0.565567,27.89981,-19.42784,-0.4189177
06.12.2023 14:47:06,0.005490466,0.8218624,-0.02566775,0.5690811,-2.776481,-20.57225,6.158203,-0.111671,0.800424,0.164255,0.5655718,27.90866,-19.42211,-0.4371411
06.12.2023 14:47:06,0.005484236,0.8218349,-0.02564374,0.569122,-2.773754,-20.56665,6.157349,-0.1113698,0.8004314,0.1644472,0.5655649,27.90668,-19.41452,-0.4804003
06.12.2023 14:47:06,0.005583449,0.8217577,-0.02578223,0.5692262,-2.793129,-20.5516,6.15741,-0.1110718,0.8004109,0.1644602,0.5656486,27.88773,-19.39864,-0.5129204
06.12.2023 14:47:06,0.005668011,0.8217376,-0.02574859,0.5692558,-2.795439,-20.54771,6.147339,-0.1108889,0.80045,0.1643478,0.5656618,27.86465,-19.39811,-0.5228639
06.12.2023 14:47:06,0.005730635,0.8217086,-0.02581661,0.569294,-2.805881,-20.54215,6.146027,-0.1108268,0.8004363,0.1640991,0.5657655,27.83667,-19.38927,-0.5137459
06.12.2023 14:47:06,0.005878716,0.8217035,-0.02580093,0.5693007,-2.814064,-20.54147,6.131073,-0.1110251,0.8002402,0.1636446,0.5661356,27.80652,-19.34923,-0.4721727
06.12.2023 14:47:06,0.005867606,0.8216383,-0.02577247,0.5693961,-2.810527,-20.52827,6.130585,-0.1111123,0.800061,0.1633779,0.5664487,27.7868,-19.3111,-0.4534931
06.12.2023 14:47:06,0.0059842,0.821615,-0.02574791,0.5694296,-2.815783,-20.52385,6.118103,-0.1110044,0.7998725,0.1631279,0.566808,27.75549,-19.26363,-0.4564009
06.12.2023 14:47:06,0.006101048,0.8215729,-0.02571994,0.5694903,-2.820698,-20.51566,6.105469,-0.1109358,0.7997465,0.162933,0.5670553,27.73215,-19.23168,-0.4561674
06.12.2023 14:47:06,0.006194035,0.8215984,-0.02561011,0.5694575,-2.816473,-20.52084,6.089417,-0.1108092,0.7996909,0.1627224,0.5672189,27.70343,-19.2121,-0.4578848
06.12.2023 14:47:06,0.006250259,0.8215857,-0.02556748,0.5694772,-2.816104,-20.51836,6.08139,-0.1109934,0.7996395,0.1627131,0.5672581,27.715,-19.20834,-0.4404613
06.12.2023 14:47:07,0.006463423,0.8214896,-0.0255066,0.5696161,-2.824115,-20.49949,6.0578,-0.1106027,0.799438,0.1630974,0.5675077,27.72498,-19.15604,-0.5142206
06.12.2023 14:47:07,0.006483643,0.8214667,-0.02540529,0.5696535,-2.815849,-20.49477,6.049377,-0.1097985,0.7994016,0.1632888,0.5676603,27.68866,-19.11979,-0.6110265
06.12.2023 14:47:07,0.006583966,0.8213789,-0.0254029,0.569779,-2.82202,-20.47738,6.040222,-0.1087987,0.7993753,0.1634124,0.5678542,27.63254,-19.07744,-0.7230071
06.12.2023 14:47:07,0.006553025,0.8213266,-0.025461,0.5698522,-2.825374,-20.46687,6.04718,-0.1080183,0.7993366,0.1631175,0.5681424,27.55133,-19.03542,-0.7855672
06.12.2023 14:47:07,0.006614614,0.8212876,-0.02545556,0.5699078,-2.828817,-20.4592,6.041229,-0.1078724,0.7992882,0.162649,0.5683725,27.4967,-19.01332,-0.7719991
06.12.2023 14:47:07,0.006588846,0.8212227,-0.02556856,0.5699967,-2.837656,-20.44625,6.051361,-0.1081877,0.7993382,0.1618131,0.5684808,27.43854,-19.02445,-0.6830233
06.12.2023 14:47:07,0.006635262,0.821086,-0.02561852,0.5701907,-2.845145,-20.41898,6.050934,-0.1079687,0.7993116,0.1614067,0.5686754,27.38489,-19.00504,-0.6800633
06.12.2023 14:47:07,0.006700209,0.8210282,-0.02554821,0.5702763,-2.842667,-20.40742,6.040497,-0.1075379,0.7993284,0.1613873,0.5687389,27.35379,-18.99199,-0.722263
06.12.2023 14:47:07,0.006874059,0.8209196,-0.0254957,0.570433,-2.848901,-20.38599,6.02124,-0.1067212,0.7995129,0.1614098,0.568627,27.30072,-19.00021,-0.7997626
06.12.2023 14:47:07,0.007023402,0.8208551,-0.02535317,0.5705303,-2.845142,-20.37322,5.998169,-0.105738,0.7995343,0.1616046,0.5687252,27.25247,-18.97054,-0.9122279
06.12.2023 14:47:07,0.007113544,0.8207077,-0.02513829,0.5707507,-2.83056,-20.34351,5.976349,-0.1051417,0.7996087,0.1612237,0.5688393,27.17578,-18.95889,-0.9452277
06.12.2023 14:47:07,0.00716181,0.8206643,-0.02494899,0.5708208,-2.81583,-20.3346,5.959656,-0.1046527,0.7995201,0.1610106,0.5691142,27.12207,-18.91945,-0.984862
06.12.2023 14:47:07,0.007134813,0.8205541,-0.02484124,0.5709844,-2.803736,-20.31219,5.955688,-0.1045038,0.7993399,0.1607271,0.5694748,27.08463,-18.87249,-0.9888728
06.12.2023 14:47:07,0.007207835,0.8204599,-0.02464578,0.5711272,-2.789971,-20.29317,5.936462,-0.1043504,0.79917,0.1605067,0.5698035,27.05292,-18.82842,-0.9969996
06.12.2023 14:47:07,0.007311284,0.820295,-0.02461726,0.5713639,-2.793797,-20.26033,5.925659,-0.1039938,0.798947,0.1606188,0.5701497,27.03888,-18.77025,-1.049788
06.12.2023 14:47:07,0.007356618,0.8201374,-0.02441231,0.5715982,-2.777238,-20.22852,5.908752,-0.1035532,0.7987622,0.1607243,0.570459,27.01855,-18.71698,-1.109097
06.12.2023 14:47:07,0.00749901,0.8199995,-0.02424175,0.5718015,-2.770318,-20.20099,5.884827,-0.1031238,0.7987732,0.1611019,0.5704149,27.02521,-18.7086,-1.177179
06.12.2023 14:47:07,0.007491239,0.8198804,-0.02418685,0.5719746,-2.764462,-20.177,5.882538,-0.1027329,0.7987408,0.16138,0.5704522,27.02493,-18.69131,-1.236546
06.12.2023 14:47:07,0.007342267,0.8197609,-0.0242102,0.572147,-2.756696,-20.15263,5.898651,-0.1027471,0.7988089,0.1612527,0.5703902,27.01392,-18.70439,-1.223969
06.12.2023 14:47:07,0.007231799,0.8196072,-0.02422686,0.5723678,-2.750767,-20.12154,5.910889,-0.1025545,0.798775,0.1612475,0.5704738,27.00021,-18.69028,-1.244605
06.12.2023 14:47:07,0.00704097,0.8195454,-0.02435682,0.5724532,-2.750353,-20.10883,5.937653,-0.1023739,0.7986795,0.1610542,0.5706946,26.9693,-18.66133,-1.254134
06.12.2023 14:47:07,0.007012011,0.8194541,-0.02446355,0.5725796,-2.758332,-20.09064,5.947815,-0.1022496,0.7985904,0.1609938,0.5708586,26.95486,-18.63749,-1.266402
06.12.2023 14:47:07,0.007053832,0.8193707,-0.02437558,0.5727021,-2.752675,-20.07393,5.938507,-0.1020898,0.7984176,0.1607278,0.5712036,26.91827,-18.59231,-1.272112
06.12.2023 14:47:07,0.007144311,0.8193465,-0.02419256,0.5727434,-2.741382,-20.06904,5.918091,-0.1021076,0.7983514,0.160401,0.5713849,26.88831,-18.57495,-1.251454
06.12.2023 14:47:07,0.007263447,0.8193736,-0.02401142,0.5727108,-2.732231,-20.07451,5.894867,-0.1021455,0.7983873,0.1600538,0.5714253,26.85797,-18.57933,-1.223305
06.12.2023 14:47:07,0.007236807,0.8193922,-0.02385617,0.572691,-2.715922,-20.0779,5.887115,-0.1023775,0.7984372,0.1599447,0.5713446,26.86356,-18.59664,-1.190547
06.12.2023 14:47:07,0.007145904,0.8193918,-0.02369391,0.5726994,-2.694703,-20.07729,5.88501,-0.1021844,0.7984418,0.1602158,0.5712968,26.87613,-18.59416,-1.227827
06.12.2023 14:47:07,0.007126708,0.8193983,-0.02357373,0.5726954,-2.68216,-20.07834,5.878876,-0.101607,0.798356,0.1608792,0.5713332,26.89957,-18.56414,-1.333598
06.12.2023 14:47:07,0.007147223,0.8193963,-0.02352406,0.5727,-2.678837,-20.07792,5.873688,-0.1009335,0.7984148,0.1613161,0.5712473,26.8952,-18.55801,-1.428371
06.12.2023 14:47:07,0.007059076,0.8194028,-0.02341636,0.5726962,-2.662936,-20.0788,5.874878,-0.1005566,0.7983915,0.1614542,0.5713073,26.88254,-18.54156,-1.476649
06.12.2023 14:47:07,0.00696092,0.8193873,-0.02335554,0.5727222,-2.650749,-20.07531,5.880188,-0.1006082,0.798434,0.1612247,0.5713037,26.86435,-18.54929,-1.454583
06.12.2023 14:47:07,0.006975838,0.8193851,-0.02333277,0.572726,-2.649587,-20.07488,5.877289,-0.1008393,0.7985269,0.1605011,0.5713366,26.81158,-18.5676,-1.379712
06.12.2023 14:47:07,0.006934373,0.8193256,-0.02328479,0.5728136,-2.642264,-20.06278,5.878326,-0.1006493,0.7986418,0.1601556,0.5713066,26.76602,-18.58038,-1.371614
06.12.2023 14:47:07,0.006999623,0.819284,-0.02323379,0.5728744,-2.641695,-20.05455,5.869019,-0.1001783,0.7986978,0.1599607,0.5713658,26.71545,-18.57292,-1.404284
06.12.2023 14:47:07,0.006938847,0.8191909,-0.02335494,0.5730032,-2.648941,-20.03596,5.883118,-0.09980238,0.7986273,0.1597608,0.571586,26.67059,-18.54251,-1.432
06.12.2023 14:47:07,0.007009915,0.8191104,-0.02341297,0.5731152,-2.658939,-20.02013,5.880646,-0.09967576,0.7986099,0.1596775,0.5716558,26.65399,-18.53338,-1.440027
06.12.2023 14:47:07,0.007022528,0.819092,-0.023533,0.5731362,-2.671015,-20.01671,5.887421,-0.09975723,0.798529,0.1595839,0.5717806,26.65045,-18.51823,-1.428815
06.12.2023 14:47:07,0.006965954,0.8190404,-0.02358265,0.5732087,-2.671879,-20.00629,5.89624,-0.09983023,0.7984826,0.1593508,0.5718976,26.63318,-18.5082,-1.407894
06.12.2023 14:47:07,0.007047973,0.8190242,-0.02360246,0.57323,-2.679106,-20.00331,5.889923,-0.09976066,0.7984938,0.1592558,0.5719205,26.61945,-18.5069,-1.408223
06.12.2023 14:47:07,0.007055828,0.8189692,-0.02359363,0.5733089,-2.678708,-19.99232,5.888855,-0.09941683,0.7985762,0.1589683,0.5719453,26.56882,-18.5084,-1.420778
06.12.2023 14:47:07,0.007055455,0.8190023,-0.02346695,0.5732668,-2.666838,-19.99873,5.880402,-0.09926256,0.7987203,0.1583768,0.5719351,26.50244,-18.52554,-1.391668
06.12.2023 14:47:07,0.006924243,0.8189127,-0.02329409,0.5734034,-2.641837,-19.98018,5.881775,-0.0995669,0.798693,0.1575122,0.5721591,26.44107,-18.51965,-1.304927
06.12.2023 14:47:07,0.006843645,0.8189538,-0.02317688,0.5733505,-2.625592,-19.98797,5.88147,-0.1000887,0.7985625,0.1564312,0.5725465,26.37381,-18.4973,-1.185968
06.12.2023 14:47:07,0.006746692,0.8189279,-0.02317816,0.5733885,-2.619297,-19.98255,5.890778,-0.1004842,0.7984426,0.1557677,0.5728253,26.33762,-18.47801,-1.1069
06.12.2023 14:47:07,0.006761151,0.8188935,-0.02311964,0.5734399,-2.614699,-19.97561,5.885712,-0.1006132,0.7984098,0.1553999,0.5729483,26.31149,-18.47116,-1.070862
06.12.2023 14:47:07,0.006847702,0.8188223,-0.02308325,0.5735419,-2.616866,-19.96156,5.875519,-0.1007933,0.7984038,0.1551724,0.5729865,26.30219,-18.47344,-1.037878
06.12.2023 14:47:07,0.006945979,0.8187452,-0.02294362,0.5736564,-2.610105,-19.94621,5.857452,-0.1007043,0.7984773,0.1551472,0.5729067,26.29385,-18.48524,-1.042345
06.12.2023 14:47:07,0.007021737,0.8186633,-0.02277146,0.5737792,-2.598806,-19.92979,5.839386,-0.1004502,0.7984846,0.1550393,0.5729703,26.2663,-18.47654,-1.060633
06.12.2023 14:47:07,0.007118348,0.818576,-0.02266569,0.5739068,-2.595109,-19.91245,5.823761,-0.1000178,0.7986004,0.1548372,0.5729393,26.2178,-18.48296,-1.086481
06.12.2023 14:47:07,0.007119639,0.8184307,-0.02267671,0.5741135,-2.59602,-19.88345,5.825012,-0.100066,0.7984879,0.1540711,0.573294,26.14825,-18.45193,-1.035397
06.12.2023 14:47:07,0.007156218,0.8183789,-0.02254338,0.5741923,-2.585842,-19.87299,5.813049,-0.1005574,0.7983097,0.1528286,0.5737885,26.06375,-18.417,-0.9106138
06.12.2023 14:47:07,0.007124684,0.8183041,-0.02255351,0.5742988,-2.58461,-19.85799,5.817017,-0.1002788,0.7981707,0.1520382,0.5742405,25.96964,-18.36902,-0.8918263
06.12.2023 14:47:07,0.007097251,0.8181552,-0.02254678,0.5745115,-2.581959,-19.82819,5.819824,-0.09990332,0.7982116,0.1513111,0.5744411,25.87521,-18.35576,-0.8800277
06.12.2023 14:47:07,0.007080562,0.8180831,-0.02252675,0.574615,-2.578877,-19.81374,5.820374,-0.09903431,0.7980253,0.1514744,0.5748074,25.83096,-18.28942,-0.9854008
06.12.2023 14:47:07,0.007105459,0.8179632,-0.02256338,0.5747842,-2.583783,-19.78992,5.821014,-0.09791785,0.7979527,0.1518342,0.5750043,25.78851,-18.24076,-1.124238
06.12.2023 14:47:07,0.00706151,0.8178715,-0.02254201,0.5749158,-2.57875,-19.7715,5.824127,-0.09743065,0.7978319,0.1518108,0.5752609,25.75272,-18.19913,-1.176187
06.12.2023 14:47:07,0.007015399,0.8177409,-0.02262986,0.5750988,-2.583759,-19.74545,5.834839,-0.09791467,0.7976419,0.1514904,0.5755266,25.75516,-18.17254,-1.113494
06.12.2023 14:47:07,0.006924348,0.8176642,-0.02259259,0.5752103,-2.574146,-19.72987,5.841248,-0.09886049,0.7976122,0.1507867,0.5755909,25.7533,-18.1902,-0.9729296
06.12.2023 14:47:07,0.006832499,0.8175121,-0.02253606,0.5754297,-2.562563,-19.69923,5.846832,-0.09919427,0.7975127,0.1503757,0.5757789,25.73712,-18.17624,-0.9158856
06.12.2023 14:47:07,0.006804863,0.8173951,-0.02257033,0.575595,-2.563779,-19.6759,5.852203,-0.09865225,0.7974351,0.150486,0.5759505,25.71033,-18.14314,-0.9805645
06.12.2023 14:47:07,0.006717534,0.8172264,-0.02249372,0.5758384,-2.550582,-19.64195,5.856079,-0.09792557,0.7973188,0.1505645,0.576215,25.66776,-18.09556,-1.063088
06.12.2023 14:47:07,0.006587963,0.8170758,-0.02253156,0.5760522,-2.545343,-19.61168,5.871399,-0.09751581,0.7970783,0.1503665,0.5766688,25.62048,-18.03004,-1.10002
06.12.2023 14:47:07,0.006598224,0.8169097,-0.02243501,0.5762913,-2.536726,-19.57852,5.864777,-0.09759795,0.79681,0.1496155,0.5772206,25.55469,-17.96905,-1.051836
06.12.2023 14:47:07,0.006489094,0.8167237,-0.02244468,0.5765558,-2.530136,-19.54126,5.876465,-0.09745235,0.796572,0.1493079,0.5776533,25.51523,-17.91182,-1.054777
06.12.2023 14:47:07,0.006458064,0.8164846,-0.02232268,0.5768993,-2.516298,-19.49347,5.872345,-0.09692878,0.7963698,0.1488702,0.578133,25.43759,-17.84799,-1.085459
06.12.2023 14:47:07,0.006518404,0.8162684,-0.02240619,0.5772014,-2.527781,-19.45079,5.873169,-0.09648746,0.7963222,0.1484346,0.5783843,25.36609,-17.81874,-1.102255
06.12.2023 14:47:07,0.006656184,0.8160776,-0.02242797,0.5774685,-2.538656,-19.41332,5.862549,-0.09586164,0.7964486,0.1480696,0.5784078,25.28891,-17.81995,-1.135751
06.12.2023 14:47:07,0.006704573,0.8158395,-0.022427,0.5778045,-2.541416,-19.36618,5.859009,-0.09514008,0.7964884,0.1477966,0.5785421,25.21362,-17.80147,-1.188062
06.12.2023 14:47:07,0.00682644,0.8156387,-0.02236995,0.5780888,-2.543861,-19.32658,5.844696,-0.0947712,0.7964637,0.147321,0.5787578,25.1434,-17.77917,-1.193972
06.12.2023 14:47:07,0.006776894,0.8153592,-0.02239221,0.5784826,-2.542246,-19.27106,5.852051,-0.09413207,0.7962925,0.1471039,0.5791528,25.07861,-17.72115,-1.249326
06.12.2023 14:47:07,0.006737934,0.8151143,-0.02238123,0.5788285,-2.538274,-19.22243,5.856049,-0.09364698,0.7960844,0.1467368,0.5796104,25.01019,-17.65912,-1.280528
06.12.2023 14:47:07,0.00674365,0.8147945,-0.02239592,0.579278,-2.539552,-19.15915,5.85788,-0.09314495,0.7957687,0.146437,0.5802004,24.94669,-17.57549,-1.321678
06.12.2023 14:47:07,0.006775633,0.8145305,-0.0224391,0.5796471,-2.545321,-19.10707,5.858917,-0.09258115,0.7954885,0.1461091,0.5807573,24.87631,-17.49705,-1.365669
06.12.2023 14:47:07,0.006861217,0.8142077,-0.02253722,0.5800956,-2.559697,-19.04362,5.858856,-0.09190137,0.7952978,0.1458447,0.5811927,24.80408,-17.4341,-1.422089
06.12.2023 14:47:07,0.006871866,0.8138257,-0.02253432,0.5806313,-2.559569,-18.9682,5.859375,-0.09134271,0.7952015,0.1455491,0.5814865,24.73746,-17.394,-1.460958
06.12.2023 14:47:07,0.00696225,0.8134377,-0.0226387,0.5811697,-2.574756,-18.89201,5.859589,-0.09141437,0.7951332,0.1447432,0.5817698,24.6665,-17.37383,-1.402088
06.12.2023 14:47:07,0.007071549,0.8130183,-0.02264921,0.5817546,-2.582408,-18.80963,5.851959,-0.09185173,0.795142,0.1437329,0.5819393,24.60175,-17.37862,-1.290559
06.12.2023 14:47:07,0.007190854,0.812588,-0.0226193,0.582355,-2.586959,-18.72518,5.840759,-0.09162515,0.7950572,0.1433524,0.5821847,24.55017,-17.3504,-1.290351
06.12.2023 14:47:07,0.007375752,0.812165,-0.02261864,0.5829426,-2.598648,-18.64245,5.825378,-0.09112062,0.7948059,0.142581,0.5827962,24.44232,-17.27588,-1.29704
06.12.2023 14:47:07,0.007457528,0.8117549,-0.0225915,0.5835136,-2.601013,-18.56202,5.81778,-0.09095015,0.7943581,0.1415805,0.5836765,24.33569,-17.1698,-1.261909
06.12.2023 14:47:07,0.00764271,0.8113463,-0.02258323,0.5840795,-2.612077,-18.48231,5.801788,-0.09072824,0.7935876,0.1408355,0.5849381,24.24884,-16.99992,-1.259901
06.12.2023 14:47:07,0.007755077,0.8108745,-0.02267988,0.5847291,-2.62795,-18.3902,5.799927,-0.09001907,0.7931013,0.1404616,0.5857965,24.16357,-16.87675,-1.320946
06.12.2023 14:47:07,0.008011949,0.8103627,-0.02271327,0.5854334,-2.6476,-18.29073,5.780609,-0.08934341,0.7925637,0.1404107,0.5866392,24.11066,-16.74782,-1.402094
06.12.2023 14:47:07,0.008242438,0.8098829,-0.02264249,0.5860966,-2.655881,-18.1974,5.756592,-0.08895972,0.7921895,0.1401064,0.5872753,24.05463,-16.65827,-1.43169
06.12.2023 14:47:07,0.00833643,0.8093777,-0.0225567,0.586796,-2.653591,-18.09879,5.744385,-0.08863518,0.7918038,0.139575,0.5879706,23.98145,-16.56618,-1.440308
06.12.2023 14:47:07,0.008475493,0.8088395,-0.02252973,0.5875367,-2.659777,-17.99409,5.732086,-0.08834626,0.7914873,0.1392195,0.5885243,23.92734,-16.49086,-1.454963
06.12.2023 14:47:07,0.008512203,0.8082691,-0.02251173,0.5883212,-2.659874,-17.88297,5.730072,-0.08790665,0.7911088,0.1389651,0.5891588,23.87201,-16.39985,-1.493203
06.12.2023 14:47:07,0.008374895,0.807752,-0.02257267,0.5890307,-2.6556,-17.78191,5.749237,-0.08744772,0.7907034,0.1387006,0.5898333,23.81427,-16.30299,-1.533412
06.12.2023 14:47:07,0.008228106,0.8072327,-0.02281608,0.5897347,-2.667542,-17.6808,5.781647,-0.08705337,0.7902366,0.1383141,0.5906074,23.74945,-16.19485,-1.560848
06.12.2023 14:47:07,0.00820136,0.8066319,-0.0229261,0.5905523,-2.67511,-17.56416,5.794281,-0.08678799,0.7897368,0.1377332,0.5914502,23.67548,-16.08234,-1.563322
06.12.2023 14:47:08,0.008276441,0.8061308,-0.02294737,0.5912344,-2.681493,-17.46717,5.791046,-0.08639246,0.7892389,0.1370054,0.592341,23.57874,-15.96545,-1.568118
06.12.2023 14:47:08,0.008503801,0.8055435,-0.02280912,0.5920364,-2.683374,-17.35387,5.763306,-0.08609473,0.788668,0.1360716,0.5933591,23.46957,-15.83537,-1.551347
06.12.2023 14:47:08,0.008878727,0.8050107,-0.02270985,0.592759,-2.699013,-17.25178,5.724365,-0.08569556,0.7882137,0.1351123,0.5942392,23.35129,-15.72572,-1.53862
06.12.2023 14:47:08,0.009114448,0.8044933,-0.0225558,0.5934634,-2.700213,-17.15229,5.694458,-0.08533891,0.7876791,0.1337446,0.5953079,23.198,-15.59829,-1.49586
06.12.2023 14:47:08,0.009354411,0.8039955,-0.02226387,0.5941448,-2.689067,-17.05656,5.654724,-0.08493554,0.7872033,0.1322267,0.5963331,23.0278,-15.48044,-1.444994
06.12.2023 14:47:08,0.009476543,0.8035534,-0.02217863,0.5947439,-2.689056,-16.97157,5.639648,-0.08446419,0.7867166,0.131026,0.5973065,22.88229,-15.36175,-1.42257
06.12.2023 14:47:08,0.009467094,0.8030807,-0.0220462,0.595387,-2.675707,-16.88029,5.633606,-0.08494308,0.7857878,0.127486,0.5992242,22.58701,-15.16396,-1.159565
06.12.2023 14:47:08,0.009467667,0.8025846,-0.02214636,0.5960518,-2.684435,-16.78496,5.642639,-0.08584749,0.7847812,0.1240585,0.6011308,22.33325,-14.96501,-0.8648092
06.12.2023 14:47:08,0.009547729,0.8021317,-0.02209357,0.596662,-2.68457,-16.69805,5.633698,-0.08650856,0.7837771,0.1202306,0.6031206,22.02676,-14.75855,-0.5644909
06.12.2023 14:47:08,0.00969769,0.8016563,-0.02212238,0.5972971,-2.696985,-16.60728,5.624023,-0.08620128,0.7829337,0.1171575,0.6048623,21.72229,-14.56426,-0.4037383
06.12.2023 14:47:08,0.00981994,0.8012006,-0.02210771,0.5979068,-2.703545,-16.52023,5.613831,-0.0861941,0.782124,0.1136078,0.6065854,21.39627,-14.38264,-0.1789788
06.12.2023 14:47:08,0.01008172,0.800604,-0.0221767,0.5986984,-2.72724,-16.40688,5.597229,-0.08543848,0.7813466,0.1094681,0.6084527,20.96414,-14.18507,5.017975
06.12.2023 14:47:08,0.0102005,0.8000326,-0.02212027,0.5994619,-2.729658,-16.29784,5.585022,-0.08535399,0.7806351,0.106063,0.6099788,20.64767,-14.02435,5.230164
06.12.2023 14:47:08,0.01036866,0.7995476,-0.02224852,0.600101,-2.752516,-16.20589,5.580627,-0.08525045,0.7796891,0.1030451,0.6117181,20.36606,-13.82197,5.408142
06.12.2023 14:47:08,0.01051631,0.7989652,-0.02227507,0.6008726,-2.764559,-16.09523,5.571594,-0.08476886,0.7786381,0.1006649,0.6135173,20.11621,-13.59512,5.503845
06.12.2023 14:47:08,0.01067695,0.7983661,-0.02235545,0.6016626,-2.782432,-15.98164,5.565186,-0.08380111,0.7776382,0.09847031,0.6152722,19.84882,-13.36823,5.543091
06.12.2023 14:47:08,0.0108417,0.7978289,-0.02246599,0.6023678,-2.803421,-15.88004,5.560242,-0.08296488,0.7767609,0.09591474,0.6168953,19.55841,-13.1673,5.624481
06.12.2023 14:47:08,0.01095639,0.7973674,-0.02245571,0.6029769,-2.809983,-15.79264,5.551178,-0.08254508,0.7761734,0.09494422,0.6178405,19.44116,-13.04092,5.640045
06.12.2023 14:47:08,0.0111478,0.7966375,-0.0225399,0.603934,-2.830264,-15.65477,5.542908,-0.08224077,0.7753857,0.09241384,0.6192521,19.19177,-12.87189,5.773132
06.12.2023 14:47:08,0.01127669,0.7960843,-0.02255325,0.6046603,-2.839922,-15.55029,5.534637,-0.08235934,0.7748053,0.09008824,0.6203046,18.99149,-12.75381,5.936584
06.12.2023 14:47:08,0.01127253,0.7955126,-0.02257621,0.6054115,-2.841222,-15.44195,5.539307,-0.08203924,0.7741576,0.08811405,0.6214383,18.79172,-12.61492,6.032959
06.12.2023 14:47:08,0.01116842,0.7949425,-0.0225714,0.606162,-2.833037,-15.33366,5.551147,-0.08109822,0.7736446,0.08613192,0.6224777,18.54651,-12.48717,6.075745
06.12.2023 14:47:08,0.01115488,0.7944244,-0.02254714,0.606842,-2.829413,-15.23563,5.553101,-0.07939859,0.7731379,0.08515325,0.6234602,18.33676,-12.34866,5.977081
06.12.2023 14:47:08,0.01119961,0.794018,-0.02263992,0.6073694,-2.840605,-15.15916,5.557404,-0.07821111,0.7726536,0.08405364,0.6243593,18.15302,-12.2265,5.935638
06.12.2023 14:47:08,0.01128361,0.7935377,-0.02247578,0.6080012,-2.831086,-15.06865,5.540558,-0.07755979,0.7717789,0.08210512,0.62578,17.93262,-12.04079,5.996979
06.12.2023 14:47:08,0.01133644,0.7930306,-0.02247707,0.6086616,-2.83444,-14.97324,5.538177,-0.07749065,0.7709351,0.07982581,0.6271222,17.7251,-11.87309,6.137207
06.12.2023 14:47:08,0.01142445,0.7925504,-0.0223217,0.6092907,-2.826043,-14.88298,5.521576,-0.07804053,0.7699198,0.0768913,0.628666,17.50491,-11.68543,6.378845
06.12.2023 14:47:08,0.0114157,0.7920946,-0.02218028,0.6098884,-2.812195,-14.79706,5.514587,-0.07923111,0.7687103,0.07392272,0.6303511,17.32971,-11.47705,6.678589
06.12.2023 14:47:08,0.0114116,0.7915881,-0.02218243,0.6105457,-2.811675,-14.70186,5.517456,-0.07969799,0.7678266,0.07068025,0.6317396,17.07764,-11.31255,6.938934
06.12.2023 14:47:08,0.01144635,0.7912199,-0.02219868,0.6110214,-2.815273,-14.6329,5.51712,-0.07989866,0.7667826,0.06797051,0.6332778,16.85486,-11.11569,7.133942
06.12.2023 14:47:08,0.01127998,0.7907648,-0.02216291,0.6116148,-2.799973,-14.54688,5.53183,-0.08014102,0.7658699,0.06574955,0.6345847,16.67874,-10.94634,7.300415
06.12.2023 14:47:08,0.01114593,0.7902932,-0.02206402,0.6122299,-2.781189,-14.45795,5.539185,-0.07927185,0.7652844,0.06420024,0.6355582,16.48004,-10.81522,7.323181
06.12.2023 14:47:08,0.01104704,0.789888,-0.02199518,0.612757,-2.767646,-14.38166,5.545166,-0.07794166,0.764727,0.06314317,0.6364988,16.29111,-10.68166,7.269135
06.12.2023 14:47:08,0.01101494,0.789498,-0.02195562,0.6132614,-2.76146,-14.30856,5.547058,-0.07617369,0.7642615,0.06383519,0.6372025,16.22427,-10.56216,7.049652
06.12.2023 14:47:08,0.01101101,0.7890362,-0.0219962,0.6138542,-2.764443,-14.22229,5.552338,-0.07601355,0.7636396,0.06366435,0.6379839,16.1994,-10.44546,7.03656
06.12.2023 14:47:08,0.01099475,0.7886607,-0.02206112,0.6143345,-2.76883,-14.15221,5.560059,-0.07639799,0.762981,0.06314389,0.6387772,16.18384,-10.33244,7.097839
06.12.2023 14:47:08,0.01099254,0.7883162,-0.02208085,0.6147757,-2.770143,-14.08795,5.563232,-0.07706285,0.7623867,0.06275375,0.6394449,16.20035,-10.23753,7.176117
06.12.2023 14:47:08,0.01098324,0.7878808,-0.02213972,0.6153317,-2.774405,-14.00681,5.57016,-0.07751844,0.7617018,0.06362065,0.6401202,16.31262,-10.12597,7.141541
06.12.2023 14:47:08,0.01102826,0.7874864,-0.0221099,0.6158364,-2.774527,-13.93349,5.565765,-0.07687384,0.7612097,0.0656044,0.6405828,16.44141,-10.0298,6.928528
06.12.2023 14:47:08,0.01098177,0.7870926,-0.02219583,0.6163375,-2.778634,-13.86013,5.57782,-0.07581291,0.7610181,0.06708735,0.6407833,16.4942,-9.977829,6.720001
06.12.2023 14:47:08,0.01099129,0.7866922,-0.02207179,0.6168529,-2.767742,-13.78557,5.570007,-0.07541016,0.7608735,0.06792679,0.6409141,16.53873,-9.94606,6.619141
06.12.2023 14:47:08,0.01096443,0.7862937,-0.02217876,0.6173574,-2.775117,-13.71156,5.581787,-0.07530361,0.760641,0.06816033,0.6411777,16.552,-9.902634,6.588074
06.12.2023 14:47:08,0.01086181,0.7859267,-0.02224867,0.6178238,-2.773799,-13.64314,5.597626,-0.07466542,0.7604434,0.06846362,0.6414543,16.53195,-9.854881,6.504486
06.12.2023 14:47:08,0.01082216,0.7855105,-0.02236037,0.6183496,-2.780645,-13.56592,5.610992,-0.07428746,0.7602654,0.06857333,0.6416976,16.51404,-9.815414,6.459015
06.12.2023 14:47:08,0.01076576,0.7850882,-0.02232639,0.6188878,-2.773165,-13.48743,5.61557,-0.07471774,0.760038,0.06775609,0.6420037,16.47455,-9.780624,6.554016
06.12.2023 14:47:08,0.01074476,0.7846826,-0.02238929,0.6194001,-2.77693,-13.41231,5.623749,-0.07585483,0.7595964,0.06698811,0.6424733,16.49237,-9.721947,6.705292
06.12.2023 14:47:08,0.01078101,0.7843207,-0.02253133,0.6198526,-2.791916,-13.3456,5.632202,-0.07638751,0.7590781,0.06668494,0.6430541,16.50659,-9.63868,6.766357
06.12.2023 14:47:08,0.01078992,0.783927,-0.02253572,0.6203501,-2.792543,-13.27285,5.633484,-0.07620643,0.7586931,0.06709526,0.6434871,16.53024,-9.56691,6.712708
06.12.2023 14:47:08,0.0107253,0.7835468,-0.02257355,0.62083,-2.790952,-13.20242,5.643707,-0.07510932,0.7585216,0.06794647,0.6437289,16.52396,-9.516151,6.54776
06.12.2023 14:47:08,0.01064375,0.7831805,-0.02269495,0.621289,-2.795664,-13.13466,5.661316,-0.07424927,0.7587159,0.06787982,0.6436068,16.4538,-9.53347,6.47876
06.12.2023 14:47:08,0.01061146,0.7828189,-0.02272988,0.6217438,-2.796111,-13.06788,5.668335,-0.07421476,0.7585905,0.06765237,0.6437824,16.43155,-9.50956,6.490234
06.12.2023 14:47:08,0.010572,0.7824536,-0.02278951,0.622202,-2.798253,-13.00047,5.677795,-0.07504258,0.7584583,0.06688407,0.6439225,16.42593,-9.500237,6.619232
06.12.2023 14:47:08,0.01045249,0.7820872,-0.0227709,0.6226652,-2.787649,-12.93256,5.688812,-0.07505949,0.7583103,0.06665108,0.644119,16.4071,-9.473305,6.635345
06.12.2023 14:47:08,0.01051121,0.7817267,-0.02273647,0.6231179,-2.78836,-12.86637,5.682709,-0.07424094,0.7582197,0.06671602,0.6443138,16.3522,-9.440697,6.555237
06.12.2023 14:47:08,0.01063899,0.7813918,-0.02272478,0.6235361,-2.796084,-12.80518,5.671936,-0.07351591,0.7581872,0.06676092,0.6444304,16.30234,-9.420517,6.486145
06.12.2023 14:47:08,0.01065656,0.7809688,-0.02262902,0.6240689,-2.788311,-12.7274,5.665405,-0.07336637,0.7581584,0.06619965,0.6445392,16.24207,-9.410751,6.513763
06.12.2023 14:47:08,0.01074764,0.7805849,-0.02267571,0.6245459,-2.798603,-12.65723,5.662292,-0.07408143,0.7578223,0.06525172,0.6449493,16.21295,-9.361946,6.642334
06.12.2023 14:47:08,0.01075647,0.7801706,-0.02270339,0.6250622,-2.801273,-12.58126,5.665344,-0.07408991,0.7575176,0.06477825,0.6453539,16.17285,-9.306114,6.672821
06.12.2023 14:47:08,0.01069683,0.7797138,-0.02260055,0.6256367,-2.787311,-12.4972,5.665344,-0.07373542,0.7571357,0.06462795,0.6458575,16.13431,-9.230232,6.645477
06.12.2023 14:47:08,0.01062362,0.7793674,-0.0225903,0.6260697,-2.78077,-12.4335,5.672699,-0.07319225,0.756821,0.06489502,0.6462613,16.11801,-9.163895,6.571442
06.12.2023 14:47:08,0.01062692,0.778944,-0.02260013,0.626596,-2.78143,-12.35601,5.674988,-0.07225785,0.7563528,0.06511152,0.6468923,16.06839,-9.062492,6.46347
06.12.2023 14:47:08,0.01053988,0.7784811,-0.02259203,0.6271729,-2.773947,-12.27105,5.684235,-0.07202899,0.7559971,0.06505364,0.6473395,16.04706,-8.994301,6.441132
06.12.2023 14:47:08,0.01047007,0.7780439,-0.0224935,0.6277199,-2.759653,-12.19085,5.685303,-0.07205873,0.7555973,0.06492957,0.6478152,16.03934,-8.923149,6.446136
06.12.2023 14:47:08,0.01055757,0.7775964,-0.02232911,0.6282784,-2.750811,-12.10928,5.667633,-0.07191149,0.7553417,0.06484699,0.6481377,16.02167,-8.874474,6.434692
06.12.2023 14:47:08,0.01060638,0.7771918,-0.02220195,0.6287826,-2.742568,-12.03551,5.655884,-0.07114666,0.7552109,0.0649484,0.6483644,15.97363,-8.836754,6.356537
06.12.2023 14:47:08,0.01067656,0.7767566,-0.02201563,0.6293254,-2.730584,-11.95626,5.638092,-0.07051378,0.7550824,0.06504022,0.648574,15.9346,-8.802063,6.290955
06.12.2023 14:47:08,0.01069386,0.7763409,-0.02189749,0.629842,-2.720895,-11.88049,5.629822,-0.0702653,0.7548738,0.06493759,0.6488541,15.90744,-8.759911,6.272888
06.12.2023 14:47:08,0.01053171,0.7759649,-0.0219091,0.6303076,-2.709829,-11.81157,5.646729,-0.07019892,0.7544213,0.06481199,0.6493998,15.89243,-8.677742,6.268646
06.12.2023 14:47:08,0.01032706,0.7756488,-0.0219817,0.6306974,-2.701159,-11.75351,5.671539,-0.0701152,0.7540428,0.06474824,0.6498547,15.88132,-8.608643,6.259521
06.12.2023 14:47:08,0.01013961,0.7754132,-0.02223541,0.6309811,-2.709901,-11.71033,5.707581,-0.0703033,0.7535642,0.06458085,0.6504059,15.88177,-8.526634,6.280701
06.12.2023 14:47:08,0.01002059,0.7752204,-0.02254161,0.6312091,-2.728287,-11.6752,5.74115,-0.07030557,0.7531731,0.06455501,0.6508611,15.88046,-8.457092,6.276215
06.12.2023 14:47:08,0.00999731,0.7751043,-0.02265617,0.6313478,-2.736647,-11.65415,5.752014,-0.06996588,0.7528294,0.06465448,0.6512853,15.86426,-8.389969,6.232727
06.12.2023 14:47:08,0.0100827,0.7749739,-0.02270855,0.6315047,-2.747332,-11.63078,5.748779,-0.06923795,0.7529395,0.06462486,0.6512387,15.80682,-8.395943,6.172028
06.12.2023 14:47:08,0.01022234,0.7748494,-0.02255078,0.6316608,-2.743282,-11.60847,5.725494,-0.0688244,0.7529697,0.06443793,0.6512662,15.75943,-8.393257,6.14975
06.12.2023 14:47:08,0.01031085,0.7748393,-0.02255585,0.6316716,-2.750134,-11.60692,5.718018,-0.06886932,0.7531889,0.06412576,0.6510388,15.73523,-8.43222,6.180786
06.12.2023 14:47:08,0.01027869,0.774818,-0.02242366,0.6317029,-2.736035,-11.60284,5.711395,-0.06899385,0.7532876,0.06363773,0.6509594,15.7019,-8.450829,6.230042
06.12.2023 14:47:08,0.01003231,0.7747436,-0.02250098,0.6317955,-2.724966,-11.58863,5.739227,-0.06932686,0.7534287,0.06333503,0.6507901,15.70029,-8.481285,6.284668
06.12.2023 14:47:08,0.00971573,0.774746,-0.022342,0.6318031,-2.687907,-11.58798,5.755829,-0.069415,0.7534561,0.06347305,0.6507356,15.71884,-8.488121,6.282654
06.12.2023 14:47:08,0.009337364,0.7748315,-0.0223981,0.6317019,-2.665581,-11.60245,5.793182,-0.068591,0.7532526,0.064648,0.6509428,15.7597,-8.439705,6.117981
06.12.2023 14:47:08,0.009078922,0.7749144,-0.02224821,0.6316092,-2.633644,-11.61664,5.804932,-0.06792461,0.753099,0.06517539,0.6511378,15.7558,-8.401604,6.016663
06.12.2023 14:47:08,0.008759337,0.7751465,-0.02225882,0.6313286,-2.611743,-11.65788,5.83316,-0.06800836,0.7530476,0.06492978,0.651213,15.74081,-8.393394,6.041656
06.12.2023 14:47:08,0.008634148,0.7753909,-0.02230634,0.6310285,-2.60723,-11.70197,5.84671,-0.06764279,0.7529747,0.06459105,0.651369,15.68396,-8.373024,6.033325
06.12.2023 14:47:08,0.00859314,0.775701,-0.02243808,0.6306431,-2.616398,-11.75834,5.858612,-0.06731568,0.7530439,0.06441712,0.6513402,15.64413,-8.378983,6.018433
06.12.2023 14:47:08,0.008657485,0.7760442,-0.022826,0.6302058,-2.656036,-11.82127,5.879486,-0.06664498,0.7529767,0.0641824,0.65151,15.57343,-8.35453,5.975342
06.12.2023 14:47:08,0.008780501,0.7764575,-0.02311757,0.6296842,-2.691457,-11.89707,5.887848,-0.06647333,0.75302,0.06392603,0.6515027,15.53815,-8.358559,5.980042
06.12.2023 14:47:08,0.008988606,0.7767887,-0.02346867,0.6292598,-2.738218,-11.95827,5.893219,-0.06620215,0.7530401,0.06378886,0.6515206,15.5058,-8.356995,5.966583
06.12.2023 14:47:08,0.009207991,0.7772671,-0.0238118,0.6286526,-2.7853,-12.04644,5.896332,-0.06578366,0.7533242,0.06395718,0.6512179,15.48862,-8.400436,5.921448
06.12.2023 14:47:08,0.009516594,0.7776315,-0.02406622,0.6281876,-2.830745,-12.11406,5.885498,-0.0654131,0.7535668,0.0643881,0.650932,15.49796,-8.438034,5.860229
06.12.2023 14:47:08,0.009960029,0.7780476,-0.02439236,0.6276526,-2.892357,-12.19172,5.867523,-0.06518152,0.7537595,0.0648066,0.6506905,15.51675,-8.469223,5.811462
06.12.2023 14:47:08,0.01033426,0.7783343,-0.02472391,0.6272781,-2.949276,-12.24561,5.856628,-0.06507207,0.7538599,0.06509318,0.6505565,15.53339,-8.48584,5.781921
06.12.2023 14:47:09,0.01071372,0.7786651,-0.02511608,0.6268454,-3.012035,-12.30776,5.849365,-0.06500501,0.7538887,0.06541795,0.6504973,15.55661,-8.49057,5.752136
06.12.2023 14:47:09,0.01101894,0.7787971,-0.02557246,0.6266576,-3.07492,-12.33341,5.854248,-0.06490536,0.7539225,0.06561981,0.6504478,15.56668,-8.495316,5.728729
06.12.2023 14:47:09,0.01131885,0.7789671,-0.02617771,0.6264159,-3.15078,-12.36622,5.870087,-0.0644861,0.7537014,0.06562079,0.6507455,15.53552,-8.448799,5.687805
06.12.2023 14:47:09,0.01163504,0.7790737,-0.02665885,0.6262572,-3.21664,-12.38739,5.875824,-0.06397583,0.7535599,0.06547946,0.650974,15.48502,-8.414543,5.650787
06.12.2023 14:47:09,0.01196132,0.7790848,-0.02713512,0.6262169,-3.28266,-12.39114,5.880798,-0.06320032,0.7533392,0.06509175,0.6513439,15.39322,-8.361275,5.607483
06.12.2023 14:47:09,0.01236622,0.7791215,-0.02734515,0.6261543,-3.33057,-12.39962,5.859497,-0.06256555,0.7530738,0.06465138,0.6517559,15.3074,-8.302498,5.579987
06.12.2023 14:47:09,0.01273899,0.7790526,-0.02758128,0.6262221,-3.378364,-12.38874,5.843475,-0.06218334,0.7528552,0.06410459,0.6520988,15.23129,-8.256149,5.583679
06.12.2023 14:47:09,0.0130338,0.7790233,-0.02776688,0.6262442,-3.416094,-12.38477,5.830597,-0.06228212,0.7526401,0.06378616,0.6523689,15.21124,-8.218979,5.612915
06.12.2023 14:47:09,0.01325471,0.7789946,-0.02800847,0.6262646,-3.45352,-12.38066,5.828339,-0.06220222,0.7524747,0.06357796,0.6525877,15.18729,-8.187881,5.618866
06.12.2023 14:47:09,0.01329843,0.7789618,-0.02802973,0.6263035,-3.458519,-12.37487,5.826141,-0.06191317,0.7522689,0.06387294,0.6528236,15.19135,-8.147346,5.567902
06.12.2023 14:47:09,0.0133685,0.7789166,-0.02815442,0.6263525,-3.474636,-12.36703,5.829102,-0.06108827,0.7521677,0.06447427,0.6529588,15.18152,-8.117264,5.448181
06.12.2023 14:47:09,0.01334888,0.7789485,-0.02820154,0.6263112,-3.47748,-12.37285,5.834045,-0.06015641,0.7521858,0.06519334,0.652953,15.17374,-8.106979,5.312073
06.12.2023 14:47:09,0.01319512,0.7790002,-0.02817675,0.6262514,-3.464283,-12.38165,5.845734,-0.05950615,0.7522404,0.0656063,0.6529084,15.16058,-8.107147,5.224457
06.12.2023 14:47:09,0.01313015,0.7790707,-0.02808287,0.6261692,-3.45132,-12.3942,5.844421,-0.05926093,0.7524199,0.06567105,0.6527172,15.14767,-8.13517,5.200745
06.12.2023 14:47:09,0.0131303,0.7791657,-0.02806893,0.6260515,-3.450212,-12.41158,5.842865,-0.05983597,0.7525594,0.06511199,0.65256,15.14236,-8.167763,5.295746
06.12.2023 14:47:09,0.01309065,0.7793303,-0.02787954,0.625856,-3.430655,-12.44135,5.831909,-0.06038258,0.7526097,0.06471362,0.6524913,15.14886,-8.184555,5.374786
06.12.2023 14:47:09,0.0130677,0.7794607,-0.02774435,0.6257001,-3.417094,-12.46499,5.823547,-0.06042175,0.7526466,0.06477948,0.6524385,15.15753,-8.191879,5.373871
06.12.2023 14:47:09,0.01294569,0.7796566,-0.02761161,0.6254644,-3.396723,-12.50027,5.823883,-0.05990903,0.7527193,0.06529042,0.652351,15.1633,-8.197639,5.291321
06.12.2023 14:47:09,0.013013,0.7797574,-0.02737015,0.6253479,-3.380088,-12.51875,5.799988,-0.05924071,0.7527999,0.06589158,0.6522585,15.16519,-8.202606,5.188385
06.12.2023 14:47:09,0.0129801,0.7799969,-0.02712996,0.6250603,-3.356545,-12.56225,5.784424,-0.05904159,0.7529178,0.06604709,0.6521248,15.1637,-8.220673,5.16095
06.12.2023 14:47:09,0.01295787,0.7800302,-0.02695438,0.6250269,-3.339283,-12.56806,5.773651,-0.05925145,0.7529765,0.06577925,0.652065,15.15619,-8.233795,5.200531
06.12.2023 14:47:09,0.01296516,0.7802278,-0.02661691,0.6247944,-3.309849,-12.60397,5.747742,-0.05953222,0.7531181,0.06547327,0.6519067,15.15067,-8.262665,5.250549
06.12.2023 14:47:09,0.0128538,0.7802568,-0.0264066,0.6247694,-3.283079,-12.60861,5.742493,-0.05937162,0.753159,0.06550937,0.6518704,15.14169,-8.267426,5.234283
06.12.2023 14:47:09,0.01283347,0.7803809,-0.02610265,0.6246276,-3.254563,-12.63097,5.721893,-0.05831043,0.7532219,0.06603955,0.6518401,15.10794,-8.263,5.101685
06.12.2023 14:47:09,0.01273456,0.7804236,-0.02573459,0.6245915,-3.214579,-12.63802,5.704163,-0.05763316,0.7532736,0.06629274,0.6518149,15.07898,-8.262184,5.023621
06.12.2023 14:47:09,0.01259814,0.7804261,-0.02564733,0.6245947,-3.196996,-12.63785,5.710144,-0.05729052,0.7533361,0.06602226,0.6518003,15.02966,-8.267357,5.014618
06.12.2023 14:47:09,0.01253445,0.7803679,-0.02542187,0.624678,-3.172186,-12.62666,5.699982,-0.05728846,0.7533028,0.06555478,0.6518861,14.98883,-8.260384,5.049011
06.12.2023 14:47:09,0.01245046,0.7803609,-0.02528093,0.6246941,-3.153545,-12.6249,5.697449,-0.05683986,0.7530965,0.0653589,0.6521834,14.93805,-8.216537,5.020935
06.12.2023 14:47:09,0.01218278,0.780242,-0.02514224,0.6248536,-3.121814,-12.6019,5.712067,-0.05643244,0.7529066,0.06533884,0.65244,14.90561,-8.176674,-0.01643902
06.12.2023 14:47:09,0.01209358,0.7802012,-0.02503855,0.6249104,-3.106094,-12.59398,5.71283,-0.05618677,0.7524293,0.06507421,0.653038,14.86411,-8.087982,-0.02551311
06.12.2023 14:47:09,0.01200417,0.7801083,-0.02499368,0.6250299,-3.095563,-12.57655,5.718079,-0.05610615,0.7519052,0.06478196,0.6536773,14.83261,-7.993538,-0.01860726
06.12.2023 14:47:09,0.01203541,0.7800184,-0.0249928,0.6251414,-3.097621,-12.56017,5.715668,-0.0564427,0.7513307,0.0641498,0.654371,14.80319,-7.895851,5.049927
06.12.2023 14:47:09,0.01206394,0.7799186,-0.02499762,0.6252652,-3.099984,-12.54198,5.713959,-0.05658834,0.7510155,0.06349888,0.6547835,14.75778,-7.841125,5.107056
06.12.2023 14:47:09,0.01211632,0.7797936,-0.02500371,0.6254199,-3.104145,-12.51926,5.710327,-0.05615316,0.7509636,0.06327295,0.6549024,14.70532,-7.824974,5.085022
06.12.2023 14:47:09,0.01219279,0.7797222,-0.02487912,0.6255123,-3.098409,-12.50632,5.694916,-0.05540579,0.7510986,0.06322873,0.6548154,14.64502,-7.837585,5.024658
06.12.2023 14:47:09,0.01231781,0.7795922,-0.0249183,0.6256704,-3.110741,-12.48299,5.687164,-0.05498157,0.7514178,0.06318018,0.6544896,14.60873,-7.887497,-0.004258172
06.12.2023 14:47:09,0.0123745,0.7794955,-0.02485465,0.6257923,-3.109015,-12.46542,5.678009,-0.05464065,0.7516051,0.06317243,0.6543038,14.58234,-7.915527,-0.03088547
06.12.2023 14:47:09,0.01233755,0.7793964,-0.02478846,0.625919,-3.100337,-12.44706,5.677063,-0.05436302,0.7518925,0.06336103,0.6539783,14.57776,-7.962585,-0.06526379
06.12.2023 14:47:09,0.01234488,0.7792889,-0.02459566,0.6260602,-3.083516,-12.4272,5.663086,-0.05415119,0.7521462,0.06365384,0.6536757,14.58722,-8.004883,-0.1021944
06.12.2023 14:47:09,0.01229553,0.7792568,-0.02452449,0.6261041,-3.073576,-12.42104,5.662567,-0.05376252,0.752317,0.06364885,0.6535118,14.5575,-8.029396,-0.1334986
06.12.2023 14:47:09,0.01229755,0.7791504,-0.02440619,0.626241,-3.063038,-12.40145,5.654419,-0.0531798,0.7525232,0.06351326,0.6533353,14.50183,-8.057182,-0.1715396
06.12.2023 14:47:09,0.01235111,0.779088,-0.02429708,0.6263219,-3.057072,-12.3901,5.64209,-0.05238988,0.7530208,0.06299675,0.6528755,14.39755,-8.132835,-0.1949437
06.12.2023 14:47:09,0.01240597,0.7790511,-0.02415332,0.6263723,-3.048132,-12.38339,5.627045,-0.05118243,0.7539607,0.06229058,0.6519535,14.24557,-8.280769,-0.234641
06.12.2023 14:47:09,0.01254433,0.7789978,-0.02391101,0.6264452,-3.036374,-12.3739,5.597534,-0.05012377,0.7550746,0.06143549,0.6508269,14.09201,-8.461731,-0.2479627
06.12.2023 14:47:09,0.01264656,0.7789301,-0.02378086,0.6265322,-3.03203,-12.36176,5.579346,-0.04943962,0.7559996,0.06036111,0.6499053,13.94742,-8.614296,-0.2149159
06.12.2023 14:47:09,0.01263616,0.7788523,-0.02366892,0.6266333,-3.021211,-12.34738,5.572632,-0.04916798,0.7568876,0.05921391,0.6489973,13.82727,-8.765892,-0.1409025
06.12.2023 14:47:09,0.01258981,0.7788699,-0.02359785,0.626615,-3.011549,-12.35035,5.571564,-0.0490583,0.7574368,0.0583897,0.6484392,13.74722,-8.860306,-0.08157712
06.12.2023 14:47:09,0.01247589,0.7788515,-0.02373348,0.626635,-3.015457,-12.3467,5.591583,-0.04939921,0.7575836,0.05784231,0.648291,13.72491,-8.889793,-0.008650216
06.12.2023 14:47:09,0.01241988,0.7788936,-0.02378098,0.6265819,-3.015715,-12.35426,5.599823,-0.04960417,0.7576298,0.05738606,0.6482619,13.70041,-8.899811,5.044098
06.12.2023 14:47:09,0.01251586,0.7788589,-0.02395935,0.6266164,-3.038512,-12.34844,5.604218,-0.04988108,0.7572898,0.05710875,0.6486622,13.69693,-8.842529,5.084656
06.12.2023 14:47:09,0.01254606,0.7788447,-0.02402869,0.6266308,-3.046863,-12.34602,5.606567,-0.05012706,0.7569311,0.05706216,0.6490659,13.7113,-8.782036,5.10498
06.12.2023 14:47:09,0.01263133,0.7788892,-0.02398665,0.6265754,-3.049279,-12.35445,5.595703,-0.05101483,0.7563951,0.0572389,0.6496059,13.79324,-8.699356,5.162872
06.12.2023 14:47:09,0.01276345,0.7788975,-0.02401413,0.6265614,-3.061238,-12.3565,5.585815,-0.05230413,0.7553588,0.05727384,0.6507052,13.89325,-8.533577,5.259796
06.12.2023 14:47:09,0.01279013,0.7789134,-0.02389915,0.6265454,-3.052899,-12.35941,5.575104,-0.05361584,0.7546515,0.05733034,0.6514137,13.99689,-8.427048,5.36145
06.12.2023 14:47:09,0.01274944,0.7789451,-0.02393689,0.6265054,-3.053375,-12.36507,5.581299,-0.05560759,0.7541007,0.05763431,0.6518576,14.17328,-8.359238,5.506592
06.12.2023 14:47:09,0.01262976,0.7789946,-0.02389823,0.6264478,-3.041368,-12.37363,5.588989,-0.05832988,0.7539554,0.05773818,0.6517786,14.3869,-8.375053,5.73703
06.12.2023 14:47:09,0.01247799,0.7789893,-0.02393282,0.6264561,-3.033547,-12.37212,5.605072,-0.06064339,0.753628,0.05759005,0.6519592,14.54819,-8.353371,5.947815
06.12.2023 14:47:09,0.01240642,0.7790608,-0.02409799,0.6263623,-3.043231,-12.38512,5.622986,-0.06185253,0.7532879,0.05782527,0.6522177,14.65997,-8.313347,6.032043
06.12.2023 14:47:09,0.01235563,0.7791032,-0.02418293,0.6263073,-3.047213,-12.39278,5.633423,-0.06134127,0.7533329,0.05940574,0.652072,14.75888,-8.316391,5.869019
06.12.2023 14:47:09,0.01231394,0.7791719,-0.02423906,0.6262203,-3.049303,-12.40527,5.640839,-0.05961404,0.753677,0.06130517,0.6516586,14.79391,-8.353668,5.579071
06.12.2023 14:47:09,0.01235284,0.779215,-0.0243898,0.6261601,-3.065613,-12.41347,5.64798,-0.05742011,0.7540929,0.06276126,0.6512356,14.75546,-8.396225,5.282288
06.12.2023 14:47:09,0.01245062,0.7791999,-0.02448325,0.6261734,-3.080971,-12.41116,5.645996,-0.05563518,0.754612,0.06282384,0.6507832,14.62671,-8.461273,5.127655
06.12.2023 14:47:09,0.01254358,0.7792942,-0.02466681,0.626047,-3.104151,-12.42898,5.650421,-0.05588974,0.7550133,0.0622669,0.6503492,14.5972,-8.535072,5.197845
06.12.2023 14:47:09,0.01259289,0.7793126,-0.02493767,0.6260123,-3.131919,-12.43283,5.665344,-0.05690131,0.7552872,0.06216997,0.6499527,14.66449,-8.598816,5.298645
06.12.2023 14:47:09,0.01265249,0.7793423,-0.0250415,0.62597,-3.145512,-12.43861,5.667328,-0.05893055,0.755102,0.06171213,0.6500307,14.77686,-8.596466,5.509766
06.12.2023 14:47:09,0.01272095,0.7794179,-0.02525374,0.6258659,-3.16948,-12.45296,5.676056,-0.06017212,0.7546088,0.0613035,0.6505282,14.83478,-8.527794,5.642792
06.12.2023 14:47:09,0.0127869,0.7794634,-0.02528797,0.6258067,-3.177325,-12.46158,5.672394,-0.0605365,0.7543269,0.06145537,0.6508068,14.87564,-8.484024,5.659363
06.12.2023 14:47:09,0.01282554,0.7794661,-0.0253762,0.6257988,-3.187988,-12.46233,5.675232,-0.05998563,0.7538916,0.06248393,0.6512641,14.92419,-8.400276,5.526886
06.12.2023 14:47:09,0.01277752,0.7795176,-0.02553857,0.6257291,-3.199114,-12.47176,5.690918,-0.05840109,0.7536926,0.06328794,0.6515608,14.87521,-8.341675,5.323425
06.12.2023 14:47:09,0.01262398,0.7795717,-0.02564877,0.6256604,-3.198006,-12.48119,5.712311,-0.05705442,0.7534946,0.06343395,0.6518948,14.78674,-8.286087,5.19046
06.12.2023 14:47:09,0.01247074,0.7795902,-0.02568874,0.6256386,-3.190602,-12.48406,5.72879,-0.05525623,0.7535267,0.06322026,0.6520334,14.63284,-8.264206,5.048279
06.12.2023 14:47:09,0.01245857,0.7796269,-0.02576123,0.6255902,-3.196254,-12.49081,5.734894,-0.05442259,0.7536619,0.06276261,0.6519915,14.53033,-8.274879,5.011108
06.12.2023 14:47:09,0.0124667,0.7796588,-0.02580837,0.6255484,-3.20109,-12.49674,5.737366,-0.05471531,0.7539052,0.06195064,0.6517633,14.48172,-8.320511,5.10141
06.12.2023 14:47:09,0.01251716,0.7796861,-0.02586083,0.6255111,-3.209434,-12.502,5.736481,-0.05550303,0.753997,0.06122233,0.6516594,14.47754,-8.346855,5.226898
06.12.2023 14:47:09,0.01258806,0.7796645,-0.02588189,0.6255358,-3.21638,-12.49833,5.73175,-0.05691978,0.7539912,0.06101346,0.6515633,14.56586,-8.366722,5.367554
06.12.2023 14:47:09,0.01250682,0.7797121,-0.02598929,0.6254736,-3.220212,-12.50687,5.74649,-0.05732903,0.7539697,0.06131866,0.6515236,14.62317,-8.369835,5.380493
06.12.2023 14:47:09,0.0124462,0.7798249,-0.02611231,0.625329,-3.227,-12.52746,5.760162,-0.05725938,0.7539241,0.06243698,0.6514764,14.71524,-8.363121,5.289825
06.12.2023 14:47:09,0.01223715,0.7799324,-0.02628326,0.6251919,-3.227428,-12.54658,5.790588,-0.05672738,0.7537909,0.06381115,0.651544,14.79486,-8.334389,5.137787
06.12.2023 14:47:09,0.01213741,0.7799461,-0.02653552,0.6251661,-3.242859,-12.549,5.817535,-0.05608112,0.7536871,0.06440736,0.6516613,14.79816,-8.307518,5.034393
06.12.2023 14:47:09,0.01200221,0.7800679,-0.02648157,0.6250191,-3.228495,-12.57076,5.825134,-0.05491801,0.7538633,0.06398135,0.6515985,14.67361,-8.320442,-0.033651
06.12.2023 14:47:09,0.01188023,0.7801614,-0.02639661,0.6249083,-3.212272,-12.58738,5.829468,-0.0542147,0.7541414,0.06243713,0.6514853,14.48636,-8.356064,5.024231
06.12.2023 14:47:09,0.01187178,0.7802838,-0.02637136,0.6247566,-3.209568,-12.60979,5.827789,-0.05366433,0.7543496,0.06106246,0.6514202,14.32538,-8.382027,5.081787
06.12.2023 14:47:09,0.01179498,0.7803467,-0.0263789,0.6246792,-3.204822,-12.62106,5.8349,-0.05298794,0.7545832,0.05931284,0.6513667,14.12228,-8.410065,5.156616
06.12.2023 14:47:09,0.01174604,0.7804394,-0.02633874,0.624566,-3.197844,-12.63786,5.835938,-0.05213892,0.7550196,0.05747342,0.6510943,13.89835,-8.471596,5.225616
06.12.2023 14:47:09,0.01175641,0.7804863,-0.02637897,0.6245054,-3.202251,-12.64655,5.837646,-0.05122372,0.7554506,0.05588486,0.6508053,13.69125,-8.532036,5.269745
06.12.2023 14:47:09,0.01175585,0.7805768,-0.0262845,0.6243964,-3.193874,-12.66306,5.830444,-0.04993673,0.756193,0.05423015,0.6501827,13.45038,-8.642838,5.289886
06.12.2023 14:47:09,0.01167834,0.7806094,-0.02627364,0.6243575,-3.187394,-12.66875,5.836456,-0.04920291,0.7570816,0.05289342,0.6493142,13.27853,-8.788002,5.336517
06.12.2023 14:47:09,0.01172372,0.7806597,-0.02635964,0.6242902,-3.198411,-12.67825,5.838287,-0.04892175,0.7576253,0.05180299,0.6487889,13.16211,-8.878647,5.399994
06.12.2023 14:47:09,0.01178213,0.7806922,-0.02622635,0.6242541,-3.190703,-12.68427,5.823364,-0.04945286,0.7580891,0.05107166,0.6482646,13.1376,-8.966599,5.507233
06.12.2023 14:47:10,0.0118218,0.7807044,-0.02617152,0.6242403,-3.188651,-12.68661,5.815796,-0.05053429,0.7580028,0.05116263,0.6482751,13.22629,-8.965935,5.594879
06.12.2023 14:47:10,0.01173287,0.7807135,-0.0261431,0.6242318,-3.179749,-12.68792,5.821686,-0.05154878,0.7576328,0.05201909,0.6485595,13.37711,-8.91581,5.615936
06.12.2023 14:47:10,0.01156357,0.780689,-0.02612113,0.6242666,-3.165624,-12.68278,5.835419,-0.05212071,0.7572854,0.05274372,0.6488609,13.48337,-8.863503,5.60791
06.12.2023 14:47:10,0.01152324,0.7807069,-0.02613809,0.6242442,-3.164279,-12.68594,5.840149,-0.05219885,0.756941,0.05404343,0.6491494,13.60287,-8.806114,5.513336
06.12.2023 14:47:10,0.01131729,0.7807503,-0.02620862,0.6241907,-3.155904,-12.69326,5.863434,-0.05221941,0.7564904,0.05502107,0.6495907,13.69,-8.728424,5.436127
06.12.2023 14:47:10,0.01130503,0.7808326,-0.02626888,0.6240854,-3.160537,-12.70841,5.868439,-0.05202442,0.7559141,0.0557248,0.650217,13.73709,-8.624924,5.358582
06.12.2023 14:47:10,0.01134335,0.7808813,-0.0264534,0.6240159,-3.179875,-12.7177,5.87796,-0.0530544,0.7558403,0.05483422,0.6502953,13.73669,-8.624527,5.515015
06.12.2023 14:47:10,0.01146121,0.7809737,-0.02667845,0.6238886,-3.2086,-12.73536,5.883026,-0.05451212,0.7559977,0.05320308,0.6501272,13.70358,-8.670052,5.767731
06.12.2023 14:47:10,0.01166556,0.7810996,-0.02686358,0.6237192,-3.239988,-12.75946,5.877289,-0.05486353,0.756372,0.05241056,0.6497266,13.66034,-8.739922,5.862976
06.12.2023 14:47:10,0.01187764,0.7812076,-0.02703522,0.6235725,-3.270694,-12.7803,5.869995,-0.05443271,0.7567459,0.05262134,0.6493102,13.64603,-8.800423,5.814178
06.12.2023 14:47:10,0.01209193,0.7814082,-0.02717282,0.623311,-3.298632,-12.81816,5.859558,-0.05389695,0.7568795,0.05333865,0.6491407,13.66837,-8.817863,5.715118
06.12.2023 14:47:10,0.01225686,0.7816749,-0.02726983,0.6229692,-3.319487,-12.86798,5.850281,-0.05382832,0.7568493,0.0536558,0.6491554,13.69095,-8.812164,5.684998
06.12.2023 14:47:10,0.01242799,0.7818952,-0.02733074,0.6226866,-3.337478,-12.90928,5.838104,-0.05411944,0.7565516,0.05392174,0.6494561,13.73621,-8.764069,5.686859
06.12.2023 14:47:10,0.01253204,0.7821513,-0.02738495,0.6223603,-3.350116,-12.95694,5.831238,-0.05463692,0.7561967,0.05389661,0.6498281,13.7731,-8.708572,5.729645
06.12.2023 14:47:10,0.01266368,0.7824402,-0.02729456,0.6219984,-3.351784,-13.01059,5.811432,-0.05481352,0.7556518,0.05388723,0.6504477,13.78613,-8.61451,5.738525
06.12.2023 14:47:10,0.01263233,0.7826927,-0.02731338,0.6216804,-3.351566,-13.05707,5.814209,-0.05467426,0.7553604,0.05377947,0.6508067,13.76663,-8.560638,5.730347
06.12.2023 14:47:10,0.01266473,0.7829916,-0.02722312,0.6213072,-3.34616,-13.11224,5.803253,-0.05467401,0.7551658,0.05352604,0.6510533,13.74478,-8.525681,5.746643
06.12.2023 14:47:10,0.01267259,0.7832665,-0.02716216,0.6209631,-3.341599,-13.16296,5.796722,-0.05501641,0.7550566,0.05288412,0.6512036,13.71472,-8.51004,5.823395
06.12.2023 14:47:10,0.01259694,0.7836019,-0.0270604,0.6205458,-3.327496,-13.22449,5.794495,-0.05534073,0.7551649,0.05245218,0.6510854,13.70129,-8.533119,5.885773
06.12.2023 14:47:10,0.01255815,0.7838915,-0.02691354,0.6201872,-3.311902,-13.27769,5.78598,-0.05536388,0.7556003,0.05237176,0.6505846,13.69543,-8.61039,5.899689
06.12.2023 14:47:10,0.01249004,0.7841573,-0.02690356,0.6198528,-3.306496,-13.32658,5.789978,-0.05544312,0.7559522,0.05257989,0.6501521,13.71899,-8.674339,5.895874
06.12.2023 14:47:10,0.01227203,0.7843407,-0.0267869,0.6196301,-3.280735,-13.35953,5.800323,-0.05565209,0.7565084,0.05298584,0.6494539,13.76926,-8.776932,5.891602
06.12.2023 14:47:10,0.01199829,0.7846708,-0.02689734,0.6192126,-3.271653,-13.41972,5.831085,-0.05595708,0.7569328,0.05354956,0.6488868,13.84064,-8.858009,5.882355
06.12.2023 14:47:10,0.01166552,0.7849445,-0.02716286,0.6188605,-3.272298,-13.46949,5.878448,-0.05612959,0.7571712,0.05413954,0.6485447,13.90466,-8.904213,5.856934
06.12.2023 14:47:10,0.01139133,0.7851466,-0.02744661,0.6185967,-3.278679,-13.50629,5.922241,-0.056094,0.7574031,0.05462538,0.6482363,13.94412,-8.945946,5.820801
06.12.2023 14:47:10,0.01127554,0.7853972,-0.02775514,0.6182667,-3.298632,-13.55273,5.953217,-0.05624161,0.7575142,0.05471637,0.648086,13.96295,-8.968132,5.828674
06.12.2023 14:47:10,0.01119019,0.7856799,-0.02797712,0.6178991,-3.313023,-13.60514,5.975159,-0.05674477,0.757742,0.05443252,0.6477996,13.97537,-9.015671,5.897583
06.12.2023 14:47:10,0.01124887,0.7859372,-0.0278218,0.6175777,-3.303585,-13.65292,5.957458,-0.05732439,0.7578552,0.05395333,0.6476561,13.97656,-9.043625,5.986206
06.12.2023 14:47:10,0.01140682,0.786204,-0.02788456,0.6172323,-3.320845,-13.70315,5.946228,-0.05749844,0.7579359,0.0535721,0.647578,13.95612,-9.059822,6.031128
06.12.2023 14:47:10,0.01142712,0.7865076,-0.02771684,0.6168525,-3.307614,-13.75943,5.930878,-0.05765683,0.7580945,0.05336299,0.6473954,13.9494,-9.09005,6.062927
06.12.2023 14:47:10,0.01139042,0.7868719,-0.02771261,0.6163887,-3.305187,-13.82704,5.931946,-0.05768535,0.7583661,0.05314966,0.6470923,13.9324,-9.13839,6.085114
06.12.2023 14:47:10,0.01134006,0.7871867,-0.02746554,0.6159984,-3.279794,-13.88514,5.917358,-0.05792378,0.7586781,0.05299458,0.6467179,13.93607,-9.197327,6.122131
06.12.2023 14:47:10,0.01122453,0.7875264,-0.02742388,0.6155682,-3.268376,-13.94791,5.923035,-0.05786564,0.7590923,0.05304985,0.6462323,13.93585,-9.270424,6.118622
06.12.2023 14:47:10,0.01121821,0.787842,-0.02742736,0.6151642,-3.268717,-14.0067,5.92218,-0.05752983,0.7596557,0.0535123,0.6455618,13.95044,-9.366821,6.062347
06.12.2023 14:47:10,0.01125703,0.7881733,-0.02729299,0.614745,-3.259804,-14.06844,5.90744,-0.05706387,0.7603099,0.05420664,0.6447746,13.97562,-9.478134,5.978638
06.12.2023 14:47:10,0.01128253,0.7885281,-0.02718029,0.6142943,-3.25193,-14.13461,5.895294,-0.05680571,0.7606817,0.05497665,0.6442934,14.02344,-9.54248,5.9039
06.12.2023 14:47:10,0.01125801,0.7888141,-0.02709863,0.613931,-3.243232,-14.18783,5.890259,-0.05716568,0.7608207,0.05507214,0.6440893,14.05832,-9.57312,5.930847
06.12.2023 14:47:10,0.01135034,0.7891465,-0.02708087,0.6135028,-3.248605,-14.25025,5.878876,-0.05789382,0.7609472,0.05495028,0.6438854,14.10141,-9.606781,6.0065
06.12.2023 14:47:10,0.01131064,0.7894642,-0.02711397,0.6130933,-3.249264,-14.30955,5.883118,-0.05830839,0.7610559,0.05480731,0.6437315,14.11942,-9.632431,6.055573
06.12.2023 14:47:10,0.01137867,0.7897951,-0.02722155,0.6126608,-3.264269,-14.37186,5.882751,-0.05823647,0.7614008,0.05462322,0.6433458,14.09738,-9.69265,6.067688
06.12.2023 14:47:10,0.01141445,0.7901283,-0.02726054,0.6122286,-3.270796,-14.43444,5.880493,-0.05810977,0.7617994,0.05449774,0.6428959,14.07629,-9.761826,6.07135
06.12.2023 14:47:10,0.01144091,0.7905407,-0.02725134,0.611696,-3.272411,-14.5118,5.875214,-0.05791047,0.762477,0.05420207,0.642135,14.03445,-9.879593,6.084991
06.12.2023 14:47:10,0.0115346,0.7909947,-0.02720043,0.6111093,-3.275011,-14.59725,5.860718,-0.05786259,0.7631823,0.05390662,0.6413258,14.00372,-10.00484,6.112488
06.12.2023 14:47:10,0.01159844,0.7913305,-0.02705177,0.6106797,-3.266462,-14.66033,5.842712,-0.05800461,0.7636023,0.05390836,0.6408128,14.01361,-10.0826,6.130981
06.12.2023 14:47:10,0.01163691,0.7917409,-0.02684701,0.6101559,-3.251126,-14.73729,5.822693,-0.05795924,0.7640459,0.05428756,0.6402559,14.04291,-10.16268,6.105347
06.12.2023 14:47:10,0.01152397,0.7920625,-0.02683568,0.609741,-3.242629,-14.79732,5.830444,-0.05793471,0.7642609,0.05486366,0.6399522,14.09149,-10.2025,6.063904
06.12.2023 14:47:10,0.01132953,0.7924303,-0.02671797,0.6092717,-3.218838,-14.86563,5.837952,-0.0578965,0.7644061,0.0553099,0.6397438,14.12775,-10.22919,6.029785
06.12.2023 14:47:10,0.01115341,0.7928658,-0.02673082,0.6087075,-3.208306,-14.947,5.85257,-0.05809796,0.7645785,0.05541971,0.63951,14.15198,-10.26373,6.042236
06.12.2023 14:47:10,0.01089579,0.7933161,-0.02660211,0.608131,-3.179249,-15.03075,5.864655,-0.05826151,0.7648246,0.05517303,0.6392221,14.14188,-10.31009,6.078552
06.12.2023 14:47:10,0.01090019,0.7937408,-0.02657475,0.6075776,-3.177668,-15.11086,5.860138,-0.05855726,0.7651387,0.05480474,0.6388507,14.13058,-10.37053,6.136597
06.12.2023 14:47:10,0.01092408,0.7942338,-0.02644587,0.6069382,-3.168289,-15.20386,5.846405,-0.05900108,0.7654832,0.05403156,0.638463,14.09433,-10.43783,6.238037
06.12.2023 14:47:10,0.01091361,0.7946107,-0.02627818,0.6064523,-3.152802,-15.27481,5.83374,-0.05911432,0.765785,0.05368202,0.6381199,14.0712,-10.49328,6.278107
06.12.2023 14:47:10,0.01085977,0.7952245,-0.02621513,0.6056508,-3.144153,-15.39068,5.831055,-0.05919852,0.7662681,0.05354076,0.6375439,14.06393,-10.58159,6.302948
06.12.2023 14:47:10,0.01082384,0.7957226,-0.02609278,0.6050022,-3.131175,-15.48474,5.823273,-0.05937133,0.7668067,0.05359584,0.6368753,14.08035,-10.68199,6.322174
06.12.2023 14:47:10,0.01081598,0.7962343,-0.02619521,0.6043244,-3.140681,-15.58188,5.82843,-0.05953302,0.7673535,0.05363702,0.6361977,14.0947,-10.78378,6.341553
06.12.2023 14:47:10,0.01062689,0.7968102,-0.02626782,0.603565,-3.135011,-15.69066,5.847748,-0.05969501,0.7682503,0.05382084,0.6350837,14.12091,-10.94962,6.355682
06.12.2023 14:47:10,0.01047318,0.7974136,-0.02624965,0.602771,-3.123566,-15.80479,5.857422,-0.06007051,0.7690073,0.05367317,0.6341439,14.13358,-11.09293,6.411255
06.12.2023 14:47:10,0.01040423,0.7979528,-0.02617928,0.6020614,-3.11313,-15.90707,5.856079,-0.06073643,0.7697915,0.05344325,0.6331477,14.15991,-11.24605,6.499451
06.12.2023 14:47:10,0.01035526,0.7985715,-0.02616711,0.6012417,-3.109515,-16.02483,5.856537,-0.06132019,0.7705186,0.05333091,0.6322158,14.19064,-11.38805,6.570984
06.12.2023 14:47:10,0.01028379,0.7991302,-0.02610758,0.6005028,-3.099931,-16.1311,5.856079,-0.06122811,0.7712582,0.05378931,0.6312835,14.2229,-11.52283,6.540314
06.12.2023 14:47:10,0.01024402,0.7997648,-0.02608706,0.599659,-3.096216,-16.25219,5.855042,-0.06079673,0.7719042,0.05450317,0.6304737,14.25357,-11.63577,6.459137
06.12.2023 14:47:10,0.01018227,0.8003764,-0.02606653,0.5988442,-3.09096,-16.369,5.85614,-0.06030401,0.7726024,0.05531079,0.6295949,14.28821,-11.75773,6.366516
06.12.2023 14:47:10,0.01013512,0.8010569,-0.02608546,0.5979337,-3.090436,-16.49924,5.858246,-0.05989849,0.7733923,0.05576645,0.6286229,14.29779,-11.89713,6.308624
06.12.2023 14:47:10,0.009949758,0.8016341,-0.02607013,0.5971634,-3.077155,-16.60934,5.871277,-0.05994876,0.7741035,0.05581117,0.6277381,14.30392,-12.0287,6.320587
06.12.2023 14:47:10,0.009904101,0.8022583,-0.02618086,0.5963205,-3.08513,-16.72929,5.879822,-0.06039994,0.7748868,0.05571607,0.626736,14.32629,-12.18005,6.380157
06.12.2023 14:47:10,0.009843446,0.802872,-0.02620701,0.5954938,-3.084299,-16.84721,5.884033,-0.06085887,0.775692,0.05556265,0.6257083,14.34384,-12.33566,6.445038
06.12.2023 14:47:10,0.00993378,0.8035289,-0.02626229,0.5946032,-3.096529,-16.97419,5.876068,-0.06122126,0.7765446,0.05547206,0.6246226,14.35977,-12.49886,6.497406
06.12.2023 14:47:10,0.00993096,0.8041487,-0.02631697,0.5937624,-3.102293,-17.09387,5.876801,-0.06142094,0.7773578,0.05547104,0.6235907,14.37204,-12.6526,6.528015
06.12.2023 14:47:10,0.009959225,0.804769,-0.02625373,0.5929236,-3.099293,-17.21377,5.866638,-0.06133763,0.77817,0.05580749,0.6225551,14.39429,-12.80264,6.508698
06.12.2023 14:47:10,0.009984978,0.8053874,-0.02629758,0.5920811,-3.105996,-17.3336,5.864014,-0.06131908,0.7789406,0.05600147,0.621575,14.40851,-12.94588,6.504913
06.12.2023 14:47:10,0.01006723,0.8059655,-0.02632011,0.5912914,-3.114502,-17.44598,5.854889,-0.06140937,0.7796578,0.05608397,0.6206588,14.42062,-13.08092,6.51828
06.12.2023 14:47:10,0.01012247,0.8066327,-0.0262694,0.5903823,-3.114515,-17.57556,5.842834,-0.06160118,0.7805289,0.05592708,0.619558,14.41803,-13.24577,6.560364
06.12.2023 14:47:10,0.0101113,0.8072376,-0.0263558,0.5895512,-3.122622,-17.69324,5.846497,-0.061767,0.7813023,0.05581391,0.6185761,14.41766,-13.3924,6.595459
06.12.2023 14:47:10,0.01006606,0.8078465,-0.02635688,0.5887173,-3.120539,-17.81161,5.847534,-0.06139121,0.7823206,0.05600389,0.617308,14.40549,-13.57657,6.563141
06.12.2023 14:47:10,0.01012338,0.8084198,-0.02643481,0.5879254,-3.132456,-17.92367,5.844421,-0.06121811,0.7831575,0.05627963,0.6162381,14.41602,-13.73105,6.540619
06.12.2023 14:47:10,0.01014031,0.8090686,-0.02640843,0.587033,-3.132078,-18.05035,5.837616,-0.06116981,0.7840788,0.05679476,0.6150228,14.45685,-13.90475,6.514099
06.12.2023 14:47:10,0.01016242,0.8095883,-0.0265335,0.5863102,-3.14592,-18.15219,5.841187,-0.0610844,0.7848709,0.0569971,0.6140015,14.46716,-14.0527,6.504272
06.12.2023 14:47:10,0.01013874,0.8101747,-0.02643385,0.5855044,-3.13591,-18.26673,5.833557,-0.06131297,0.7856126,0.05729449,0.6130015,14.50842,-14.19735,6.516022
06.12.2023 14:47:10,0.01015011,0.8108088,-0.02633523,0.5846303,-3.128403,-18.39088,5.822479,-0.06122475,0.7862422,0.05730247,0.612202,14.50137,-14.31438,6.517181
06.12.2023 14:47:10,0.01014462,0.8114828,-0.02623715,0.5836989,-3.119853,-18.52299,5.812805,-0.0612955,0.7868738,0.05691585,0.6114191,14.46967,-14.43321,6.560699
06.12.2023 14:47:10,0.01018551,0.812014,-0.02623849,0.582959,-3.123452,-18.62757,5.806244,-0.06159484,0.7875068,0.05627397,0.6106328,14.43079,-14.55555,6.643158
06.12.2023 14:47:10,0.01012804,0.8126293,-0.02617412,0.5821047,-3.114464,-18.74838,5.804016,-0.06210317,0.788116,0.05574185,0.6098437,14.41641,-14.67769,6.736877
06.12.2023 14:47:10,0.01017009,0.8131904,-0.02615997,0.5813206,-3.116722,-18.85912,5.796143,-0.06246785,0.7885976,0.05539156,0.6092154,14.40872,-14.77401,6.802612
06.12.2023 14:47:10,0.01023619,0.8137862,-0.02613787,0.5804861,-3.119876,-18.97694,5.785278,-0.06260657,0.7892418,0.05541088,0.6083646,14.41827,-14.89866,6.824188
06.12.2023 14:47:10,0.01027668,0.8143184,-0.02604598,0.5797427,-3.114706,-19.08211,5.772522,-0.06236836,0.7898536,0.0558667,0.6075528,14.44131,-15.01226,6.779938
06.12.2023 14:47:10,0.01047639,0.8149173,-0.02600789,0.5788987,-3.125205,-19.20136,5.748108,-0.06194499,0.7905917,0.0566794,0.6065602,14.4837,-15.14817,6.69574
06.12.2023 14:47:10,0.01051761,0.8155339,-0.02595347,0.5780314,-3.123645,-19.32365,5.737305,-0.06128642,0.7914335,0.05732229,0.6054678,14.49417,-15.29924,6.60321
06.12.2023 14:47:10,0.01038089,0.816111,-0.02587948,0.5772222,-3.1084,-19.43755,5.742096,-0.06103768,0.792255,0.05780518,0.6043716,14.51883,-15.45348,6.559662
06.12.2023 14:47:10,0.01003966,0.8168275,-0.02602681,0.5762073,-3.100566,-19.57899,5.779938,-0.06127166,0.7931429,0.05773431,0.6031889,14.52628,-15.62706,6.600494
06.12.2023 14:47:10,0.00987839,0.8174068,-0.02617914,0.575381,-3.104985,-19.69405,5.802002,-0.06193965,0.7939001,0.0573356,0.6021618,14.534,-15.78239,6.702362
06.12.2023 14:47:11,0.009781059,0.8180353,-0.02631446,0.5744825,-3.112142,-19.81931,5.81665,-0.06251164,0.7945567,0.05714203,0.6012543,14.55392,-15.91793,6.779602
06.12.2023 14:47:11,0.009827334,0.8186601,-0.02626046,0.5735936,-3.111003,-19.94418,5.805359,-0.06307769,0.7951913,0.05705355,0.600364,14.58301,-16.04988,6.848816
06.12.2023 14:47:11,0.009942825,0.8192649,-0.02621127,0.5727296,-3.114817,-20.06551,5.787994,-0.0634642,0.7958149,0.05691531,0.5995095,14.595,-16.1764,6.90451
06.12.2023 14:47:11,0.01006147,0.8198493,-0.02598938,0.5719007,-3.10254,-20.18265,5.759094,-0.06361437,0.7964966,0.05704123,0.5985755,14.61475,-16.31109,6.92099
06.12.2023 14:47:11,0.01008974,0.8203936,-0.02572697,0.5711311,-3.080422,-20.29147,5.736298,-0.06365914,0.7971634,0.05729631,0.5976581,14.63913,-16.44173,6.918549
06.12.2023 14:47:11,0.01006902,0.8210391,-0.02559675,0.570209,-3.067635,-20.42085,5.726257,-0.06347245,0.7977855,0.05788019,0.596791,14.67804,-16.56109,6.871307
06.12.2023 14:47:11,0.01002067,0.8216161,-0.02553055,0.5693811,-3.058973,-20.53667,5.723389,-0.06291306,0.7982734,0.05870073,0.5961173,14.71375,-16.6488,6.770813
06.12.2023 14:47:11,0.009914774,0.8221723,-0.02543947,0.5685835,-3.044183,-20.6482,5.724426,-0.06285101,0.7988393,0.05915379,0.5953205,14.74954,-16.7594,6.743439
06.12.2023 14:47:11,0.009819591,0.8228645,-0.02535941,0.5675865,-3.03131,-20.78741,5.724518,-0.06290676,0.7996528,0.05929874,0.594207,14.76434,-16.91899,6.752289
06.12.2023 14:47:11,0.009771163,0.8233508,-0.02522963,0.5668877,-3.016525,-20.88527,5.718048,-0.06343774,0.8003815,0.05893696,0.5932046,14.76498,-17.06895,6.838959
06.12.2023 14:47:11,0.009650265,0.8239039,-0.02514712,0.5660891,-3.001577,-20.99664,5.721161,-0.06394121,0.8011682,0.05853807,0.592127,14.75992,-17.2298,6.926544
06.12.2023 14:47:11,0.009653074,0.824425,-0.02509859,0.5653319,-2.997834,-21.10219,5.714996,-0.06435437,0.8019208,0.05842694,0.5910735,14.77527,-17.38403,6.985596
06.12.2023 14:47:11,0.009604115,0.8250008,-0.02511347,0.5644916,-2.996798,-21.21889,5.717529,-0.06449778,0.8026912,0.05854028,0.59,14.79288,-17.53792,7.004364
06.12.2023 14:47:11,0.009540682,0.8255247,-0.02508788,0.5637273,-2.990938,-21.32513,5.719116,-0.06432807,0.8032738,0.05899704,0.5891795,14.82172,-17.65098,6.967316
06.12.2023 14:47:11,0.009478124,0.8260687,-0.02517067,0.5629273,-2.995435,-21.43577,5.727478,-0.06423359,0.8038619,0.05940105,0.5883466,14.85083,-17.7665,6.941132
06.12.2023 14:47:11,0.009382205,0.8266644,-0.02517397,0.5620536,-2.990332,-21.55687,5.733612,-0.06391925,0.8044358,0.05976524,0.587559,14.86151,-17.87494,6.896576
06.12.2023 14:47:11,0.009350186,0.8272454,-0.02529282,0.5611933,-3.000305,-21.6756,5.741211,-0.06386154,0.805072,0.06003358,0.5866659,14.88049,-18.00029,6.883911
06.12.2023 14:47:11,0.009239643,0.8278393,-0.02521229,0.5603223,-2.986336,-21.79648,5.743347,-0.06390586,0.8056298,0.0601198,0.5858859,14.88968,-18.11143,6.891846
06.12.2023 14:47:11,0.00930295,0.8285452,-0.0252167,0.5592768,-2.991752,-21.9413,5.733856,-0.06389602,0.8062612,0.06022419,0.585007,14.8967,-18.23628,6.894684
06.12.2023 14:47:11,0.009331469,0.8291052,-0.0250695,0.5584525,-2.980315,-22.056,5.718719,-0.06392242,0.8069367,0.06016057,0.5840786,14.89035,-18.36984,6.912994
06.12.2023 14:47:11,0.009265055,0.829731,-0.02500776,0.5575261,-2.970997,-22.18424,5.717743,-0.06411459,0.8075947,0.05986232,0.583178,14.87326,-18.50213,6.962402
06.12.2023 14:47:11,0.009176135,0.8303781,-0.02480182,0.5565726,-2.946539,-22.3167,5.709625,-0.06458119,0.8082637,0.05951496,0.5822346,14.86984,-18.64193,7.041382
06.12.2023 14:47:11,0.008960501,0.8310185,-0.02483554,0.5556179,-2.936824,-22.44805,5.728943,-0.06495093,0.8087454,0.05936593,0.5815393,14.87894,-18.744,7.094757
06.12.2023 14:47:11,0.008813605,0.831624,-0.02481139,0.5547146,-2.925967,-22.57253,5.73822,-0.06510026,0.8093064,0.05942844,0.5807353,14.8927,-18.85873,7.114471
06.12.2023 14:47:11,0.008693896,0.8322157,-0.02475615,0.5538309,-2.913876,-22.6944,5.743011,-0.06478482,0.8097523,0.05977016,0.5801135,14.90198,-18.94302,7.069427
06.12.2023 14:47:11,0.008696117,0.8327952,-0.02470765,0.5529612,-2.910161,-22.81438,5.736694,-0.06426635,0.8103128,0.06012485,0.5793514,14.89862,-19.04629,7.006104
06.12.2023 14:47:11,0.008670126,0.8334455,-0.02456552,0.5519873,-2.895795,-22.94897,5.726746,-0.06391523,0.8109953,0.06033593,0.5784127,14.89267,-19.1766,6.970398
06.12.2023 14:47:11,0.008752424,0.8339251,-0.02454109,0.5512624,-2.899293,-23.04888,5.714813,-0.06376096,0.8116767,0.0603459,0.577472,14.88104,-19.3097,6.966736
06.12.2023 14:47:11,0.008688099,0.8345057,-0.02450455,0.5503857,-2.892487,-23.16944,5.715607,-0.063626,0.812347,0.06047897,0.5765297,14.88226,-19.44188,6.956665
06.12.2023 14:47:11,0.008581475,0.8350389,-0.02442797,0.5495814,-2.879124,-23.28007,5.718201,-0.06348439,0.8130006,0.06072394,0.5755975,14.89365,-19.57144,6.938324
06.12.2023 14:47:11,0.00853333,0.8355529,-0.02442354,0.5488006,-2.876339,-23.3872,5.719818,-0.06340418,0.8137165,0.06093632,0.5745713,14.90588,-19.7148,6.929138
06.12.2023 14:47:11,0.008296642,0.836096,-0.02443044,0.5479761,-2.862835,-23.49996,5.740112,-0.06361223,0.8144014,0.06090123,0.5735807,14.914,-19.85644,6.963318
06.12.2023 14:47:11,0.008311714,0.8366204,-0.02444475,0.5471743,-2.865861,-23.60984,5.736816,-0.06395324,0.8149291,0.06075091,0.5728089,14.9205,-19.9686,7.015106
06.12.2023 14:47:11,0.008145001,0.8371962,-0.02444489,0.5462955,-2.856203,-23.73001,5.749817,-0.06445298,0.8156026,0.06041876,0.5718285,14.91968,-20.11249,7.096619
06.12.2023 14:47:11,0.008100192,0.8377115,-0.02444889,0.5455055,-2.854489,-23.8381,5.751678,-0.06455576,0.8162326,0.06032969,0.5709267,14.91571,-20.24128,7.123352
06.12.2023 14:47:11,0.007985594,0.8382423,-0.02444188,0.5446914,-2.847386,-23.94935,5.759491,-0.06433774,0.8168225,0.06038356,0.5701013,14.90433,-20.35654,7.109192
06.12.2023 14:47:11,0.007893149,0.8388036,-0.02456011,0.5438227,-2.853775,-24.06754,5.772827,-0.06419147,0.8173739,0.06051773,0.5693127,14.90536,-20.46613,7.096069
06.12.2023 14:47:11,0.007875119,0.8393382,-0.0246104,0.5429952,-2.858251,-24.18038,5.774872,-0.06425266,0.8181089,0.06070817,0.5682288,14.92462,-20.61769,7.102539
06.12.2023 14:47:11,0.007821389,0.8399479,-0.02467432,0.5420492,-2.861937,-24.30922,5.780823,-0.0640901,0.8187905,0.06111393,0.5672211,14.94983,-20.7555,7.072632
06.12.2023 14:47:11,0.007832341,0.8404717,-0.02469265,0.5412359,-2.865137,-24.42016,5.778107,-0.06394747,0.8195271,0.06145645,0.5661353,14.97021,-20.90482,7.049805
06.12.2023 14:47:11,0.007801288,0.8410797,-0.02469438,0.540291,-2.864252,-24.54897,5.778015,-0.06388698,0.8202582,0.06174225,0.5650513,14.99069,-21.05462,7.038544
06.12.2023 14:47:11,0.00793563,0.8510724,-0.02514574,0.5243859,-2.930487,-26.70274,5.738068,-0.06398785,0.8331397,0.06110166,0.54594,14.8855,-23.72872,7.321533
06.12.2023 14:47:11,0.008146654,0.8514827,-0.02500032,0.523723,-2.929541,-26.79293,5.706421,-0.06399718,0.833743,0.06128696,0.5449963,14.90131,-23.85794,7.321991
06.12.2023 14:47:11,0.008316949,0.851907,-0.02496168,0.5230318,-2.936555,-26.88641,5.685089,-0.06406984,0.8342872,0.06153749,0.544126,14.92761,-23.97668,7.323639
06.12.2023 14:47:11,0.008452032,0.8522344,-0.02485234,0.5225013,-2.934392,-26.95843,5.663483,-0.06398676,0.8347916,0.0614559,0.5433709,14.91245,-24.08138,7.329803
06.12.2023 14:47:11,0.008474108,0.8525877,-0.02487139,0.5219233,-2.938026,-27.03616,5.660461,-0.06405815,0.8353919,0.06138981,0.5424467,14.90793,-24.20999,7.351959
06.12.2023 14:47:11,0.008368452,0.8529658,-0.02497075,0.521302,-2.941905,-27.11913,5.674622,-0.06397694,0.8359399,0.06134548,0.5416161,14.89621,-24.32465,7.356781
06.12.2023 14:47:11,0.00815002,0.8532912,-0.02510376,0.5207663,-2.942294,-27.19027,5.702118,-0.06390918,0.8365378,0.06145975,0.5406873,14.90042,-24.45158,7.354126
06.12.2023 14:47:11,0.008000456,0.8536238,-0.02528432,0.5202144,-2.951494,-27.26347,5.725647,-0.0636255,0.8370985,0.0617174,0.539823,14.9053,-24.56731,7.320679
06.12.2023 14:47:11,0.008071864,0.8539374,-0.02525684,0.5196998,-2.953497,-27.33282,5.71524,-0.06364095,0.8377032,0.06209684,0.5388387,14.94031,-24.69997,7.310181
06.12.2023 14:47:11,0.008219103,0.8542921,-0.0251222,0.5191207,-2.94956,-27.41131,5.690765,-0.06374491,0.8382679,0.06232407,0.5379212,14.96625,-24.82502,7.317078
06.12.2023 14:47:11,0.008479294,0.8546283,-0.02486298,0.5185753,-2.940078,-27.48591,5.647919,-0.06373966,0.8387078,0.06248163,0.5372175,14.97928,-24.9206,7.315186
06.12.2023 14:47:11,0.008692648,0.8549658,-0.02471547,0.5180223,-2.938714,-27.56098,5.616333,-0.06381041,0.839089,0.06247126,0.5366146,14.98096,-25.004,7.329987
06.12.2023 14:47:11,0.008898173,0.8553397,-0.02454746,0.5174091,-2.934874,-27.64417,5.584076,-0.06401151,0.8394286,0.06230633,0.5360786,14.97589,-25.08007,7.366302
06.12.2023 14:47:11,0.008935533,0.8557176,-0.02460839,0.5167805,-2.943495,-27.72826,5.581848,-0.0644761,0.8397083,0.0619266,0.5356286,14.96643,-25.14731,7.440704
06.12.2023 14:47:11,0.008884043,0.8561087,-0.02462844,0.5161324,-2.942855,-27.81493,5.585876,-0.06493605,0.8400391,0.06167017,0.5350836,14.96829,-25.22656,7.508118
06.12.2023 14:47:11,0.008938188,0.856487,-0.02467952,0.5155008,-2.951503,-27.89939,5.58139,-0.06511274,0.8403333,0.06150418,0.5346191,14.96167,-25.29257,7.54126
06.12.2023 14:47:11,0.008862901,0.8568637,-0.02484971,0.5148676,-2.964205,-27.98339,5.59668,-0.06474236,0.8406044,0.06188909,0.5341932,14.97501,-25.34615,7.486267
06.12.2023 14:47:11,0.009077419,0.857235,-0.0249736,0.5142394,-2.98947,-28.06732,5.58075,-0.06409641,0.8410009,0.06242115,0.533585,14.98523,-25.42213,7.397369
06.12.2023 14:47:11,0.00914851,0.8575926,-0.02505719,0.5136375,-3.002284,-28.14761,5.576569,-0.06376263,0.8413712,0.06280699,0.5329956,15.00058,-25.49821,7.34787
06.12.2023 14:47:11,0.009188521,0.8580068,-0.02514766,0.5129401,-3.014005,-28.24056,5.575531,-0.06366373,0.8418408,0.06310862,0.5322297,15.02176,-25.60033,7.328735
06.12.2023 14:47:11,0.009215036,0.8583736,-0.02526855,0.5123197,-3.027876,-28.32306,5.57785,-0.06389399,0.8423094,0.06309396,0.5314618,15.03232,-25.7069,7.36142
06.12.2023 14:47:11,0.009218131,0.8587746,-0.02542238,0.5116395,-3.04366,-28.41332,5.584198,-0.06414877,0.8427729,0.06286178,0.5307232,15.02319,-25.81126,7.409607
06.12.2023 14:47:11,0.009224346,0.8591715,-0.02557866,0.5109648,-3.059877,-28.50282,5.590363,-0.06456188,0.84328,0.06242267,0.5299191,15.0033,-25.92697,7.486786
06.12.2023 14:47:11,0.009087621,0.8595739,-0.0257031,0.5102838,-3.064606,-28.59297,5.608734,-0.0643946,0.8436814,0.06229643,0.5293149,14.97897,-26.00974,7.485352
06.12.2023 14:47:11,0.009122713,0.8599844,-0.02586324,0.5095828,-3.082942,-28.68589,5.612152,-0.06414973,0.8440317,0.06232381,0.5287827,14.96515,-26.08105,7.466003
06.12.2023 14:47:11,0.009035544,0.8604282,-0.02594482,0.5088308,-3.086436,-28.78569,5.622803,-0.06362621,0.8442854,0.06254534,0.5284145,14.95383,-26.12691,7.405365
06.12.2023 14:47:11,0.009046393,0.860895,-0.02606477,0.5080341,-3.099484,-28.8914,5.625885,-0.06316637,0.8446151,0.06283812,0.5279079,14.953,-26.19145,7.348267
06.12.2023 14:47:11,0.009025271,0.8613029,-0.02609272,0.5073413,-3.101517,-28.98351,5.627106,-0.06326365,0.8448428,0.06300509,0.5275119,14.97412,-26.24477,7.352325
06.12.2023 14:47:11,0.008936435,0.8617048,-0.0261443,0.5066572,-3.101948,-29.0742,5.636414,-0.06362201,0.8451706,0.06298193,0.5269461,14.99207,-26.32412,7.395691
06.12.2023 14:47:11,0.008655625,0.8622223,-0.0262163,0.5057773,-3.093423,-29.19049,5.665222,-0.06397242,0.8455735,0.06294384,0.5262614,15.00766,-26.41975,7.440674
06.12.2023 14:47:12,0.008567569,0.8626907,-0.02644813,0.5049673,-3.111877,-29.29713,5.684479,-0.06355996,0.8460103,0.0631611,0.525583,15.00195,-26.50845,7.394928
06.12.2023 14:47:12,0.008498144,0.8631243,-0.02653437,0.5042224,-3.116986,-29.39565,5.693665,-0.06299167,0.846599,0.06322538,0.5246949,14.97137,-26.62605,7.345642
06.12.2023 14:47:12,0.008461976,0.8635745,-0.02665718,0.5034451,-3.12768,-29.49834,5.701538,-0.06270708,0.8471091,0.06308961,0.5239214,14.93872,-26.73101,7.335052
06.12.2023 14:47:12,0.008513167,0.8640029,-0.02667651,0.5027077,-3.133144,-29.59626,5.694916,-0.06281395,0.8476216,0.06285413,0.5231074,14.91983,-26.84427,7.369507
06.12.2023 14:47:12,0.008575479,0.8644263,-0.02658808,0.5019829,-3.12855,-29.69289,5.681,-0.06265861,0.8478978,0.06290915,0.5226717,14.91464,-26.90232,7.356018
06.12.2023 14:47:12,0.008593339,0.8648684,-0.02659938,0.5012199,-3.131297,-29.79406,5.677124,-0.06237623,0.8482531,0.06299917,0.5221178,14.90494,-26.9755,7.329224
06.12.2023 14:47:12,0.008601977,0.865303,-0.02656432,0.5004709,-3.128899,-29.89351,5.671539,-0.06240939,0.8486146,0.06307927,0.5215166,14.91315,-27.05686,7.334717
06.12.2023 14:47:12,0.008558738,0.8657019,-0.02666362,0.4997761,-3.136815,-29.98508,5.679016,-0.06273316,0.8489035,0.06302924,0.5210132,14.9263,-27.12742,7.375671
06.12.2023 14:47:12,0.008443899,0.8661708,-0.02663079,0.4989666,-3.127614,-30.09221,5.685608,-0.06288834,0.8492557,0.06285556,0.5204412,14.91693,-27.20734,7.408234
06.12.2023 14:47:12,0.008333129,0.8666098,-0.02665063,0.4982045,-3.123858,-30.19279,5.695007,-0.062709,0.8495547,0.06291162,0.5199677,14.91034,-27.27026,7.3927
06.12.2023 14:47:12,0.008203628,0.8670086,-0.02657511,0.4975164,-3.109512,-30.2839,5.70108,-0.06253046,0.8500306,0.06307209,0.5191916,14.91327,-27.37348,7.374512
06.12.2023 14:47:12,0.007980815,0.8674393,-0.02652216,0.4967715,-3.092151,-30.38219,5.71756,-0.06248045,0.8505051,0.0632469,0.5183987,14.92526,-27.4795,7.368378
06.12.2023 14:47:12,0.007919598,0.8678695,-0.02648352,0.4960226,-3.085441,-30.48121,5.718781,-0.06244921,0.8511276,0.06337248,0.5173645,14.93286,-27.61868,7.369904
06.12.2023 14:47:12,0.007841648,0.8683335,-0.02632239,0.4952199,-3.065635,-30.58773,5.714508,-0.06243741,0.8517241,0.06352082,0.5163651,14.944,-27.75295,7.371613
06.12.2023 14:47:12,0.007783803,0.8687231,-0.02626585,0.4945399,-3.057281,-30.67761,5.714661,-0.06232415,0.8522915,0.06378272,0.5154094,14.96042,-27.87981,7.355957
06.12.2023 14:47:12,0.007740811,0.8691362,-0.02624604,0.4938153,-3.053467,-30.77324,5.715271,-0.06217904,0.8527978,0.06409223,0.5145501,14.97998,-27.99295,7.333221
06.12.2023 14:47:12,0.007734368,0.8696121,-0.02614167,0.4929824,-3.043381,-30.88349,5.707062,-0.0621091,0.8531232,0.06448559,0.5139697,15.01306,-28.06808,7.309631
06.12.2023 14:47:12,0.007645469,0.870207,-0.02613255,0.4919333,-3.038305,-31.02165,5.711761,-0.0619215,0.8536875,0.06471549,0.5130256,15.02213,-28.19296,7.288483
06.12.2023 14:47:12,0.007676016,0.8705097,-0.02609895,0.4913989,-3.037111,-31.09223,5.704926,-0.06192074,0.8539789,0.06480077,0.5125299,15.02917,-28.25932,7.289215
06.12.2023 14:47:12,0.007462694,0.8714134,-0.02588195,0.4898094,-3.004727,-31.30195,5.708496,-0.06280356,0.8548775,0.06383874,0.5110429,14.98203,-28.47246,7.451721
06.12.2023 14:47:12,0.007432843,0.8718548,-0.02583233,0.4890262,-2.998728,-31.40511,5.705994,-0.06256991,0.8554562,0.06391845,0.5100923,14.97345,-28.59886,7.434937
06.12.2023 14:47:12,0.00733509,0.8723008,-0.02575152,0.488236,-2.985811,-31.50913,5.708527,-0.06184936,0.8560023,0.06424297,0.5092225,14.96082,-28.70967,7.354248
06.12.2023 14:47:12,0.007357809,0.8727648,-0.02571742,0.4874077,-2.984341,-31.61816,5.701508,-0.06131865,0.8566126,0.06450049,0.5082271,14.95248,-28.83891,7.297852
06.12.2023 14:47:12,0.007411694,0.8731984,-0.02568518,0.4866312,-2.984743,-31.72037,5.69165,-0.06129901,0.8571682,0.06457891,0.5072817,14.95657,-28.96553,7.302338
06.12.2023 14:47:12,0.007331478,0.8736462,-0.02568,0.4858283,-2.980389,-31.82563,5.696625,-0.06125638,0.8577968,0.06458785,0.5062221,14.95212,-29.10786,7.309998
06.12.2023 14:47:12,0.007290991,0.874057,-0.02580966,0.4850827,-2.991723,-31.92294,5.705383,-0.06128625,0.8583458,0.06465904,0.5052779,14.95837,-29.23449,7.319855
06.12.2023 14:47:12,0.007338008,0.8744758,-0.02573641,0.4843304,-2.987597,-32.02194,5.694,-0.06122239,0.8587364,0.06484132,0.5045983,14.97095,-29.32414,7.31073
06.12.2023 14:47:12,0.007272066,0.8749514,-0.02573606,0.4834718,-2.984585,-32.1344,5.697662,-0.06123167,0.8591982,0.06489757,0.5038031,14.97491,-29.43063,7.317688
06.12.2023 14:47:12,0.007293248,0.8753857,-0.02577126,0.4826826,-2.989918,-32.2377,5.694794,-0.06135248,0.8596432,0.06472392,0.5030511,14.96262,-29.5336,7.348724
06.12.2023 14:47:12,0.007275843,0.875864,-0.02581521,0.4818121,-2.994059,-32.35149,5.696014,-0.06200525,0.8600584,0.06405189,0.5023468,14.93164,-29.63683,7.461456
06.12.2023 14:47:12,0.007262026,0.8763571,-0.02585047,0.4809129,-2.997553,-32.46902,5.696289,-0.06241709,0.8604703,0.06363761,0.5016426,14.9122,-29.73665,7.535004
06.12.2023 14:47:12,0.007348264,0.8769171,-0.02592891,0.4798857,-3.010999,-32.60326,5.688416,-0.06245093,0.8609219,0.06351671,0.5008784,14.89984,-29.84016,7.554291
06.12.2023 14:47:12,0.007485955,0.8773927,-0.02596921,0.4790111,-3.023302,-32.7177,5.673767,-0.0618295,0.8614194,0.06379753,0.5000637,14.88959,-29.94375,7.485168
06.12.2023 14:47:12,0.007517838,0.8778601,-0.02612031,0.4781453,-3.040923,-32.83032,5.675873,-0.0608214,0.8620284,0.06447405,0.49905,14.89615,-30.0688,7.356659
06.12.2023 14:47:12,0.007585383,0.8784115,-0.02616822,0.4771278,-3.050225,-32.96314,5.668182,-0.06015691,0.8626289,0.06512891,0.4980069,14.92047,-30.19975,7.264221
06.12.2023 14:47:12,0.007679003,0.8788473,-0.0261728,0.4763228,-3.056412,-33.06836,5.656189,-0.06018315,0.8630653,0.06523483,0.4972331,14.93054,-30.30261,7.269714
06.12.2023 14:47:12,0.007673255,0.87936,-0.02621446,0.4753735,-3.061005,-33.19204,5.655731,-0.06048152,0.8636064,0.06530418,0.4962473,14.95193,-30.43565,7.307129
06.12.2023 14:47:12,0.007751596,0.8798453,-0.02621605,0.4744734,-3.066099,-33.30952,5.644775,-0.0605968,0.864005,0.06542268,0.4955233,14.96841,-30.53221,7.320313
06.12.2023 14:47:12,0.007775888,0.8802949,-0.02622751,0.4736376,-3.069186,-33.41843,5.640045,-0.06047616,0.8644786,0.06563957,0.4946825,14.98096,-30.64219,7.305511
06.12.2023 14:47:12,0.007745512,0.8808005,-0.0263246,0.4726918,-3.07803,-33.54117,5.645081,-0.06039128,0.8648435,0.06572655,0.4940433,14.98312,-30.72638,7.299438
06.12.2023 14:47:12,0.007852093,0.8812774,-0.02617931,0.4718083,-3.069762,-33.6569,5.623352,-0.06051007,0.8651843,0.06552551,0.4934583,14.9682,-30.80661,7.329712
06.12.2023 14:47:12,0.00794159,0.8817444,-0.0262832,0.4709278,-3.085721,-33.77124,5.616852,-0.0607303,0.8656164,0.06514434,0.4927233,14.94055,-30.90869,7.382233
06.12.2023 14:47:12,0.008034266,0.8822243,-0.02635251,0.4700227,-3.098359,-33.88884,5.608032,-0.06077133,0.8660637,0.06469413,0.4919911,14.89578,-31.00974,7.420563
06.12.2023 14:47:12,0.008010665,0.8827029,-0.02633433,0.4691246,-3.095867,-34.00557,5.606293,-0.06068261,0.8665919,0.06444016,0.4911045,14.86282,-31.1291,7.43631
06.12.2023 14:47:12,0.00779289,0.8832008,-0.02646194,0.4681832,-3.09774,-34.12695,5.631927,-0.06081667,0.8671488,0.06424272,0.4901298,14.84784,-31.26102,7.472229
06.12.2023 14:47:12,0.007506582,0.883759,-0.02669797,0.46712,-3.107073,-34.26352,5.669891,-0.06070948,0.8677894,0.06428595,0.4890023,14.84293,-31.41007,7.471863
06.12.2023 14:47:12,0.007208736,0.884297,-0.02694731,0.4660911,-3.117208,-34.39548,5.709839,-0.06032183,0.8684258,0.06452841,0.4878874,14.84229,-31.55428,7.431763
06.12.2023 14:47:12,0.007008945,0.8848149,-0.02713491,0.4650992,-3.126374,-34.52296,5.736664,-0.05945851,0.8690761,0.06546506,0.4867092,14.8847,-31.69904,7.305054
06.12.2023 14:47:12,0.007123976,0.8853696,-0.02711163,0.464042,-3.131012,-34.66026,5.720001,-0.05906523,0.8696778,0.0658157,0.4856339,14.89511,-31.83691,7.257843
06.12.2023 14:47:12,0.007320932,0.8859122,-0.02699106,0.4630091,-3.130063,-34.79482,5.689911,-0.0590571,0.8702506,0.06609778,0.4845693,14.92029,-31.97609,7.253387
06.12.2023 14:47:12,0.007529899,0.8864961,-0.02679569,0.4618982,-3.12214,-34.93972,5.654358,-0.05919465,0.8708746,0.06605596,0.4834356,14.92078,-32.12753,7.282715
06.12.2023 14:47:12,0.007627499,0.887129,-0.02666053,0.4606877,-3.114439,-35.09692,5.632996,-0.05957507,0.871484,0.06581211,0.4823227,14.91443,-32.27901,7.347717
06.12.2023 14:47:12,0.007538958,0.8876991,-0.02655122,0.459596,-3.099422,-35.23821,5.632385,-0.05994981,0.8720973,0.06545177,0.4812157,14.89587,-32.43035,7.418549
06.12.2023 14:47:12,0.00747006,0.8882682,-0.0265367,0.458497,-3.0951,-35.38004,5.634827,-0.06017937,0.8726724,0.06534997,0.480157,14.89536,-32.5725,7.459656
06.12.2023 14:47:12,0.007370621,0.8887931,-0.02654099,0.4574802,-3.091043,-35.51105,5.641632,-0.06018483,0.873095,0.06527121,0.4793982,14.88556,-32.67339,7.473267
06.12.2023 14:47:12,0.007197816,0.8893529,-0.02654614,0.4563933,-3.083304,-35.65086,5.655762,-0.05976608,0.8736444,0.06552538,0.4784142,14.88538,-32.79911,7.427826
06.12.2023 14:47:12,0.007117265,0.8898561,-0.02658076,0.4554108,-3.083352,-35.77724,5.662384,-0.0596008,0.8741699,0.06589939,0.4774223,14.91135,-32.92652,7.401642
06.12.2023 14:47:12,0.007021006,0.8904088,-0.02650696,0.454335,-3.071599,-35.91589,5.664612,-0.05954421,0.8747134,0.06620317,0.4763907,14.93613,-33.06024,7.3909
06.12.2023 14:47:12,0.007093213,0.8909446,-0.02664063,0.4532744,-3.089797,-36.05211,5.660553,-0.05953727,0.8752198,0.06647136,0.4754232,14.96024,-33.18599,7.386475
06.12.2023 14:47:12,0.007077922,0.8914185,-0.02673467,0.4523365,-3.099309,-36.17243,5.663757,-0.05932145,0.8757727,0.06664921,0.4744061,14.96368,-33.3175,7.366394
06.12.2023 14:47:12,0.007189427,0.8919616,-0.02692565,0.4512514,-3.125417,-36.31152,5.658478,-0.05889762,0.8764148,0.06680855,0.4732492,14.95358,-33.46613,7.327698
06.12.2023 14:47:12,0.007132528,0.8924897,-0.02702985,0.4502007,-3.133915,-36.44608,5.666016,-0.05853118,0.8768862,0.06672645,0.4724324,14.92316,-33.57191,7.304169
06.12.2023 14:47:12,0.007022398,0.8929715,-0.0272678,0.4492316,-3.153323,-36.56947,5.686157,-0.05877002,0.8774416,0.06647679,0.4714056,14.90808,-33.71024,7.353912
06.12.2023 14:47:12,0.007030224,0.8935255,-0.02740299,0.4481203,-3.168428,-36.71166,5.688416,-0.05966184,0.8781842,0.06604967,0.4699686,14.90912,-33.90767,7.48468
06.12.2023 14:47:12,0.007034007,0.8940429,-0.02748551,0.4470822,-3.177879,-36.84457,5.688568,-0.05997536,0.8787916,0.06591544,0.4688107,14.90912,-34.06265,7.537231
06.12.2023 14:47:12,0.007177114,0.8945702,-0.02739733,0.4460291,-3.176964,-36.98022,5.665619,-0.06000985,0.8795472,0.06610162,0.4673608,14.92572,-34.25198,7.54715
06.12.2023 14:47:12,0.007125301,0.8951219,-0.02729878,0.444928,-3.165022,-37.12158,5.661987,-0.05932903,0.8802519,0.06669618,0.4660347,14.94586,-34.41765,7.460388
06.12.2023 14:47:12,0.007145555,0.8957213,-0.0273504,0.4437164,-3.172247,-37.2766,5.658264,-0.05868328,0.8810037,0.06739692,0.4645928,14.97867,-34.5978,7.372864
06.12.2023 14:47:12,0.007024155,0.8962899,-0.0273865,0.4425664,-3.170636,-37.42339,5.668488,-0.05844364,0.8816012,0.06760168,0.4634584,14.9837,-34.74343,7.35022
06.12.2023 14:47:12,0.006788968,0.8968315,-0.02737297,0.4414724,-3.158148,-37.56287,5.688141,-0.05862884,0.8822284,0.0675532,0.462247,14.98538,-34.9035,7.385681
06.12.2023 14:47:12,0.006645808,0.8974337,-0.02750955,0.4402407,-3.165914,-37.71951,5.705444,-0.05945957,0.8828737,0.06691283,0.4610003,14.96072,-35.07617,7.519501
06.12.2023 14:47:12,0.006634533,0.8978913,-0.02759129,0.4393017,-3.174497,-37.83915,5.707428,-0.05958193,0.883423,0.06659728,0.4599767,14.93204,-35.21275,7.560547
06.12.2023 14:47:12,0.00670438,0.8985093,-0.02747452,0.4380426,-3.166965,-38.00047,5.68988,-0.05950288,0.8840822,0.06644282,0.4587412,14.90848,-35.37454,7.574646
06.12.2023 14:47:12,0.006818662,0.8990415,-0.0273242,0.4369568,-3.158029,-38.13979,5.666718,-0.05899823,0.8847311,0.06645033,0.4575527,14.87918,-35.52627,7.535706
06.12.2023 14:47:12,0.006912062,0.8995904,-0.02728861,0.4358265,-3.159863,-38.28423,5.651306,-0.05821403,0.8854514,0.06678843,0.4562086,14.86871,-35.69422,7.452179
06.12.2023 14:47:12,0.006945531,0.9001486,-0.0272041,0.4346771,-3.153639,-38.43108,5.639587,-0.05750519,0.8860872,0.06723478,0.4549969,14.87393,-35.8446,7.369202
06.12.2023 14:47:12,0.006863962,0.900736,-0.02729442,0.4334542,-3.159777,-38.58633,5.648254,-0.05753346,0.8866625,0.06773047,0.4537973,14.92303,-35.99777,7.359497
06.12.2023 14:47:12,0.006643903,0.9013392,-0.02738392,0.4321963,-3.159018,-38.74562,5.671021,-0.05781379,0.8871644,0.06803022,0.4527349,14.96558,-36.13597,7.384705
06.12.2023 14:47:12,0.006407563,0.9019113,-0.02745075,0.4310006,-3.155132,-38.89696,5.694611,-0.05821707,0.8877177,0.0682166,0.4515691,15.00256,-36.28911,7.42984
06.12.2023 14:47:12,0.006269563,0.9025208,-0.02748212,0.4297228,-3.152556,-39.05896,5.705963,-0.0584057,0.8883029,0.06807751,0.4504135,14.9949,-36.44147,7.469757
06.12.2023 14:47:12,0.006058769,0.9030163,-0.02738131,0.4286899,-3.132558,-39.19003,5.719238,-0.05844161,0.8888177,0.06807448,0.4493924,14.99359,-36.57436,7.485199
06.12.2023 14:47:12,0.006001827,0.9036698,-0.02745927,0.4273066,-3.138941,-39.36525,5.724152,-0.05834853,0.8894507,0.0679252,0.4481731,14.97,-36.73295,7.497162
06.12.2023 14:47:12,0.005987972,0.9042193,-0.02743055,0.4261446,-3.136216,-39.51274,5.720154,-0.05818688,0.8900136,0.06774957,0.4471021,14.94058,-36.87187,7.501617
06.12.2023 14:47:12,0.005909862,0.9048419,-0.02745367,0.4248205,-3.135858,-39.68034,5.724792,-0.05795837,0.8906443,0.06757785,0.4459001,14.90778,-37.02718,7.500336
06.12.2023 14:47:12,0.005847955,0.905407,-0.0273319,0.4236237,-3.121164,-39.83226,5.72113,-0.05759737,0.8912239,0.06753952,0.4447931,14.88223,-37.16836,7.477295
06.12.2023 14:47:12,0.005834552,0.906014,-0.02745403,0.422316,-3.134239,-39.99736,5.723969,-0.0575587,0.8917897,0.06754411,0.4436621,14.87756,-37.31448,7.485687
06.12.2023 14:47:12,0.005734197,0.9066426,-0.02744734,0.4209666,-3.129772,-40.16791,5.729401,-0.05745481,0.8922992,0.0676403,0.4426353,14.87933,-37.44601,7.481445
06.12.2023 14:47:12,0.00557325,0.9072789,-0.02746173,0.419595,-3.124622,-40.34093,5.742096,-0.05738661,0.8929456,0.06772325,0.4413259,14.8808,-37.61433,7.484741
06.12.2023 14:47:12,0.005424973,0.907896,-0.0274329,0.4182618,-3.115592,-40.50912,5.751587,-0.05715306,0.893586,0.06784109,0.4400399,14.87753,-37.77815,7.468811
06.12.2023 14:47:12,0.005370849,0.9084846,-0.02741391,0.4169837,-3.112081,-40.67044,5.751923,-0.0568244,0.8941991,0.06793885,0.4388203,14.86768,-37.93278,7.443237
06.12.2023 14:47:13,0.005314792,0.9090908,-0.02735041,0.4156653,-3.103876,-40.8369,5.750214,-0.05645869,0.8947845,0.06816868,0.4376371,14.86978,-38.08153,7.406677
06.12.2023 14:47:13,0.005153872,0.909659,-0.02725429,0.4144287,-3.087218,-40.9928,5.758179,-0.05637328,0.8953695,0.06809028,0.4364621,14.85419,-38.23289,7.414795
06.12.2023 14:47:13,0.005263596,0.9102224,-0.02729454,0.4131858,-3.097652,-41.14954,5.744415,-0.05703347,0.8960002,0.067639,0.4351503,14.83698,-38.40912,7.520935
06.12.2023 14:47:13,0.0051951,0.9107928,-0.0272068,0.4119335,-3.086273,-41.30739,5.743164,-0.05756185,0.8966211,0.06730531,0.4338516,14.8251,-38.58186,7.607208
06.12.2023 14:47:13,0.005208019,0.9113361,-0.02715349,0.4107336,-3.082288,-41.45862,5.735229,-0.05726736,0.8972251,0.06752115,0.4326067,14.82922,-38.73875,7.579407
06.12.2023 14:47:13,0.005177248,0.9118686,-0.02721465,0.4095465,-3.088191,-41.60768,5.737305,-0.05625867,0.8978058,0.06810383,0.4314413,14.83624,-38.87822,7.457794
06.12.2023 14:47:13,0.005171333,0.9124251,-0.02722544,0.4083044,-3.090045,-41.76378,5.734222,-0.05559259,0.8983632,0.06859972,0.4302873,14.85156,-39.01895,7.376221
06.12.2023 14:47:13,0.005089385,0.9129608,-0.02717256,0.4071097,-3.081641,-41.91386,5.736267,-0.05566682,0.8990023,0.06852032,0.4289536,14.84344,-39.19119,7.402679
06.12.2023 14:47:13,0.005013689,0.9134275,-0.02718573,0.4060617,-3.080337,-42.04524,5.741302,-0.05605844,0.8995841,0.06818111,0.427735,14.82419,-39.35226,7.473907
06.12.2023 14:47:13,0.004962856,0.91395,-0.02723165,0.4048819,-3.083742,-42.19305,5.744781,-0.05645638,0.9002858,0.06798501,0.426235,14.81918,-39.54849,7.541809
06.12.2023 14:47:13,0.004840671,0.9144922,-0.02727185,0.4036544,-3.083296,-42.3466,5.75531,-0.05604859,0.9008654,0.06823593,0.4250223,14.82193,-39.6996,7.500061
06.12.2023 14:47:13,0.004806325,0.9150265,-0.02728138,0.4024414,-3.083709,-42.49855,5.75528,-0.05477437,0.901475,0.06899758,0.4237711,14.83566,-39.84645,7.342773
06.12.2023 14:47:13,0.004755502,0.9155503,-0.02739519,0.4012413,-3.094305,-42.64841,5.76181,-0.05422458,0.9021227,0.06913567,0.4224389,14.81985,-40.01224,7.292969
06.12.2023 14:47:13,0.00478149,0.9160824,-0.02738106,0.4000256,-3.095021,-42.80074,5.754333,-0.05423965,0.9027172,0.06901757,0.4211844,14.80505,-40.17346,7.314087
06.12.2023 14:47:13,0.004725853,0.9167033,-0.02750281,0.3985928,-3.10645,-42.97948,5.760895,-0.0547468,0.9033018,0.0684681,0.4199534,14.76904,-40.33746,7.407593
06.12.2023 14:47:13,0.004629776,0.9172344,-0.02752711,0.3973686,-3.105639,-43.13228,5.767975,-0.05500717,0.9037762,0.0682041,0.4189404,14.75131,-40.47014,7.458801
06.12.2023 14:47:13,0.004667263,0.917828,-0.02759025,0.3959909,-3.115135,-43.30434,5.762238,-0.05488333,0.9043362,0.06794325,0.4177889,14.71494,-40.61766,7.470917
06.12.2023 14:47:13,0.004704186,0.9183637,-0.027624,0.3947442,-3.121393,-43.46004,5.755646,-0.05466971,0.9049956,0.06779671,0.4164106,14.68561,-40.79271,7.470428
06.12.2023 14:47:13,0.004668566,0.9189112,-0.02756174,0.3934727,-3.114269,-43.61887,5.752258,-0.05459061,0.9055266,0.06790923,0.4152468,14.6904,-40.93987,7.469238
06.12.2023 14:47:13,0.00453599,0.9195266,-0.02755423,0.3920344,-3.108688,-43.798,5.761017,-0.05439155,0.9060972,0.06786797,0.4140332,14.67328,-41.09325,7.463318
06.12.2023 14:47:13,0.004593991,0.9200764,-0.02765639,0.3907346,-3.123138,-43.95985,5.755096,-0.05399318,0.906664,0.06817478,0.4127922,14.68314,-41.24672,7.420013
06.12.2023 14:47:13,0.004540687,0.9205978,-0.02763764,0.3895065,-3.119782,-44.11281,5.755707,-0.05334288,0.9072726,0.06845991,0.4114903,14.67874,-41.40614,7.351837
06.12.2023 14:47:13,0.004661398,0.9211479,-0.02774556,0.3881945,-3.137629,-44.27612,5.743317,-0.05289773,0.9078418,0.06873462,0.4102446,14.68332,-41.55981,7.305206
06.12.2023 14:47:13,0.00470701,0.9216885,-0.02765035,0.3869156,-3.13062,-44.4357,5.729919,-0.05270078,0.9084017,0.06915429,0.4089581,14.71484,-41.71956,7.278381
06.12.2023 14:47:13,0.004912192,0.9222171,-0.02767036,0.38565,-3.142812,-44.59354,5.704773,-0.0526391,0.9089106,0.06933142,0.4078037,14.72766,-41.86472,7.27594
06.12.2023 14:47:13,0.004932697,0.9227039,-0.02768829,0.3844821,-3.146504,-44.73872,5.699432,-0.05272004,0.9094147,0.06922606,0.4066858,14.71756,-42.00775,7.301514
06.12.2023 14:47:13,0.004920174,0.9232206,-0.02775338,0.3832353,-3.153785,-44.8934,5.699371,-0.05282127,0.9099373,0.06907214,0.4055281,14.70316,-42.15614,7.33194
06.12.2023 14:47:13,0.00480421,0.9237452,-0.02802134,0.3819512,-3.178056,-45.05173,5.719025,-0.05290363,0.9106592,0.06846198,0.4039976,14.63882,-42.35394,7.38562
06.12.2023 14:47:13,0.004596847,0.9241857,-0.0283547,0.3808618,-3.205167,-45.18533,5.751862,-0.05286975,0.9112491,0.06812291,0.4027271,14.59821,-42.51636,7.411377
06.12.2023 14:47:13,0.004471584,0.9246329,-0.02849468,0.3797658,-3.215439,-45.32053,5.767487,-0.05303647,0.9119124,0.06777593,0.4012598,14.56546,-42.705,7.460724
06.12.2023 14:47:13,0.004573095,0.9250817,-0.02870879,0.3786539,-3.243481,-45.45795,5.762146,-0.05286809,0.9125171,0.06789315,0.3998852,14.56635,-42.87701,7.451965
06.12.2023 14:47:13,0.004766916,0.9255186,-0.02870929,0.3775823,-3.252811,-45.59123,5.737823,-0.0523257,0.9130823,0.06846124,0.3985672,14.59787,-43.03677,7.382141
06.12.2023 14:47:13,0.004861875,0.9259728,-0.02865236,0.3764702,-3.251751,-45.72943,5.721375,-0.05163719,0.9137223,0.06892906,0.3971071,14.612,-43.21378,7.302979
06.12.2023 14:47:13,0.004947318,0.9264154,-0.02864968,0.3753788,-3.255995,-45.86479,5.708344,-0.05099786,0.9143124,0.06956048,0.3957189,14.64609,-43.38101,7.220825
06.12.2023 14:47:13,0.00496929,0.926834,-0.02851997,0.3743539,-3.243935,-45.99211,5.696808,-0.05102409,0.9149342,0.06965663,0.3942587,14.65387,-43.56488,7.234772
06.12.2023 14:47:13,0.00483924,0.9272526,-0.02849733,0.3733191,-3.236733,-46.11986,5.706055,-0.05182004,0.9155707,0.06944246,0.3927121,14.66339,-43.76682,7.345703
06.12.2023 14:47:13,0.00466852,0.9276838,-0.0284842,0.3722496,-3.228857,-46.25171,5.71991,-0.05311399,0.9161043,0.06890485,0.3913874,14.66135,-43.94589,7.522003
06.12.2023 14:47:13,0.00458969,0.9280652,-0.02842602,0.3713029,-3.22004,-46.3687,5.722534,-0.05314789,0.9166487,0.06885518,0.3901148,14.65408,-44.1066,7.541382
06.12.2023 14:47:13,0.004542827,0.928503,-0.02847224,0.3702039,-3.223825,-46.5042,5.725677,-0.05236297,0.9171592,0.06933168,0.3889348,14.6662,-44.24692,7.448761
06.12.2023 14:47:13,0.004644812,0.9288994,-0.02852683,0.3692027,-3.23474,-46.62793,5.713654,-0.05182273,0.9175994,0.06956439,0.3879262,14.66406,-44.36859,7.391388
06.12.2023 14:47:13,0.004675432,0.9293117,-0.02857886,0.3681593,-3.242376,-46.75662,5.708954,-0.05158399,0.9180434,0.06976096,0.3868705,14.67154,-44.49854,7.368317
06.12.2023 14:47:13,0.004743697,0.929686,-0.02859333,0.3672111,-3.247517,-46.87373,5.698975,-0.05218061,0.918584,0.06940918,0.3855685,14.65729,-44.66827,7.461578
06.12.2023 14:47:13,0.00475091,0.93009,-0.02875595,0.3661736,-3.265941,-47.00119,5.701416,-0.05273341,0.9191224,0.06917252,0.3842504,14.65305,-44.83902,7.545135
06.12.2023 14:47:13,0.004761564,0.9304847,-0.02898277,0.3651515,-3.291357,-47.1265,5.706207,-0.05266256,0.9197014,0.06930148,0.3828489,14.65976,-45.01372,7.546692
06.12.2023 14:47:13,0.00482047,0.9309508,-0.02902994,0.3639571,-3.299756,-47.27368,5.697662,-0.05170375,0.9202694,0.0698423,0.3815142,14.67148,-45.17131,7.434357
06.12.2023 14:47:13,0.004810782,0.9313115,-0.02918355,0.3630207,-3.316457,-47.38849,5.701782,-0.05074346,0.92075,0.07019534,0.3804172,14.66412,-45.29987,7.327606
06.12.2023 14:47:13,0.004923357,0.9317556,-0.02926628,0.3618712,-3.330834,-47.53004,5.689117,-0.05059121,0.9213094,0.0701621,0.3790869,14.65057,-45.46552,7.326843
06.12.2023 14:47:13,0.005056804,0.9321626,-0.02923148,0.3608226,-3.333412,-47.65956,5.669617,-0.05103259,0.9218012,0.06990447,0.3778777,14.63925,-45.62144,7.398193
06.12.2023 14:47:13,0.00511849,0.9325891,-0.02912322,0.3597266,-3.325165,-47.79486,5.654633,-0.05160218,0.9222917,0.06930704,0.3767118,14.59723,-45.7744,7.497559
06.12.2023 14:47:13,0.005168009,0.9329986,-0.02914484,0.3586607,-3.330262,-47.92598,5.646423,-0.05189651,0.9228157,0.0693587,0.3753762,14.61182,-45.94337,7.540924
06.12.2023 14:47:13,0.004929504,0.9333625,-0.02906092,0.3577227,-3.312139,-48.04088,5.665161,-0.05177679,0.9233021,0.06939726,0.3741879,14.60748,-46.09079,7.538879
06.12.2023 14:47:13,0.004925741,0.9338244,-0.02902429,0.3565183,-3.308918,-48.18893,5.65979,-0.05173415,0.9237909,0.06941519,0.3729818,14.60425,-46.24101,7.546173
06.12.2023 14:47:13,0.004824192,0.934238,-0.02890573,0.3554442,-3.292831,-48.32091,5.662018,-0.05167972,0.9242892,0.06944889,0.3717467,14.60211,-46.39464,7.551819
06.12.2023 14:47:13,0.004736484,0.9346983,-0.02873603,0.3542468,-3.271924,-48.46814,5.660278,-0.05115621,0.9248284,0.06950946,0.3704645,14.58273,-46.55035,7.506348
06.12.2023 14:47:13,0.004757127,0.9350639,-0.02862072,0.3532899,-3.261071,-48.58594,5.650024,-0.05064998,0.9252025,0.06968004,0.3695669,14.57703,-46.65768,7.453979
06.12.2023 14:47:13,0.004666078,0.9355146,-0.02835424,0.3521176,-3.229618,-48.73022,5.644897,-0.05033821,0.9257029,0.06956166,0.3683768,14.548,-46.80417,7.437866
06.12.2023 14:47:13,0.004508483,0.9359276,-0.0281723,0.351035,-3.204489,-48.86304,5.650757,-0.05064532,0.9262282,0.06940752,0.3670409,14.54092,-46.9736,7.491364
06.12.2023 14:47:13,0.004422702,0.9363788,-0.02789886,0.3498527,-3.172506,-49.00845,5.644897,-0.05110156,0.9266748,0.06920775,0.3658863,14.53561,-47.12166,7.560944
06.12.2023 14:47:13,0.004161453,0.936834,-0.02761064,0.3486579,-3.131916,-49.15491,5.657379,-0.05153838,0.9271531,0.06947162,0.3645608,14.57855,-47.28882,7.610718
06.12.2023 14:47:13,0.003944,0.9372525,-0.02740939,0.34755,-3.102392,-49.29053,5.669006,-0.05140678,0.9276072,0.06980867,0.3633581,14.60577,-47.43597,7.59491
06.12.2023 14:47:13,0.003737913,0.9376909,-0.02713334,0.3463894,-3.065349,-49.43275,5.676361,-0.05112463,0.9280035,0.07019089,0.3623108,14.63208,-47.56239,7.559418
06.12.2023 14:47:13,0.003439052,0.9381573,-0.02692108,0.3451442,-3.031579,-49.58487,5.696014,-0.05084718,0.9284246,0.07040651,0.3612275,14.64069,-47.69392,7.531799
06.12.2023 14:47:13,0.003177478,0.9386016,-0.02669919,0.3439536,-2.998259,-49.73033,5.711548,-0.05086327,0.928838,0.07062078,0.360119,14.66135,-47.83084,7.536255
06.12.2023 14:47:13,0.002986958,0.9390478,-0.02648452,0.3427519,-2.968564,-49.87724,5.719788,-0.05087568,0.9293848,0.07051479,0.3587244,14.64664,-48.00453,7.55658
06.12.2023 14:47:13,0.002826202,0.9395331,-0.02638275,0.3414287,-2.952316,-50.03868,5.728943,-0.05073219,0.9299166,0.07058738,0.3573497,14.64478,-48.17369,7.55246
06.12.2023 14:47:13,0.002573127,0.9399354,-0.02628485,0.3403294,-2.932736,-50.17247,5.748932,-0.05066324,0.9304278,0.07068738,0.3560065,14.64899,-48.33932,7.554932
06.12.2023 14:47:13,0.00245469,0.9403352,-0.0260938,0.3392388,-2.908396,-50.30574,5.750854,-0.05070961,0.9309605,0.07050461,0.3546409,14.62747,-48.50969,7.581696
06.12.2023 14:47:13,0.002263476,0.9407647,-0.02603077,0.3380518,-2.895127,-50.45015,5.76535,-0.05083553,0.9314663,0.07045919,0.3533012,14.62396,-48.6768,7.611176
06.12.2023 14:47:13,0.002123549,0.9411604,-0.02595129,0.3369558,-2.882032,-50.5836,5.774017,-0.05081585,0.9319413,0.07039009,0.3520633,14.61224,-48.8302,7.624725
06.12.2023 14:47:13,0.001888733,0.9415298,-0.02600313,0.3359196,-2.879429,-50.70911,5.798218,-0.05083682,0.9324193,0.07032795,0.3508046,14.60284,-48.98634,7.642609
06.12.2023 14:47:13,0.001772966,0.9419393,-0.02596898,0.3347729,-2.872265,-50.84854,5.805908,-0.0509197,0.932832,0.07047174,0.3496648,14.61844,-49.12741,7.657623
06.12.2023 14:47:13,0.001609838,0.942281,-0.02599603,0.3338086,-2.869763,-50.96544,5.821625,-0.05095994,0.9332471,0.07053503,0.3485366,14.62366,-49.26694,7.671204
06.12.2023 14:47:13,0.001441014,0.9426469,-0.02604484,0.332771,-2.869496,-51.09114,5.838593,-0.05077635,0.9336297,0.07063425,0.3475172,14.62411,-49.39108,7.657867
06.12.2023 14:47:13,0.001406594,0.9429659,-0.02596386,0.3318724,-2.86023,-51.20056,5.836487,-0.05062726,0.9340745,0.07082783,0.3463021,14.63562,-49.53923,7.646576
06.12.2023 14:47:13,0.001249762,0.943277,-0.0260336,0.3309822,-2.862605,-51.30821,5.853394,-0.05074953,0.9344981,0.07088537,0.3451276,14.64334,-49.685,7.6698
06.12.2023 14:47:13,0.001263355,0.9435701,-0.02605103,0.3301441,-2.865762,-51.41005,5.850037,-0.05111992,0.9349561,0.07081999,0.3438435,14.64725,-49.84665,7.726044
06.12.2023 14:47:13,0.001215398,0.9438183,-0.02617106,0.3294248,-2.877585,-51.49699,5.857605,-0.05154369,0.9353792,0.07079674,0.3426322,14.65787,-49.99951,7.785675
06.12.2023 14:47:13,0.001256939,0.9440591,-0.02629588,0.3287239,-2.893297,-51.58189,5.855682,-0.0515197,0.9358137,0.07086436,0.3414335,14.66068,-50.14687,7.792877
06.12.2023 14:47:13,0.001329837,0.9443085,-0.0263565,0.3280017,-2.903256,-51.66959,5.84787,-0.05142381,0.9361637,0.07099308,0.3404602,14.66794,-50.26558,7.787537
06.12.2023 14:47:13,0.001473462,0.9444956,-0.02658309,0.3274435,-2.93369,-51.73708,5.839111,-0.05167827,0.9364848,0.07074465,0.3395893,14.64838,-50.37578,7.834015
06.12.2023 14:47:13,0.001452714,0.9447033,-0.02668888,0.3268353,-2.94491,-51.81055,5.843445,-0.05246785,0.9367414,0.07018639,0.3388754,14.61652,-50.47197,7.94928
06.12.2023 14:47:13,0.001626056,0.9449046,-0.0268572,0.3262381,-2.970166,-51.883,5.829102,-0.05329334,0.9369363,0.06956454,0.3383357,14.57956,-50.54706,8.069031
06.12.2023 14:47:13,0.001770122,0.9450553,-0.02712504,0.3257786,-3.004974,-51.93834,5.822083,-0.05341933,0.9372075,0.06912751,0.3376538,14.53488,-50.63338,8.10675
06.12.2023 14:47:13,0.00204107,0.9452614,-0.02739257,0.3251558,-3.044618,-52.01381,5.80072,-0.05276451,0.9375394,0.06893732,0.3368731,14.48636,-50.72482,8.050659
06.12.2023 14:47:13,0.002218257,0.9454198,-0.0275616,0.3246798,-3.069945,-52.07153,5.786285,-0.05155285,0.93799,0.06889221,0.335814,14.4313,-50.84563,7.931
06.12.2023 14:47:13,0.002478899,0.9456146,-0.02766318,0.3241013,-3.091131,-52.14207,5.759918,-0.05068197,0.9384117,0.06910057,0.3347237,14.41699,-50.97209,7.838989
06.12.2023 14:47:13,0.002657077,0.9457805,-0.0277568,0.3236074,-3.108295,-52.20216,5.742432,-0.05111817,0.9388499,0.06909528,0.333427,14.4292,-51.13483,7.899933
06.12.2023 14:47:13,0.002785034,0.945944,-0.02772642,0.3231307,-3.110118,-52.26038,5.725861,-0.05185157,0.9392519,0.06909139,0.3321802,14.45288,-51.29372,7.992828
06.12.2023 14:47:13,0.002987675,0.9460971,-0.02764007,0.3226878,-3.108592,-52.31482,5.699188,-0.05247116,0.9394972,0.06951128,0.3313004,14.51923,-51.40533,8.053497
06.12.2023 14:47:13,0.00303267,0.9462563,-0.02770046,0.3222152,-3.117157,-52.37206,5.694977,-0.05198642,0.9397101,0.07016736,0.3306341,14.56992,-51.48119,7.982391
06.12.2023 14:47:14,0.003234138,0.9464298,-0.02772937,0.3217006,-3.128107,-52.43486,5.672485,-0.05147688,0.9398551,0.07061694,0.3302058,14.59805,-51.52818,7.914001
06.12.2023 14:47:14,0.003518808,0.94655,-0.02785501,0.3213331,-3.1525,-52.47978,5.644989,-0.05171055,0.9400297,0.07056735,0.3296822,14.59988,-51.59447,7.946838
06.12.2023 14:47:14,0.003772568,0.9466896,-0.02780813,0.3209226,-3.157033,-52.53032,5.614319,-0.05236917,0.940174,0.07019293,0.3292466,14.58276,-51.65442,8.037537
06.12.2023 14:47:14,0.003969866,0.9468178,-0.02794559,0.3205301,-3.179466,-52.57802,5.596649,-0.05274676,0.9402592,0.06981173,0.3290241,14.55487,-51.68591,8.09552
06.12.2023 14:47:14,0.004068403,0.9468852,-0.02804677,0.3203206,-3.194206,-52.60338,5.588959,-0.05251209,0.9404247,0.06968343,0.3286155,14.53073,-51.73451,8.078857
06.12.2023 14:47:14,0.004117131,0.9469926,-0.02817505,0.319991,-3.210129,-52.6431,5.58728,-0.05208231,0.9406714,0.06955558,0.3280043,14.49866,-51.8064,8.042877
06.12.2023 14:47:14,0.00407539,0.9470842,-0.02852059,0.3196897,-3.246312,-52.67853,5.603516,-0.05168914,0.9408728,0.06964711,0.3274688,14.4921,-51.86861,8.001862
06.12.2023 14:47:14,0.003998384,0.9472024,-0.02880788,0.3193143,-3.274934,-52.72298,5.621124,-0.05120047,0.9410641,0.06984983,0.3269524,14.49414,-51.92734,7.945984
06.12.2023 14:47:14,0.003846891,0.947289,-0.02907469,0.3190351,-3.298555,-52.75563,5.646423,-0.05052015,0.9412203,0.07024405,0.326524,14.51016,-51.97313,7.861084
06.12.2023 14:47:14,0.003788564,0.947379,-0.02925719,0.3187518,-3.316442,-52.78925,5.658478,-0.0504151,0.9413584,0.07032259,0.3261251,14.51355,-52.0209,7.850677
06.12.2023 14:47:14,0.003857805,0.9475067,-0.02927889,0.3183693,-3.321594,-52.83568,5.650391,-0.05083664,0.941575,0.07016129,0.3254683,14.50977,-52.10526,7.909576
06.12.2023 14:47:14,0.004044754,0.9476058,-0.02930181,0.3180695,-3.331114,-52.87242,5.629852,-0.05152657,0.9417428,0.0697002,0.324973,14.4838,-52.17287,8.007416
06.12.2023 14:47:14,0.00406489,0.9477494,-0.02913511,0.3176567,-3.314005,-52.9229,5.620117,-0.05172811,0.9417948,0.06933786,0.3248679,14.45157,-52.18842,8.044067
06.12.2023 14:47:14,0.003971244,0.9478353,-0.02905897,0.3174083,-3.302481,-52.95291,5.626648,-0.051314,0.9419121,0.06916335,0.3246304,14.41638,-52.21469,8.007599
06.12.2023 14:47:14,0.003943663,0.947971,-0.02896485,0.3170119,-3.291507,-53.00105,5.624847,-0.05059686,0.9420273,0.06910026,0.324422,14.38211,-52.23468,7.933472
06.12.2023 14:47:14,0.003860918,0.948086,-0.02882894,0.316681,-3.273942,-53.04123,5.627747,-0.05048465,0.9421093,0.06898762,0.3242255,14.36508,-52.25818,7.927368
06.12.2023 14:47:14,0.003849717,0.948204,-0.0289009,0.3163215,-3.281599,-53.08447,5.630341,-0.05088978,0.9421646,0.06892464,0.3240147,14.37265,-52.28738,7.976196
06.12.2023 14:47:14,0.003806425,0.9483072,-0.02895224,0.3160078,-3.28582,-53.12215,5.635834,-0.05104678,0.9422575,0.06894457,0.3237155,14.3797,-52.32518,7.995667
06.12.2023 14:47:14,0.003702244,0.9484313,-0.02901241,0.3156308,-3.288844,-53.16728,5.648041,-0.05111801,0.9425399,0.06930429,0.3228042,14.41861,-52.43617,7.999298
06.12.2023 14:47:14,0.003754161,0.9485265,-0.028976,0.3153471,-3.286955,-53.20183,5.640106,-0.05111585,0.9427032,0.06950718,0.3222836,14.43896,-52.49924,7.996796
06.12.2023 14:47:14,0.003793349,0.9486194,-0.02900773,0.3150644,-3.292015,-53.23604,5.635986,-0.05105576,0.9428731,0.06974193,0.3217448,14.4606,-52.56396,7.986969
06.12.2023 14:47:14,0.003726271,0.9487012,-0.02902403,0.314817,-3.291531,-53.2657,5.643036,-0.05073097,0.942983,0.06990193,0.3214392,14.46509,-52.59825,7.948517
06.12.2023 14:47:14,0.003642645,0.9487986,-0.02906337,0.3145208,-3.292994,-53.30116,5.652527,-0.05047386,0.9431151,0.06999725,0.3210711,14.46484,-52.64091,7.920532
06.12.2023 14:47:14,0.003624452,0.9489331,-0.02899789,0.3141212,-3.285487,-53.34961,5.650757,-0.05045208,0.9431741,0.06998947,0.3209032,14.46268,-52.66127,7.920135
06.12.2023 14:47:14,0.003610006,0.9490029,-0.02902214,0.3139078,-3.287752,-53.37527,5.652466,-0.0510069,0.9432449,0.06959294,0.3206934,14.43924,-52.69255,7.997711
06.12.2023 14:47:14,0.003675755,0.9490999,-0.02878413,0.3136358,-3.264401,-53.40898,5.635773,-0.05187859,0.9432912,0.06916125,0.3205105,14.42368,-52.72313,8.111084
06.12.2023 14:47:14,0.003690737,0.9492046,-0.028627,0.3133328,-3.248039,-53.44606,5.627441,-0.0524544,0.9434032,0.06902529,0.3201163,14.42871,-52.77629,8.183228
06.12.2023 14:47:14,0.003669881,0.9492699,-0.02835184,0.3131604,-3.217452,-53.46758,5.619202,-0.05240253,0.9435633,0.06945632,0.3195594,14.47192,-52.84277,8.167358
06.12.2023 14:47:14,0.003586135,0.9493293,-0.02827624,0.3129881,-3.206327,-53.48836,5.625031,-0.05167925,0.9437306,0.06987987,0.3190904,14.49005,-52.89305,8.077179
06.12.2023 14:47:14,0.003361393,0.9494138,-0.02810367,0.3127497,-3.179632,-53.51701,5.642487,-0.05135426,0.9438821,0.07026476,0.3186098,14.51855,-52.94803,8.032288
06.12.2023 14:47:14,0.003127184,0.9494787,-0.02785382,0.3125772,-3.144148,-53.53789,5.658447,-0.0509123,0.94406,0.07077517,0.3180403,14.55627,-53.01251,7.970917
06.12.2023 14:47:14,0.003017124,0.9495415,-0.02777795,0.3123943,-3.132069,-53.55988,5.667114,-0.05080619,0.9442384,0.07103869,0.3174685,14.57938,-53.08072,7.955505
06.12.2023 14:47:14,0.002923595,0.9496093,-0.02762885,0.3122023,-3.112619,-53.58322,5.671326,-0.05085063,0.9444512,0.07110342,0.3168131,14.586,-53.16092,7.964722
06.12.2023 14:47:14,0.002912541,0.949676,-0.0275466,0.3120068,-3.103405,-53.60701,5.668915,-0.05114682,0.9447165,0.070829,0.3160349,14.56433,-53.25916,8.015198
06.12.2023 14:47:14,0.002894168,0.949752,-0.02736927,0.3117913,-3.083589,-53.63345,5.663849,-0.05147873,0.9449896,0.07053975,0.3152281,14.54218,-53.36116,8.070374
06.12.2023 14:47:14,0.002881395,0.9498767,-0.0272815,0.3114191,-3.073832,-53.67859,5.660889,-0.05152854,0.9452398,0.0703623,0.3145087,14.52228,-53.44983,8.089569
06.12.2023 14:47:14,0.002697607,0.9499685,-0.0272198,0.3111456,-3.060741,-53.71127,5.677826,-0.05121867,0.9454908,0.07020443,0.3138393,14.49167,-53.52939,8.067963
06.12.2023 14:47:14,0.002572151,0.9500805,-0.02724905,0.3108022,-3.059699,-53.75233,5.691467,-0.05092395,0.9457071,0.07012911,0.313252,14.47095,-53.5988,8.044189
06.12.2023 14:47:14,0.002444912,0.9502102,-0.02719958,0.3104108,-3.050062,-53.79936,5.702301,-0.05093523,0.9459697,0.07024065,0.3124311,14.4809,-53.69865,8.049713
06.12.2023 14:47:14,0.002354241,0.9503732,-0.02711562,0.3099194,-3.038052,-53.85864,5.707611,-0.05078673,0.9462301,0.07019129,0.3116769,14.46774,-53.78949,8.042755
06.12.2023 14:47:14,0.002250634,0.9505701,-0.0269842,0.3093272,-3.020492,-53.93018,5.712341,-0.05052403,0.9465756,0.06998059,0.3107163,14.43225,-53.90495,8.031006
06.12.2023 14:47:14,0.002227819,0.9507077,-0.02691267,0.3089106,-3.012198,-53.98056,5.710968,-0.04996031,0.9469123,0.06985306,0.309809,14.39536,-54.01122,7.982544
06.12.2023 14:47:14,0.0021671,0.9508803,-0.02682729,0.3083866,-3.001132,-54.04381,5.712891,-0.04988346,0.9471661,0.0697501,0.3090681,14.37903,-54.10106,7.985138
06.12.2023 14:47:14,0.002127652,0.9510994,-0.02669691,0.3077219,-2.98602,-54.12419,5.71048,-0.0497979,0.9473308,0.07030825,0.3084498,14.43512,-54.17413,7.962158
06.12.2023 14:47:14,0.002012302,0.9512936,-0.02668746,0.3071227,-2.981371,-54.19617,5.720856,-0.04935927,0.9475209,0.07071017,0.3078441,14.46173,-54.24315,7.905701
06.12.2023 14:47:14,0.0019975,0.9515129,-0.02657883,0.306452,-2.969507,-54.27724,5.716553,-0.04909286,0.9477408,0.07107775,0.3071242,14.49036,-54.32755,7.870605
06.12.2023 14:47:14,0.001910213,0.9517059,-0.02666957,0.3058447,-2.976802,-54.34996,5.727386,-0.04941794,0.948002,0.07100981,0.3062803,14.49179,-54.43306,7.917358
06.12.2023 14:47:14,0.001806097,0.9519076,-0.02668578,0.3052154,-2.975406,-54.42546,5.737335,-0.05005619,0.9482731,0.07045353,0.3054652,14.45071,-54.53893,8.015472
06.12.2023 14:47:14,0.001821493,0.9520917,-0.02662269,0.3046463,-2.969498,-54.49422,5.731659,-0.05085383,0.9484999,0.06998251,0.3047365,14.42468,-54.63522,8.127258
06.12.2023 14:47:14,0.001775953,0.9522687,-0.02672764,0.3040835,-2.9798,-54.5616,5.738556,-0.05063151,0.9488091,0.0694754,0.3039258,14.35867,-54.73317,8.128479
06.12.2023 14:47:14,0.001723169,0.9524844,-0.02662623,0.3034164,-2.967403,-54.64204,5.738708,-0.04977541,0.9491398,0.06938151,0.3030551,14.31573,-54.83223,8.045868
06.12.2023 14:47:14,0.001753825,0.9526099,-0.0265992,0.3030245,-2.965821,-54.68936,5.733185,-0.04965561,0.9494083,0.06940564,0.3022269,14.31158,-54.93178,8.040009
06.12.2023 14:47:14,0.001751638,0.9527557,-0.02665737,0.3025606,-2.972456,-54.74504,5.734009,-0.04951558,0.9495938,0.06951855,0.3016404,14.31723,-55.00157,8.026428
06.12.2023 14:47:14,0.001816228,0.9528988,-0.02674184,0.3021017,-2.984277,-54.80022,5.728455,-0.04960806,0.9497765,0.06946789,0.3010613,14.31302,-55.07272,8.044128
06.12.2023 14:47:14,0.001748286,0.9530119,-0.02674991,0.3017446,-2.983079,-54.84299,5.735046,-0.04975133,0.9500372,0.06942647,0.3002236,14.31073,-55.17564,8.069641
06.12.2023 14:47:14,0.001653109,0.9531651,-0.026716,0.3012637,-2.976454,-54.9007,5.742767,-0.04964513,0.9502125,0.06920832,0.2997363,14.28156,-55.23442,8.070221
06.12.2023 14:47:14,0.001663903,0.9532709,-0.0267795,0.3009233,-2.984032,-54.94151,5.742706,-0.04968743,0.9503615,0.06930353,0.2992344,14.29184,-55.29543,8.076569
06.12.2023 14:47:14,0.00167453,0.9533662,-0.02683274,0.3006162,-2.990458,-54.97833,5.742432,-0.04964867,0.9504611,0.06934306,0.298915,14.29382,-55.33376,8.074066
06.12.2023 14:47:14,0.001685378,0.953491,-0.02689854,0.300214,-2.998338,-55.02655,5.742249,-0.04959523,0.9505998,0.06936353,0.2984779,14.29282,-55.38628,8.071777
06.12.2023 14:47:14,0.001620254,0.953621,-0.02699373,0.299793,-3.006833,-55.07677,5.751343,-0.0495249,0.9507452,0.06944983,0.2980061,14.29837,-55.44272,8.065704
06.12.2023 14:47:14,0.001675676,0.9537478,-0.02703286,0.2993854,-3.013337,-55.12581,5.745331,-0.04947531,0.9509384,0.06940126,0.2974086,14.2894,-55.51486,8.067749
06.12.2023 14:47:14,0.001768275,0.9539037,-0.02699565,0.2988911,-3.012828,-55.18558,5.732361,-0.04960402,0.9511494,0.06945948,0.2966979,14.29788,-55.60191,8.087006
06.12.2023 14:47:14,0.001833948,0.9540266,-0.0270074,0.2984971,-3.016664,-55.23308,5.724335,-0.04962735,0.9513264,0.06937737,0.2961455,14.28787,-55.66924,8.097809
06.12.2023 14:47:14,0.00193017,0.9541736,-0.02700381,0.2980266,-3.019919,-55.28989,5.712189,-0.0497092,0.9515481,0.06937341,0.2954193,14.28784,-55.75787,8.114136
06.12.2023 14:47:14,0.002041777,0.9543077,-0.0270519,0.2975917,-3.029316,-55.34232,5.700226,-0.04960992,0.951695,0.06951468,0.2949291,14.2984,-55.81613,8.10321
06.12.2023 14:47:14,0.002097389,0.9544569,-0.0269869,0.2971185,-3.024445,-55.39948,5.690399,-0.04937043,0.9518155,0.06971937,0.2945318,14.31152,-55.86185,8.0737
06.12.2023 14:47:14,0.002191814,0.9546278,-0.02696071,0.2965707,-3.025187,-55.46559,5.677429,-0.04952898,0.9518855,0.06989604,0.294237,14.33536,-55.89844,8.088196
06.12.2023 14:47:14,0.00223751,0.9547642,-0.0270668,0.2961213,-3.038672,-55.51942,5.674622,-0.04977963,0.9519073,0.06994278,0.2941132,14.34854,-55.91537,8.115601
06.12.2023 14:47:14,0.002272699,0.9548826,-0.02714941,0.2957313,-3.049185,-55.56615,5.672333,-0.05018267,0.9519987,0.06974087,0.2937968,14.33887,-55.95744,8.170166
06.12.2023 14:47:14,0.002474497,0.9550219,-0.02710549,0.2952836,-3.051527,-55.62053,5.647308,-0.05060747,0.9521422,0.06949367,0.2933171,14.32437,-56.01955,8.230225
06.12.2023 14:47:14,0.002598598,0.9551359,-0.02722954,0.2949022,-3.06957,-55.66637,5.636688,-0.05102145,0.9523635,0.06926484,0.29258,14.31061,-56.11261,8.290985
06.12.2023 14:47:14,0.002654219,0.9552451,-0.02729192,0.294542,-3.078523,-55.70959,5.631531,-0.05086877,0.9526407,0.06913579,0.2917336,14.28836,-56.21404,8.286713
06.12.2023 14:47:14,0.002606334,0.955331,-0.02729497,0.2942632,-3.077424,-55.74294,5.635986,-0.05025192,0.9528462,0.06946523,0.2910902,14.30182,-56.28616,8.213715
06.12.2023 14:47:14,0.002491943,0.955466,-0.02756839,0.2938,-3.103831,-55.79753,5.656281,-0.04962,0.9530852,0.06967492,0.290365,14.30142,-56.36827,8.14386
06.12.2023 14:47:14,0.002282997,0.9555428,-0.02788207,0.2935223,-3.131355,-55.8295,5.688873,-0.04907161,0.9532486,0.07003186,0.2898356,14.32074,-56.42702,8.076416
06.12.2023 14:47:14,0.002233103,0.9556347,-0.02814329,0.2931986,-3.158534,-55.86752,5.702118,-0.04938818,0.9534089,0.06990102,0.2892855,14.31506,-56.49641,8.121277
06.12.2023 14:47:14,0.002310438,0.9557342,-0.0282787,0.2928604,-3.176221,-55.90797,5.697052,-0.05013379,0.9536094,0.0697385,0.2885348,14.31937,-56.59363,8.216705
06.12.2023 14:47:14,0.002398071,0.9558256,-0.0284883,0.2925409,-3.202367,-55.94601,5.693451,-0.05102515,0.9538379,0.06939137,0.2877056,14.30771,-56.70186,8.335175
06.12.2023 14:47:14,0.002707887,0.9559011,-0.02856381,0.2922838,-3.221221,-55.97752,5.661133,-0.05118482,0.9541169,0.06930301,0.2867719,14.29996,-56.81615,8.36496
06.12.2023 14:47:14,0.002869505,0.955976,-0.02864007,0.2920299,-3.235172,-56.00822,5.645111,-0.05091794,0.9543391,0.06965291,0.2859945,14.32703,-56.90721,8.331543
06.12.2023 14:47:14,0.003020523,0.9560913,-0.02865553,0.291649,-3.242178,-56.05432,5.627777,-0.05058289,0.9545419,0.06994741,0.2853041,14.34613,-56.98726,8.291534
06.12.2023 14:47:14,0.003136701,0.9561745,-0.02849135,0.2913911,-3.228229,-56.08598,5.608643,-0.05007552,0.9546028,0.07050648,0.2850525,14.39035,-57.01234,8.219482
06.12.2023 14:47:14,0.003069477,0.9562485,-0.02849794,0.2911483,-3.22686,-56.1149,5.615417,-0.05036086,0.9546464,0.07070903,0.2848058,14.42117,-57.04411,8.247009
06.12.2023 14:47:14,0.0030049,0.9563034,-0.02848828,0.2909697,-3.22376,-56.13615,5.621582,-0.05080946,0.9547051,0.07073668,0.2845224,14.43787,-57.08203,8.298767
06.12.2023 14:47:14,0.003032488,0.956396,-0.02844897,0.2906683,-3.220565,-56.17249,5.616211,-0.05121405,0.9547617,0.07055285,0.2843053,14.43005,-57.11198,8.351837
06.12.2023 14:47:14,0.003040323,0.9564481,-0.02844252,0.2904975,-3.220228,-56.19301,5.614563,-0.05119419,0.9548513,0.0705726,0.2840029,14.43051,-57.14828,8.35202
06.12.2023 14:47:14,0.003078968,0.9564919,-0.02864125,0.2903332,-3.243418,-56.21231,5.616425,-0.05055845,0.9549192,0.0708116,0.283829,14.43558,-57.1635,8.27536
06.12.2023 14:47:14,0.003162386,0.9565356,-0.02873126,0.2901794,-3.256168,-56.23076,5.609741,-0.05018139,0.9550365,0.07109751,0.2834295,14.45349,-57.20801,8.22818
06.12.2023 14:47:14,0.003259711,0.9566012,-0.02886747,0.2899486,-3.274495,-56.25835,5.602814,-0.05028023,0.9551134,0.07116312,0.2831365,14.46295,-57.24408,8.23996
06.12.2023 14:47:14,0.003291028,0.9566545,-0.02898612,0.2897604,-3.288671,-56.2807,5.602692,-0.05056734,0.955197,0.07113508,0.28281,14.46808,-57.28596,8.276031
06.12.2023 14:47:15,0.003320563,0.9567171,-0.02918142,0.2895337,-3.311222,-56.30746,5.605164,-0.05072714,0.955281,0.07095968,0.2825417,14.45297,-57.32002,8.302155
06.12.2023 14:47:15,0.00330226,0.956781,-0.02907928,0.2893331,-3.299535,-56.33173,5.603088,-0.05083393,0.9553453,0.07069143,0.2823722,14.42624,-57.34187,8.324341
06.12.2023 14:47:15,0.00326993,0.9568462,-0.02906893,0.2891191,-3.297461,-56.35732,5.60556,-0.05098761,0.9553425,0.07028718,0.2824547,14.38687,-57.33392,8.353638
06.12.2023 14:47:15,0.003318245,0.9569501,-0.02905356,0.2887755,-3.297593,-56.39867,5.598541,-0.05117445,0.9553336,0.06989909,0.2825474,14.35043,-57.325,8.386017
06.12.2023 14:47:15,0.003265588,0.9570012,-0.02884921,0.2886275,-3.273515,-56.41676,5.597046,-0.05116932,0.9553223,0.0696129,0.2826571,14.31906,-57.31221,8.393585
06.12.2023 14:47:15,0.003346879,0.9571369,-0.02865825,0.2881953,-3.255512,-56.46927,5.580292,-0.05101312,0.9553723,0.06955274,0.2825312,14.30692,-57.32622,8.379395
06.12.2023 14:47:15,0.003254655,0.9571926,-0.0284768,0.2880293,-3.232649,-56.48935,5.583832,-0.05071122,0.955384,0.06968918,0.2825125,14.31213,-57.32571,8.341644
06.12.2023 14:47:15,0.003067234,0.9573222,-0.0284493,0.2876028,-3.223706,-56.53998,5.602081,-0.05009808,0.9554539,0.07003958,0.2822988,14.33023,-57.34579,8.264313
06.12.2023 14:47:15,0.002930019,0.9574407,-0.02820639,0.2872335,-3.192746,-56.58443,5.60788,-0.04975024,0.9555308,0.07026365,0.2820442,14.34283,-57.37318,8.220917
06.12.2023 14:47:15,0.002816438,0.9575537,-0.02804209,0.2868738,-3.171195,-56.62759,5.613739,-0.0500536,0.9557006,0.07052408,0.281349,14.37903,-57.45909,8.253143
06.12.2023 14:47:15,0.002711057,0.9576974,-0.02787201,0.2864116,-3.149351,-56.68307,5.618195,-0.05039196,0.9558378,0.07042081,0.2808481,14.3768,-57.52252,8.299011
06.12.2023 14:47:15,0.002632406,0.9578112,-0.02759025,0.2860585,-3.116051,-56.72583,5.616394,-0.05064896,0.9559617,0.07030614,0.2804086,14.37088,-57.57787,8.335602
06.12.2023 14:47:15,0.002670791,0.9578922,-0.0273857,0.2858066,-3.095005,-56.75659,5.604645,-0.05073055,0.9560794,0.07021466,0.2800153,14.36203,-57.62614,8.351501
06.12.2023 14:47:15,0.002679468,0.9580055,-0.02721531,0.2854431,-3.076801,-56.80054,5.596924,-0.05058961,0.9561055,0.06993577,0.2800214,14.32672,-57.62471,8.344666
06.12.2023 14:47:15,0.002606803,0.9580873,-0.02703803,0.2851859,-3.055109,-56.83154,5.598267,-0.05042562,0.9561396,0.06976721,0.2799768,14.3027,-57.62903,8.332245
06.12.2023 14:47:15,0.002560596,0.958149,-0.02702823,0.2849797,-3.052649,-56.85612,5.602356,-0.05025619,0.9561419,0.0694828,0.2800699,14.26617,-57.61688,8.321594
06.12.2023 14:47:15,0.002507156,0.9582027,-0.02701823,0.2848007,-3.049917,-56.87741,5.60733,-0.05022964,0.9561404,0.06921043,0.2801474,14.23553,-57.60779,8.326569
06.12.2023 14:47:15,0.002334299,0.9582423,-0.02688663,0.2846812,-3.029887,-56.89157,5.621643,-0.05009322,0.9562359,0.06897775,0.2799028,14.20459,-57.63655,8.321228
06.12.2023 14:47:15,0.002380103,0.9582748,-0.02694132,0.2845663,-3.037467,-56.9053,5.618042,-0.04993548,0.9563417,0.06889432,0.2795899,14.18924,-57.6731,8.309357
06.12.2023 14:47:15,0.002313957,0.9582978,-0.02697899,0.2844855,-3.039499,-56.9147,5.626282,-0.05033761,0.9564362,0.06896993,0.279176,14.20905,-57.72615,8.355682
06.12.2023 14:47:15,0.002286328,0.9583042,-0.02704356,0.2844582,-3.045711,-56.91776,5.631348,-0.05027624,0.9565287,0.06915205,0.2788246,14.22595,-57.76767,8.346466
06.12.2023 14:47:15,0.002214744,0.9583054,-0.02711298,0.2844481,-3.051009,-56.91859,5.641479,-0.04983309,0.9565889,0.06937686,0.2786419,14.23599,-57.78564,8.291809
06.12.2023 14:47:15,0.002249489,0.9582895,-0.02723601,0.2844897,-3.065633,-56.91342,5.641815,-0.04937229,0.9566496,0.06964841,0.2784476,14.25064,-57.80479,8.233826
06.12.2023 14:47:15,0.002285811,0.9583009,-0.02729604,0.2844453,-3.073446,-56.91869,5.639648,-0.04941623,0.9567088,0.06967827,0.278229,14.25458,-57.83144,8.239868
06.12.2023 14:47:15,0.002467473,0.958218,-0.02765248,0.2846885,-3.11838,-56.88922,5.632111,-0.05042489,0.9565006,0.06945388,0.2788191,14.26404,-57.76907,8.353485
06.12.2023 14:47:15,0.002629517,0.9581729,-0.02779397,0.2848251,-3.139131,-56.87297,5.619385,-0.05101525,0.9562817,0.0695141,0.2794469,14.29178,-57.6982,8.411102
06.12.2023 14:47:15,0.00277564,0.9581019,-0.02781683,0.28506,-3.146269,-56.84518,5.604828,-0.05145676,0.9561509,0.06960102,0.2797917,14.31677,-57.66016,8.454041
06.12.2023 14:47:15,0.002902612,0.9580622,-0.02787309,0.2851869,-3.156525,-56.83022,5.59314,-0.05139565,0.9560044,0.06971957,0.2802736,14.32962,-57.60136,8.438751
06.12.2023 14:47:15,0.002997037,0.9580085,-0.02796747,0.285357,-3.169878,-56.80991,5.586426,-0.05095515,0.9559878,0.06974695,0.2804039,14.31897,-57.58195,8.387604
06.12.2023 14:47:15,0.003134039,0.9579157,-0.02796855,0.2856669,-3.174298,-56.77318,5.572418,-0.05050793,0.9559944,0.06974934,0.2804617,14.30505,-57.57127,8.337219
06.12.2023 14:47:15,0.003255204,0.957866,-0.02812153,0.2858171,-3.194984,-56.75517,5.564636,-0.05043202,0.9559852,0.06958721,0.2805468,14.285,-57.56067,8.33313
06.12.2023 14:47:15,0.00342737,0.9577686,-0.02824351,0.2861292,-3.21385,-56.71797,5.550751,-0.0503496,0.9559737,0.06945505,0.2806337,14.26807,-57.54974,8.327362
06.12.2023 14:47:15,0.003478616,0.957662,-0.02838346,0.2864712,-3.230705,-56.67682,5.550903,-0.05008014,0.955951,0.06934781,0.2807857,14.24811,-57.52939,8.299347
06.12.2023 14:47:15,0.00359153,0.9575762,-0.02848893,0.2867461,-3.245844,-56.64397,5.542877,-0.04967338,0.9559259,0.06918772,0.2809826,14.21802,-57.50258,8.257355
06.12.2023 14:47:15,0.003717317,0.9574716,-0.02867647,0.2870748,-3.270391,-56.60451,5.536377,-0.04966628,0.9557961,0.06890499,0.2814947,14.18832,-57.44127,8.260681
06.12.2023 14:47:15,0.003883966,0.9573731,-0.02878511,0.28739,-3.287637,-56.56696,5.522736,-0.04995892,0.9557232,0.06849867,0.2817894,14.15393,-57.40883,8.303406
06.12.2023 14:47:15,0.003962671,0.9572726,-0.02892077,0.28771,-3.304952,-56.52853,5.519684,-0.05023246,0.9556422,0.06817363,0.2820941,14.12796,-57.37486,8.341309
06.12.2023 14:47:15,0.004099553,0.957194,-0.02901551,0.2879601,-3.319739,-56.49872,5.508636,-0.05043694,0.955553,0.06791828,0.2824213,14.10754,-57.33748,8.36911
06.12.2023 14:47:15,0.004157088,0.9570891,-0.02906418,0.2883028,-3.326801,-56.4577,5.505127,-0.05041652,0.9554665,0.06793953,0.2827123,14.11026,-57.3022,8.363373
06.12.2023 14:47:15,0.004329715,0.95702,-0.02900835,0.2885349,-3.326266,-56.43053,5.485107,-0.05000903,0.9553725,0.06815943,0.2830492,14.12247,-57.2579,8.30777
06.12.2023 14:47:15,0.004468508,0.9568962,-0.02899827,0.2889444,-3.329553,-56.38188,5.470978,-0.04963513,0.9552406,0.06837537,0.2835076,14.13574,-57.1992,8.254852
06.12.2023 14:47:15,0.00447751,0.9567939,-0.02902969,0.2892797,-3.333134,-56.34164,5.472198,-0.04938452,0.9551572,0.06850348,0.2838015,14.1427,-57.16147,8.220032
06.12.2023 14:47:15,0.004567896,0.9566625,-0.02908236,0.2897074,-3.341706,-56.29051,5.465515,-0.04952143,0.9550564,0.06822664,0.284183,14.11792,-57.11707,8.24054
06.12.2023 14:47:15,0.004677669,0.9565259,-0.02907528,0.2901568,-3.344365,-56.23695,5.454803,-0.04991935,0.9549595,0.06780007,0.2845412,14.08508,-57.0778,8.295135
06.12.2023 14:47:15,0.004826483,0.9563776,-0.02917488,0.290633,-3.360024,-56.18005,5.443451,-0.05036707,0.9548578,0.06741683,0.2848945,14.05865,-57.03943,8.353882
06.12.2023 14:47:15,0.004990865,0.956255,-0.02903322,0.2910476,-3.349785,-56.13115,5.42215,-0.05060738,0.9547206,0.06715818,0.2853721,14.03967,-56.98413,8.38443
06.12.2023 14:47:15,0.00504515,0.9560795,-0.02901527,0.2916241,-3.349378,-56.06221,5.417603,-0.05065905,0.9545827,0.06713382,0.2858298,14.04031,-56.92935,8.386597
06.12.2023 14:47:15,0.005095901,0.9559432,-0.02893481,0.2920777,-3.34206,-56.00813,5.410919,-0.05051158,0.9544368,0.06720638,0.2863256,14.04523,-56.86821,8.363129
06.12.2023 14:47:15,0.005010348,0.9557359,-0.02893955,0.2927567,-3.339413,-55.92641,5.422852,-0.05065257,0.9542944,0.06724342,0.2867664,14.05548,-56.81607,8.373352
06.12.2023 14:47:15,0.004808714,0.9555433,-0.02900559,0.2933812,-3.339586,-55.85071,5.449371,-0.0507621,0.954118,0.06744351,0.2872865,14.08298,-56.7538,8.373962
06.12.2023 14:47:15,0.004712372,0.9553515,-0.02925829,0.2939816,-3.363739,-55.77774,5.470581,-0.05058231,0.9539611,0.06765687,0.2877884,14.10233,-56.69139,8.342224
06.12.2023 14:47:15,0.004721616,0.9551414,-0.02932682,0.2946568,-3.371225,-55.69653,5.474274,-0.05043174,0.9538274,0.06776375,0.2882325,14.11066,-56.63634,8.317749
06.12.2023 14:47:15,0.004889684,0.9549365,-0.02940882,0.2953092,-3.385575,-55.61847,5.460938,-0.05039433,0.9536593,0.06773012,0.2888028,14.10773,-56.56718,8.309204
06.12.2023 14:47:15,0.005136086,0.9547268,-0.02942245,0.2959809,-3.39511,-55.53848,5.436798,-0.05091836,0.953481,0.06749915,0.2893531,14.10156,-56.50533,8.369629
06.12.2023 14:47:15,0.005433063,0.9544628,-0.02935362,0.2968329,-3.397298,-55.43715,5.404938,-0.05131031,0.9532962,0.06717354,0.2899678,14.08093,-56.43472,8.417938
06.12.2023 14:47:15,0.005573559,0.9542003,-0.02928063,0.2976799,-3.393749,-55.33595,5.390076,-0.05128057,0.9531108,0.06703395,0.2906143,14.06689,-56.35658,8.413055
06.12.2023 14:47:15,0.005630443,0.9539576,-0.02936563,0.2984475,-3.40468,-55.24364,5.389496,-0.05116792,0.9528984,0.06697802,0.2913426,14.05957,-56.26773,8.395477
06.12.2023 14:47:15,0.005623757,0.9536743,-0.02943674,0.2993446,-3.41186,-55.13557,5.395874,-0.05115753,0.9526303,0.06689114,0.2922395,14.05286,-56.15933,8.388641
06.12.2023 14:47:15,0.005636532,0.9533935,-0.02952867,0.3002285,-3.421984,-55.02907,5.400818,-0.05116953,0.9524115,0.06675068,0.2929819,14.04044,-56.06989,8.387543
06.12.2023 14:47:15,0.00560646,0.9530959,-0.02964416,0.3011614,-3.433174,-54.91646,5.411469,-0.05098278,0.9521512,0.06669735,0.2938713,14.03146,-55.96089,8.360168
06.12.2023 14:47:15,0.005606545,0.9527572,-0.02975926,0.3022195,-3.445296,-54.7888,5.419281,-0.05065191,0.9518443,0.06676527,0.2949054,14.03137,-55.83299,8.311401
06.12.2023 14:47:15,0.005684683,0.9524345,-0.02985011,0.3032245,-3.457493,-54.6678,5.417542,-0.05042535,0.9515483,0.06696709,0.2958523,14.04916,-55.71619,8.270477
06.12.2023 14:47:15,0.00568044,0.9521018,-0.02991897,0.3042611,-3.464407,-54.54276,5.424164,-0.05011578,0.9511768,0.06709451,0.2970681,14.05676,-55.56624,8.220276
06.12.2023 14:47:15,0.005712388,0.9517533,-0.03003948,0.3053371,-3.478199,-54.41289,5.428833,-0.05008256,0.9507828,0.06713192,0.2983239,14.064,-55.41374,8.203308
06.12.2023 14:47:15,0.005741762,0.9513841,-0.03010049,0.3064789,-3.485373,-54.27519,5.431946,-0.05052896,0.9502704,0.06687836,0.299934,14.05692,-55.22261,8.245819
06.12.2023 14:47:15,0.005655671,0.9510162,-0.03025136,0.3076053,-3.498275,-54.13873,5.450836,-0.05075651,0.9498649,0.06669337,0.3012183,14.04889,-55.06902,8.264984
06.12.2023 14:47:15,0.005572695,0.9506421,-0.03030207,0.3087561,-3.500317,-53.99953,5.465912,-0.05118316,0.9494482,0.06625375,0.3025538,14.02005,-54.91124,8.314453
06.12.2023 14:47:15,0.005357484,0.9502778,-0.03032293,0.3098774,-3.494386,-53.86351,5.494263,-0.05163218,0.9490504,0.06600141,0.3037785,14.01233,-54.76659,8.361023
06.12.2023 14:47:15,0.005333629,0.9499561,-0.03032268,0.3108627,-3.492993,-53.74451,5.500488,-0.05189629,0.9486346,0.06600526,0.3050286,14.0264,-54.61685,8.378052
06.12.2023 14:47:15,0.005272098,0.9495879,-0.03025555,0.311993,-3.482882,-53.608,5.508942,-0.05161465,0.9482821,0.0663009,0.3061068,14.0527,-54.48311,8.326324
06.12.2023 14:47:15,0.005214461,0.9492402,-0.03006526,0.3130686,-3.459516,-53.47841,5.512329,-0.0513205,0.9478942,0.06655415,0.3073003,14.07425,-54.33522,8.27356
06.12.2023 14:47:15,0.005213298,0.94886,-0.02996177,0.314229,-3.447584,-53.33846,5.512939,-0.0507015,0.9474597,0.06680904,0.3086846,14.08499,-54.1615,8.183044
06.12.2023 14:47:15,0.005190224,0.9484755,-0.02983076,0.3154005,-3.431863,-53.19711,5.514984,-0.05052818,0.9470471,0.06684275,0.309969,14.08682,-54.0038,8.15036
06.12.2023 14:47:15,0.005193964,0.9481299,-0.02974065,0.3164462,-3.42163,-53.07089,5.515076,-0.05106055,0.9466057,0.06645031,0.3113115,14.06738,-53.84547,8.20993
06.12.2023 14:47:15,0.005260033,0.9477601,-0.02972099,0.3175529,-3.421297,-52.93724,5.511169,-0.05233556,0.9461287,0.0657765,0.3126899,14.04416,-53.68907,8.360931
06.12.2023 14:47:15,0.005450748,0.9473885,-0.02958783,0.3186691,-3.413198,-52.80307,5.489594,-0.05286043,0.9456978,0.06530354,0.3140014,14.01605,-53.53438,8.422974
06.12.2023 14:47:15,0.005568834,0.9469444,-0.02939698,0.3200019,-3.396115,-52.64252,5.474518,-0.05270075,0.9452289,0.06505775,0.3154877,13.98883,-53.35254,8.400024
06.12.2023 14:47:15,0.005734029,0.9464965,-0.02921525,0.3213378,-3.381806,-52.48163,5.454651,-0.05202095,0.9448165,0.06502905,0.3168391,13.96585,-53.18265,8.313507
06.12.2023 14:47:15,0.005938244,0.9460597,-0.0290189,0.3226356,-3.367435,-52.32545,5.42984,-0.05171033,0.9443952,0.06514077,0.3181202,13.97116,-53.02377,8.263092
06.12.2023 14:47:15,0.006067438,0.9455527,-0.02874947,0.32414,-3.342336,-52.14407,5.411133,-0.05187625,0.9439943,0.06514218,0.3192805,13.98141,-52.88347,8.270142
06.12.2023 14:47:15,0.006131035,0.9450843,-0.02867158,0.325509,-3.33567,-51.97838,5.406189,-0.0517226,0.94358,0.06519198,0.3205176,13.98544,-52.73117,8.239624
06.12.2023 14:47:15,0.006142334,0.9445724,-0.02858111,0.3269991,-3.325648,-51.79778,5.406799,-0.05169784,0.9431793,0.06519241,0.3216988,13.98865,-52.58673,8.225555
06.12.2023 14:47:15,0.006158683,0.9440525,-0.02845155,0.3285079,-3.311584,-51.61491,5.405457,-0.05185321,0.942754,0.06502142,0.3229526,13.98007,-52.43513,8.236877
06.12.2023 14:47:15,0.00618516,0.9435008,-0.02835938,0.3300967,-3.301927,-51.42215,5.404694,-0.05216224,0.942353,0.06478681,0.3241184,13.97003,-52.29555,8.26825
06.12.2023 14:47:15,0.006266064,0.9429444,-0.02821146,0.3316938,-3.28832,-51.22858,5.395874,-0.05244163,0.9419181,0.06441839,0.3254083,13.94485,-52.14081,8.300171
06.12.2023 14:47:15,0.006409878,0.9424329,-0.02813043,0.3331482,-3.284444,-51.05223,5.382294,-0.05258883,0.9415112,0.06412643,0.3266175,13.92285,-51.99466,8.315613
06.12.2023 14:47:15,0.006619691,0.9417897,-0.02807765,0.3349626,-3.286063,-50.83206,5.363922,-0.05268299,0.9410132,0.06400831,0.3280575,13.91861,-51.81941,8.31662
06.12.2023 14:47:15,0.006733424,0.9412494,-0.02796189,0.3364854,-3.277365,-50.64719,5.352478,-0.05270904,0.9405648,0.06392542,0.3293528,13.91516,-51.66119,8.310211
06.12.2023 14:47:16,0.00694005,0.9407085,-0.02782574,0.3380015,-3.270117,-50.46332,5.33017,-0.05281683,0.9400654,0.06386431,0.33077,13.9176,-51.48853,8.310791
06.12.2023 14:47:16,0.007167238,0.9401458,-0.02770805,0.3395686,-3.265722,-50.27313,5.306519,-0.0529092,0.9395548,0.06388613,0.3321989,13.9285,-51.31404,8.306396
06.12.2023 14:47:16,0.007404336,0.939602,-0.02771362,0.3410649,-3.275106,-50.09117,5.286377,-0.05303112,0.9389746,0.06394841,0.333804,13.94556,-51.11792,8.301941
06.12.2023 14:47:16,0.00754344,0.939009,-0.02766672,0.342695,-3.275022,-49.89262,5.275238,-0.05318241,0.9383835,0.06397661,0.3354328,13.96014,-50.91908,8.301727
06.12.2023 14:47:16,0.007798933,0.9384307,-0.0276186,0.3442737,-3.279465,-49.70055,5.251312,-0.05324038,0.937774,0.06398065,0.337123,13.96875,-50.71194,8.291626
06.12.2023 14:47:16,0.00796497,0.9377964,-0.02768645,0.3459884,-3.292887,-49.49121,5.242157,-0.05331535,0.9371881,0.06368507,0.3387921,13.94553,-50.50813,8.295197
06.12.2023 14:47:16,0.00814914,0.9372435,-0.02772384,0.3474761,-3.303858,-49.30962,5.229065,-0.05335085,0.9366212,0.06335928,0.3404116,13.91736,-50.3101,8.296173
06.12.2023 14:47:16,0.00844313,0.9366241,-0.02793732,0.3491184,-3.338155,-49.10884,5.211823,-0.05361826,0.9360465,0.06273769,0.3420615,13.86649,-50.11067,8.333801
06.12.2023 14:47:16,0.008599964,0.9360127,-0.02820334,0.350729,-3.372652,-48.91129,5.211456,-0.05372508,0.9355154,0.06217241,0.3435975,13.81509,-49.92381,8.352997
06.12.2023 14:47:16,0.008707947,0.9353333,-0.0284581,0.3525139,-3.403936,-48.69212,5.216614,-0.05383765,0.9349388,0.06178142,0.3452161,13.78314,-49.72627,8.365326
06.12.2023 14:47:16,0.008944977,0.9347197,-0.02870245,0.3541118,-3.439384,-48.49612,5.20697,-0.05396232,0.9343665,0.06181356,0.3467367,13.79703,-49.53972,8.36319
06.12.2023 14:47:16,0.009011874,0.934032,-0.02895541,0.3558997,-3.468812,-48.27617,5.216736,-0.05398611,0.9337859,0.06192394,0.3482742,13.8154,-49.35002,8.346802
06.12.2023 14:47:16,0.009034245,0.9334038,-0.02900564,0.3575394,-3.47472,-48.07468,5.222504,-0.05382185,0.9331368,0.06231343,0.3499658,13.85681,-49.1391,8.297302
06.12.2023 14:47:16,0.009116847,0.9327138,-0.02916125,0.359321,-3.494341,-47.85547,5.226715,-0.05374262,0.9325049,0.0625818,0.3516104,13.88831,-48.93469,8.262177
06.12.2023 14:47:16,0.009266639,0.9319966,-0.0292896,0.3611627,-3.513812,-47.62897,5.222931,-0.05405859,0.9318419,0.062644,0.3533046,13.91373,-48.72745,8.277618
06.12.2023 14:47:16,0.0092352,0.9312486,-0.02944415,0.3630755,-3.528544,-47.39294,5.23996,-0.05453629,0.9311659,0.06253871,0.3550277,13.92792,-48.51811,8.316956
06.12.2023 14:47:16,0.00937586,0.9302398,-0.02952695,0.3656422,-3.542603,-47.07678,5.23819,-0.05525548,0.9301716,0.06218225,0.3575765,13.92819,-48.20882,8.384705
06.12.2023 14:47:16,0.009392924,0.9296713,-0.02966677,0.3670734,-3.557861,-46.89993,5.247711,-0.05535733,0.9296439,0.06207915,0.3589485,13.9263,-48.03987,8.386688
06.12.2023 14:47:16,0.009395698,0.9289138,-0.02967192,0.3689858,-3.558009,-46.66386,5.254974,-0.0554146,0.9288508,0.06199616,0.3610013,13.92722,-47.78606,8.376434
06.12.2023 14:47:16,0.009365725,0.9280854,-0.02978536,0.3710562,-3.568232,-46.40767,5.270935,-0.05536043,0.9280635,0.06206192,0.3630176,13.93933,-47.53529,8.348328
06.12.2023 14:47:16,0.009339023,0.9272144,-0.02983904,0.3732236,-3.572154,-46.13945,5.284424,-0.05543457,0.9272459,0.06221838,0.365063,13.96655,-47.28139,8.329926
06.12.2023 14:47:16,0.009394525,0.9263985,-0.02993099,0.3752355,-3.583688,-45.89035,5.290253,-0.05550486,0.926461,0.06237964,0.3670122,13.99374,-47.03911,8.311707
06.12.2023 14:47:16,0.009467228,0.9255005,-0.03000586,0.3774374,-3.594083,-45.61755,5.294312,-0.05525434,0.9256075,0.06276806,0.3691313,14.0322,-46.77246,8.247589
06.12.2023 14:47:16,0.009593262,0.9245531,-0.03004624,0.3797457,-3.60311,-45.33156,5.291687,-0.05491241,0.9246417,0.0630213,0.3715517,14.0531,-46.46773,8.176239
06.12.2023 14:47:16,0.009839115,0.9236147,-0.03004538,0.3820162,-3.613065,-45.0504,5.274445,-0.05495463,0.9236842,0.0628605,0.3739465,14.04596,-46.16998,8.164063
06.12.2023 14:47:16,0.01009531,0.9226952,-0.03007615,0.3842229,-3.626949,-44.77682,5.257324,-0.05516621,0.9227456,0.06271163,0.3762507,14.04712,-45.88441,8.170441
06.12.2023 14:47:16,0.01015307,0.9217538,-0.03010903,0.3864716,-3.632348,-44.49719,5.261536,-0.05554179,0.9217342,0.06216803,0.3787564,14.01416,-45.57585,8.209534
06.12.2023 14:47:16,0.01019663,0.9208931,-0.03018283,0.3885112,-3.641497,-44.24316,5.26828,-0.05579063,0.9209124,0.06166109,0.3807961,13.97821,-45.32425,8.238251
06.12.2023 14:47:16,0.01007043,0.9199526,-0.0303475,0.3907236,-3.652561,-43.96657,5.29776,-0.05575755,0.9199985,0.06142041,0.3830425,13.95905,-45.04366,8.223236
06.12.2023 14:47:16,0.009881928,0.9190961,-0.03066199,0.3927145,-3.676568,-43.71666,5.339783,-0.0554463,0.9191015,0.06115754,0.3852763,13.92517,-44.76253,8.179718
06.12.2023 14:47:16,0.009894057,0.9181657,-0.03075719,0.394877,-3.686333,-43.44635,5.351471,-0.05522294,0.9182789,0.0605336,0.3873629,13.85626,-44.50151,8.163239
06.12.2023 14:47:16,0.01005184,0.917343,-0.03072332,0.3967834,-3.689214,-43.20863,5.341003,-0.05534049,0.9174234,0.06003131,0.3894457,13.81546,-44.24265,8.178009
06.12.2023 14:47:16,0.01025985,0.9164184,-0.03062474,0.3989164,-3.687569,-42.94267,5.323181,-0.05546169,0.9165162,0.05936955,0.3916596,13.75854,-43.96762,8.199249
06.12.2023 14:47:16,0.01066545,0.915555,-0.03037645,0.4009022,-3.67944,-42.69592,5.2771,-0.05550871,0.9157202,0.05893525,0.3935758,13.72141,-43.7285,8.205444
06.12.2023 14:47:16,0.01092755,0.9147164,-0.03026416,0.4028134,-3.679185,-42.45743,5.252075,-0.05543282,0.9148172,0.05884061,0.3956951,13.71536,-43.46165,8.181366
06.12.2023 14:47:16,0.01100749,0.9138651,-0.03010778,0.4047506,-3.665963,-42.21512,5.244202,-0.05566685,0.9139024,0.05895165,0.3977541,13.7449,-43.20346,8.181366
06.12.2023 14:47:16,0.01112388,0.9131183,-0.02994856,0.4064411,-3.654256,-42.00366,5.231354,-0.05596429,0.9130466,0.05913674,0.3996459,13.78464,-42.96625,8.186157
06.12.2023 14:47:16,0.01095003,0.9121993,-0.02971132,0.4085216,-3.620748,-41.74246,5.246765,-0.05593507,0.9121226,0.05952891,0.4016964,13.83173,-42.70581,8.145081
06.12.2023 14:47:16,0.01094064,0.9113628,-0.02947949,0.4104013,-3.595557,-41.50671,5.244293,-0.05562477,0.91119,0.0598992,0.4037955,13.86353,-42.43712,8.074585
06.12.2023 14:47:16,0.01094439,0.9103649,-0.02924154,0.4126268,-3.570282,-41.22725,5.241394,-0.05539158,0.91023,0.06018503,0.4059445,13.88989,-42.16261,8.015533
06.12.2023 14:47:16,0.01090843,0.9094393,-0.0290224,0.4146793,-3.545159,-40.96913,5.242767,-0.05591591,0.9092746,0.06006075,0.4080269,13.90833,-41.90286,8.056244
06.12.2023 14:47:16,0.0108868,0.9084587,-0.02883094,0.4168371,-3.52359,-40.69739,5.244263,-0.05646927,0.9082685,0.06001056,0.4101931,13.9364,-41.63211,8.095612
06.12.2023 14:47:16,0.01088368,0.9073551,-0.02869948,0.4192429,-3.509099,-40.39389,5.247589,-0.05726845,0.9071609,0.05976449,0.4125624,13.95657,-41.33762,8.167999
06.12.2023 14:47:16,0.01095529,0.9062554,-0.02856417,0.4216222,-3.497836,-40.09354,5.242828,-0.05756942,0.9061459,0.05991303,0.4147239,13.99399,-41.06433,8.171112
06.12.2023 14:47:16,0.01106055,0.9051104,-0.02848344,0.4240772,-3.493906,-39.78316,5.237427,-0.05724526,0.9050732,0.06008394,0.4170796,14.00452,-40.7618,8.105255
06.12.2023 14:47:16,0.011047,0.9041499,-0.02836662,0.4261295,-3.480582,-39.5233,5.241058,-0.05690562,0.9041758,0.0600851,0.4190677,13.99509,-40.50635,8.049591
06.12.2023 14:47:16,0.01102304,0.9030333,-0.02825254,0.4284987,-3.466945,-39.22289,5.24704,-0.05693193,0.9031531,0.05971248,0.4213166,13.96503,-40.22134,8.047882
06.12.2023 14:47:16,0.01097061,0.901999,-0.02814012,0.4306804,-3.452118,-38.94586,5.25531,-0.05715846,0.9021868,0.0592836,0.4234117,13.93842,-39.9572,8.071564
06.12.2023 14:47:16,0.01107992,0.9009476,-0.02800458,0.4328816,-3.442907,-38.66649,5.245697,-0.05762002,0.901184,0.05875147,0.4255534,13.91287,-39.68874,8.124573
06.12.2023 14:47:16,0.01122036,0.8998775,-0.02780506,0.4351108,-3.428706,-38.38353,5.229736,-0.05769131,0.900206,0.05843764,0.4276516,13.89102,-39.42212,8.126556
06.12.2023 14:47:16,0.01118968,0.8988353,-0.02767867,0.4372686,-3.413577,-38.10869,5.234802,-0.05720544,0.899272,0.05840553,0.4296815,13.8707,-39.15929,8.05719
06.12.2023 14:47:16,0.01114634,0.8978567,-0.02751979,0.4392856,-3.394498,-37.85158,5.238922,-0.05679696,0.8983324,0.05840546,0.4316964,13.85724,-38.89845,7.994568
06.12.2023 14:47:16,0.01111374,0.8967826,-0.02750333,0.441476,-3.390561,-37.57159,5.249725,-0.05642811,0.8971725,0.05851978,0.4341346,13.85876,-38.58278,7.926208
06.12.2023 14:47:16,0.01130312,0.8958396,-0.02735903,0.4433905,-3.384826,-37.32753,5.230164,-0.05651012,0.8961021,0.05818099,0.4363745,13.83511,-38.29701,7.929474
06.12.2023 14:47:16,0.01134027,0.8948591,-0.02718587,0.4453757,-3.368434,-37.07388,5.224976,-0.05718192,0.8950276,0.05761387,0.4385618,13.8175,-38.02231,8.006195
06.12.2023 14:47:16,0.01161241,0.893887,-0.02713504,0.4473197,-3.376689,-36.82537,5.201782,-0.0579152,0.8940338,0.05675092,0.4406003,13.77237,-37.76804,8.105865
06.12.2023 14:47:16,0.01177242,0.89294,-0.02692862,0.4492153,-3.363359,-36.58306,5.181915,-0.05827524,0.8930678,0.05615182,0.4425843,13.73578,-37.51702,8.154114
06.12.2023 14:47:16,0.01188645,0.8920251,-0.02686624,0.4510301,-3.3625,-36.3503,5.173859,-0.0583652,0.8920823,0.05581841,0.4445975,13.71313,-37.2592,8.160675
06.12.2023 14:47:16,0.01200529,0.8910414,-0.02663776,0.4529808,-3.344938,-36.10037,5.157166,-0.05810848,0.8910578,0.05590853,0.4466695,13.71652,-36.98962,8.1091
06.12.2023 14:47:16,0.01202671,0.8901093,-0.0267112,0.4548047,-3.353223,-35.86528,5.16568,-0.05779755,0.8900935,0.05647883,0.4485568,13.76569,-36.74117,8.0289
06.12.2023 14:47:16,0.01201278,0.8891081,-0.02669007,0.4567604,-3.349967,-35.61319,5.17337,-0.05746844,0.8891004,0.0567653,0.4505281,13.78473,-36.48264,7.96051
06.12.2023 14:47:16,0.01208339,0.888148,-0.02680668,0.4586158,-3.365189,-35.3735,5.179321,-0.05726701,0.8882046,0.05709746,0.4522754,13.81412,-36.25339,7.905029
06.12.2023 14:47:16,0.01215702,0.8870746,-0.02679984,0.4606872,-3.367956,-35.10603,5.179321,-0.05710942,0.8871532,0.05737481,0.4543191,13.84097,-35.98589,7.853821
06.12.2023 14:47:16,0.01222735,0.886063,-0.02681456,0.4626271,-3.372783,-34.85519,5.180328,-0.05725905,0.8862204,0.05717739,0.456142,13.83444,-35.75088,7.861298
06.12.2023 14:47:16,0.01236023,0.8850636,-0.02683779,0.4645314,-3.381826,-34.60877,5.175323,-0.05776464,0.8852505,0.0569628,0.4579848,13.84509,-35.51519,7.906097
06.12.2023 14:47:16,0.0124835,0.8840575,-0.02704388,0.466428,-3.408932,-34.36242,5.181122,-0.05832617,0.8842203,0.05662229,0.4599417,13.84644,-35.2653,7.962097
06.12.2023 14:47:16,0.01263839,0.8830275,-0.02696691,0.4683754,-3.409051,-34.11024,5.168823,-0.05858851,0.8832083,0.05645365,0.4618696,13.84961,-35.01633,7.978546
06.12.2023 14:47:16,0.0126349,0.8820315,-0.02704664,0.4702439,-3.416563,-33.86713,5.180695,-0.05907509,0.8821703,0.05603703,0.4638379,13.83972,-34.76427,8.030792
06.12.2023 14:47:16,0.01278372,0.8810422,-0.027124,0.4720863,-3.432054,-33.62749,5.177002,-0.05959317,0.88113,0.05562354,0.4657946,13.83209,-34.51356,8.086212
06.12.2023 14:47:16,0.01283485,0.8801016,-0.02708045,0.4738387,-3.430078,-33.39948,5.1763,-0.05978359,0.8800749,0.05535326,0.4677929,13.82184,-34.25454,8.100067
06.12.2023 14:47:16,0.01283663,0.8791081,-0.02717296,0.4756742,-3.439127,-33.15984,5.188354,-0.05926606,0.8790414,0.05565489,0.4697619,13.83142,-33.99226,8.011047
06.12.2023 14:47:16,0.01288192,0.8782188,-0.02711204,0.4773163,-3.435113,-32.9458,5.18689,-0.05909547,0.8780476,0.05588176,0.4716115,13.8515,-33.74763,7.962585
06.12.2023 14:47:16,0.01295794,0.8771939,-0.02715557,0.4791926,-3.443263,-32.70062,5.188965,-0.05923343,0.8771038,0.05590382,0.4733446,13.86707,-33.52079,7.957825
06.12.2023 14:47:16,0.01310842,0.8763149,-0.02710279,0.480797,-3.445905,-32.49123,5.177246,-0.05952526,0.8763021,0.05595663,0.4747846,13.89319,-33.33292,7.969971
06.12.2023 14:47:16,0.01326764,0.8754593,-0.02696788,0.4823565,-3.440847,-32.28783,5.159912,-0.05980387,0.875463,0.0559844,0.4762917,13.91638,-33.1361,7.981354
06.12.2023 14:47:16,0.01338725,0.8745586,-0.02694785,0.4839855,-3.445175,-32.07463,5.153198,-0.05972498,0.8745754,0.05614265,0.4779108,13.93353,-32.92165,7.947998
06.12.2023 14:47:16,0.0134983,0.8737004,-0.02686305,0.4855346,-3.442585,-31.8719,5.143433,-0.05963505,0.8736693,0.05620987,0.4795687,13.94092,-32.70225,7.918091
06.12.2023 14:47:16,0.0136009,0.8727446,-0.02672247,0.4872554,-3.433958,-31.64658,5.13208,-0.05982075,0.8726076,0.05610671,0.4814869,13.9472,-32.45071,7.922852
06.12.2023 14:47:16,0.0136251,0.8718697,-0.02659019,0.4888256,-3.421844,-31.44064,5.128418,-0.06029229,0.8715934,0.05560487,0.4833199,13.92902,-32.21381,7.979614
06.12.2023 14:47:16,0.01352392,0.8710306,-0.0264429,0.4903302,-3.401214,-31.24294,5.136139,-0.06050254,0.8705123,0.055254,0.485278,13.91214,-31.95781,8.000305
06.12.2023 14:47:16,0.01354629,0.8701535,-0.02632307,0.4918907,-3.390268,-31.03783,5.13324,-0.06059156,0.8693979,0.05509473,0.4872787,13.90802,-31.69418,7.997589
06.12.2023 14:47:16,0.01335504,0.8693564,-0.02612333,0.493314,-3.359309,-30.85045,5.146545,-0.06036044,0.8684559,0.05516658,0.4889761,13.90805,-31.46747,7.952728
06.12.2023 14:47:16,0.01320772,0.8685154,-0.02601493,0.4948028,-3.339896,-30.65404,5.160828,-0.06035598,0.867527,0.05523873,0.4906147,13.92059,-31.24956,7.931244
06.12.2023 14:47:16,0.01313623,0.8676228,-0.0258662,0.496376,-3.32073,-30.44656,5.165527,-0.06045475,0.8667616,0.0551467,0.4919639,13.92151,-31.07132,7.932434
06.12.2023 14:47:16,0.013136,0.8667794,-0.0258076,0.4978502,-3.314606,-30.25179,5.167847,-0.0605658,0.8659927,0.05520658,0.4932958,13.93829,-30.89446,7.926361
06.12.2023 14:47:16,0.01299089,0.8659877,-0.0256811,0.4992365,-3.293461,-30.06844,5.180328,-0.06060593,0.8653226,0.05512105,0.4944749,13.936,-30.73821,7.923035
06.12.2023 14:47:16,0.0129895,0.8651298,-0.02548148,0.5007318,-3.27326,-29.87103,5.174683,-0.06071807,0.8646242,0.05505985,0.4956882,13.94037,-30.57752,7.925171
06.12.2023 14:47:16,0.01292801,0.8642623,-0.02522013,0.5022426,-3.243505,-29.67145,5.171417,-0.06124257,0.8636216,0.05477424,0.4974002,13.94769,-30.35361,7.976318
06.12.2023 14:47:16,0.01282554,0.8634318,-0.02509656,0.5036778,-3.225061,-29.48114,5.17981,-0.06184831,0.8625877,0.05447383,0.4991492,13.95856,-30.12498,8.036041
06.12.2023 14:47:16,0.01280234,0.8624991,-0.02500002,0.5052785,-3.21383,-29.26871,5.182495,-0.06211114,0.8615171,0.05427263,0.5009841,13.96011,-29.88221,8.054779
06.12.2023 14:47:17,0.01286307,0.8616954,-0.0247946,0.5066565,-3.196763,-29.08624,5.169678,-0.06220429,0.8604387,0.05399086,0.5028528,13.94409,-29.63419,8.060852
06.12.2023 14:47:17,0.01275404,0.8608366,-0.02458588,0.5081272,-3.169511,-28.89091,5.173706,-0.06225803,0.8593404,0.05365488,0.5047566,13.92062,-29.38124,8.065826
06.12.2023 14:47:17,0.01262456,0.8599308,-0.0243703,0.5096721,-3.140368,-28.68551,5.179565,-0.06244411,0.8583831,0.05341294,0.5063855,13.91327,-29.16502,8.081482
06.12.2023 14:47:17,0.01232365,0.8591033,-0.02412429,0.5110849,-3.098196,-28.49734,5.199951,-0.06268626,0.857497,0.05324325,0.5078725,13.91592,-28.9675,8.099976
06.12.2023 14:47:17,0.01194625,0.8582754,-0.02394907,0.5124911,-3.058439,-28.30951,5.231873,-0.06276791,0.8566526,0.05330245,0.5092793,13.93164,-28.77848,8.089874
06.12.2023 14:47:17,0.01169178,0.857476,-0.02385775,0.5138376,-3.034097,-28.12939,5.256317,-0.06223002,0.8558987,0.05371216,0.5105682,13.94519,-28.60004,7.998749
06.12.2023 14:47:17,0.01137259,0.8566689,-0.02395379,0.5151846,-3.024266,-27.94831,5.298126,-0.06198253,0.8551472,0.05382407,0.5118443,13.94614,-28.42628,7.954102
06.12.2023 14:47:17,0.01118818,0.8558711,-0.02417572,0.5165027,-3.03466,-27.77071,5.334076,-0.06232845,0.8545133,0.05342787,0.5129012,13.93109,-28.28784,8.000763
06.12.2023 14:47:17,0.01120558,0.8550535,-0.02426503,0.5178506,-3.043919,-27.58975,5.342468,-0.06293571,0.8538384,0.05293511,0.514001,13.92224,-28.14533,8.078613
06.12.2023 14:47:17,0.01129634,0.8544246,-0.02425938,0.5188859,-3.04835,-27.45102,5.336914,-0.06380509,0.853319,0.05223883,0.5148268,13.90808,-28.04205,8.197449
06.12.2023 14:47:17,0.01147931,0.8536559,-0.0242478,0.5201462,-3.057631,-27.28215,5.322815,-0.06437698,0.8526292,0.05211443,0.5159101,13.93384,-27.89925,8.250092
06.12.2023 14:47:17,0.01153826,0.8530021,-0.02420586,0.5212182,-3.056643,-27.13834,5.318359,-0.06454059,0.8519256,0.05212874,0.5170494,13.94934,-27.74599,8.253418
06.12.2023 14:47:17,0.01152182,0.8523542,-0.02414041,0.5222805,-3.048864,-26.99567,5.319855,-0.06425034,0.8512086,0.0524464,0.5182329,13.96777,-27.58268,8.193207
06.12.2023 14:47:17,0.01141927,0.8516599,-0.02405378,0.5234181,-3.033819,-26.84271,5.328766,-0.0642072,0.8504081,0.05242873,0.5195525,13.96838,-27.40386,8.175995
06.12.2023 14:47:17,0.01142514,0.8509168,-0.02421413,0.5246178,-3.049351,-26.68053,5.342133,-0.06434164,0.849721,0.05229097,0.5206727,13.9671,-27.25348,8.185638
06.12.2023 14:47:17,0.01144579,0.850225,-0.02433548,0.5257322,-3.061975,-26.52988,5.35144,-0.06446856,0.8489616,0.05201173,0.5219223,13.952,-27.08617,8.201691
06.12.2023 14:47:17,0.01161123,0.849474,-0.0245244,0.5269324,-3.089875,-26.36752,5.351074,-0.06475676,0.8482704,0.05168904,0.5230414,13.94193,-26.93747,8.237671
06.12.2023 14:47:17,0.01176324,0.8487738,-0.0247441,0.528046,-3.12,-26.21657,5.353668,-0.06497774,0.8476267,0.0515724,0.5240679,13.94775,-26.79972,8.255585
06.12.2023 14:47:17,0.0120167,0.8478332,-0.02514337,0.5295303,-3.173584,-26.01481,5.358765,-0.0654328,0.8468184,0.05151213,0.5253225,13.97418,-26.63165,8.290649
06.12.2023 14:47:17,0.01221324,0.8469536,-0.0255943,0.53091,-3.228757,-25.82671,5.372345,-0.06570638,0.8460726,0.05170134,0.5264702,14.01373,-26.47567,8.293793
06.12.2023 14:47:17,0.01244015,0.8460245,-0.02600723,0.5323641,-3.282028,-25.62846,5.381134,-0.06620839,0.8452272,0.05173598,0.5277603,14.05264,-26.30212,8.327118
06.12.2023 14:47:17,0.01257647,0.8450946,-0.02661037,0.533806,-3.348171,-25.4307,5.410522,-0.0665115,0.8443754,0.05198643,0.5290594,14.10065,-26.12494,8.327545
06.12.2023 14:47:17,0.0127325,0.8440272,-0.02712757,0.5354626,-3.407003,-25.20389,5.433838,-0.06696065,0.8433153,0.05198697,0.5306911,14.13455,-25.90428,8.353821
06.12.2023 14:47:17,0.01285429,0.8429991,-0.02756141,0.5370547,-3.455621,-24.98579,5.455292,-0.06768443,0.8422856,0.05176106,0.5322542,14.16312,-25.69532,8.421478
06.12.2023 14:47:17,0.01303575,0.8419491,-0.02802953,0.5386708,-3.511153,-24.76406,5.473389,-0.06836414,0.8413649,0.05154268,0.5336431,14.18927,-25.5097,8.486206
06.12.2023 14:47:17,0.01312062,0.8408797,-0.02835568,0.5403196,-3.54693,-24.53802,5.49234,-0.06865258,0.8403429,0.05134744,0.5352328,14.19464,-25.29435,8.508942
06.12.2023 14:47:17,0.01320537,0.8397844,-0.02871727,0.5419992,-3.586033,-24.3073,5.513824,-0.06865387,0.8394616,0.05160642,0.5365889,14.22552,-25.10679,8.478058
06.12.2023 14:47:17,0.01319036,0.8386133,-0.02908468,0.5437903,-3.619328,-24.06079,5.545898,-0.06817887,0.8383518,0.05219718,0.5383246,14.26053,-24.86263,8.375824
06.12.2023 14:47:17,0.01323273,0.8374601,-0.02941588,0.5455458,-3.652637,-23.81905,5.570221,-0.06802764,0.8372916,0.05275545,0.539937,14.31168,-24.6367,8.308319
06.12.2023 14:47:17,0.01341023,0.8362127,-0.02971842,0.5474353,-3.691502,-23.55894,5.580475,-0.06806123,0.8362009,0.05296247,0.5416002,14.34033,-24.40644,8.279999
06.12.2023 14:47:17,0.01345635,0.8350009,-0.02998684,0.549266,-3.718832,-23.30642,5.601135,-0.06882309,0.8350799,0.05269733,0.5432568,14.3689,-24.18314,8.351959
06.12.2023 14:47:17,0.01366999,0.833741,-0.03003699,0.5511687,-3.735758,-23.04498,5.592346,-0.06942992,0.8338656,0.05237587,0.5450729,14.38324,-23.93709,8.410492
06.12.2023 14:47:17,0.01389601,0.8323403,-0.03016903,0.5532688,-3.761204,-22.75554,5.588593,-0.06954031,0.8324455,0.0517632,0.5472836,14.34024,-23.63558,8.434814
06.12.2023 14:47:17,0.01398882,0.8310429,-0.03015683,0.5552141,-3.764567,-22.48745,5.587769,-0.06945851,0.8312628,0.05153555,0.5491101,14.32068,-23.38354,8.420685
06.12.2023 14:47:17,0.01404967,0.829679,-0.03001052,0.5572566,-3.753078,-22.20612,5.581879,-0.06948074,0.8299768,0.0510549,0.5510939,14.28409,-23.11137,8.431
06.12.2023 14:47:17,0.0140746,0.8283213,-0.03003631,0.5592705,-3.755703,-21.92735,5.590302,-0.06970972,0.8286381,0.05073775,0.5531051,14.27655,-22.83485,8.450653
06.12.2023 14:47:17,0.01410441,0.8268833,-0.03004556,0.5613932,-3.756973,-21.63313,5.597717,-0.06999587,0.827275,0.05048606,0.5551288,14.27917,-22.55598,8.471466
06.12.2023 14:47:17,0.01413515,0.8255712,-0.0299458,0.5633255,-3.748108,-21.36541,5.597137,-0.07012098,0.8258815,0.05023285,0.5572069,14.2717,-22.26836,8.476288
06.12.2023 14:47:17,0.01409578,0.8241482,-0.02989477,0.5654091,-3.739209,-21.07583,5.606995,-0.07008898,0.8244525,0.0500936,0.5593356,14.26529,-21.97179,8.458099
06.12.2023 14:47:17,0.01425759,0.8227939,-0.02967425,0.5673857,-3.727467,-20.80186,5.586304,-0.06980111,0.8231193,0.05007459,0.5613333,14.25323,-21.69123,8.409149
06.12.2023 14:47:17,0.0143189,0.8213186,-0.0294932,0.569527,-3.71288,-20.50404,5.5784,-0.06934788,0.8218173,0.05013001,0.5632887,14.23715,-21.41499,8.340088
06.12.2023 14:47:17,0.01442333,0.8198602,-0.02917251,0.5716382,-3.688076,-20.21066,5.557037,-0.06902124,0.820421,0.05000081,0.5653719,14.21204,-21.12211,8.293793
06.12.2023 14:47:17,0.01448047,0.8183614,-0.02884587,0.5737969,-3.6597,-19.91005,5.539856,-0.06899036,0.8190371,0.04967926,0.5674068,14.18771,-20.83799,8.28891
06.12.2023 14:47:17,0.01453766,0.8170229,-0.02855551,0.5757142,-3.634995,-19.64259,5.523865,-0.06912088,0.8176045,0.04933001,0.5694838,14.17157,-20.5483,8.300781
06.12.2023 14:47:17,0.01463554,0.8155854,-0.02818734,0.5777645,-3.605719,-19.35641,5.499359,-0.069208,0.8160135,0.04898898,0.57178,14.15436,-20.22692,8.305603
06.12.2023 14:47:17,0.01463875,0.8141947,-0.02774318,0.5797441,-3.563239,-19.0799,5.47821,-0.06946392,0.8144449,0.04850758,0.5740221,14.13501,-19.91412,8.336395
06.12.2023 14:47:17,0.01464728,0.8127618,-0.02732548,0.5817707,-3.523673,-18.79612,5.458374,-0.06969728,0.8129048,0.04790587,0.5762233,14.10291,-19.60719,8.373627
06.12.2023 14:47:17,0.01453045,0.8111994,-0.02697223,0.5839666,-3.481733,-18.48742,5.455048,-0.06970146,0.8113597,0.04738572,0.5784391,14.06354,-19.29619,8.383759
06.12.2023 14:47:17,0.0145488,0.8097944,-0.02668761,0.5859261,-3.455426,-18.21147,5.442596,-0.06968965,0.8099701,0.04711398,0.5804069,14.0455,-19.01822,8.378723
06.12.2023 14:47:17,0.01441962,0.8083249,-0.02645121,0.5879655,-3.423674,-17.92327,5.447327,-0.06957252,0.8087124,0.04714653,0.5821694,14.048,-18.76669,8.345673
06.12.2023 14:47:17,0.01435491,0.806852,-0.02625005,0.5899957,-3.399547,-17.63579,5.448303,-0.06961351,0.8074097,0.04737056,0.5839518,14.07904,-18.51123,8.314301
06.12.2023 14:47:17,0.01435132,0.8052697,-0.02615327,0.5921576,-3.389151,-17.32861,5.451172,-0.06958725,0.8060108,0.04781354,0.5858482,14.12631,-18.2373,8.260345
06.12.2023 14:47:17,0.01427576,0.8038464,-0.02593589,0.5940998,-3.362866,-17.05267,5.451477,-0.0694548,0.8047539,0.04823515,0.5875548,14.16348,-17.98976,8.199829
06.12.2023 14:47:17,0.01429352,0.8023614,-0.02581872,0.5961086,-3.35216,-16.76636,5.450226,-0.06934649,0.8034384,0.04865148,0.589331,14.20184,-17.73191,8.140961
06.12.2023 14:47:17,0.01422755,0.8007903,-0.025726,0.598223,-3.337921,-16.46417,5.458771,-0.0693149,0.8020824,0.04879551,0.5911669,14.22021,-17.46719,8.106964
06.12.2023 14:47:17,0.01422551,0.7993442,-0.02568989,0.6001554,-3.333353,-16.18734,5.464539,-0.06954905,0.8005672,0.04816194,0.5932417,14.18558,-17.17409,8.148163
06.12.2023 14:47:17,0.01419245,0.7977839,-0.02572742,0.6022272,-3.333286,-15.88957,5.47879,-0.07003409,0.7991648,0.04753049,0.5951234,14.16785,-16.90906,8.214874
06.12.2023 14:47:17,0.01424076,0.7961414,-0.02577385,0.6043938,-3.33956,-15.57762,5.486694,-0.07108742,0.7974456,0.04619191,0.5974057,14.12607,-16.59235,8.37851
06.12.2023 14:47:17,0.01426178,0.7946637,-0.02587118,0.6063308,-3.348695,-15.29791,5.499695,-0.07146426,0.7959937,0.04553431,0.5993443,14.09973,-16.31764,8.436554
06.12.2023 14:47:17,0.01421239,0.7932171,-0.02604198,0.6082158,-3.359588,-15.02475,5.524078,-0.07135877,0.7946915,0.04560126,0.6010774,14.10605,-16.06578,8.402191
06.12.2023 14:47:17,0.01417899,0.7916649,-0.0261378,0.6102316,-3.364605,-14.73252,5.542389,-0.07129624,0.7933887,0.04583341,0.6027857,14.13031,-15.8161,8.360535
06.12.2023 14:47:17,0.01423536,0.7903669,-0.02628881,0.611904,-3.381093,-14.48936,5.555023,-0.0712415,0.7921737,0.04609632,0.6043681,14.15726,-15.58411,8.318756
06.12.2023 14:47:17,0.01435291,0.7888295,-0.02652646,0.6138717,-3.409472,-14.20253,5.569611,-0.07165799,0.7907832,0.04634058,0.6061186,14.21603,-15.32883,8.319489
06.12.2023 14:47:17,0.0144999,0.7875169,-0.02668821,0.6155443,-3.43324,-13.9585,5.575012,-0.0719839,0.7893509,0.04652567,0.60793,14.26334,-15.06427,8.315063
06.12.2023 14:47:17,0.01469434,0.7861494,-0.02691701,0.6172752,-3.46636,-13.70525,5.581268,-0.07195754,0.7878309,0.04687025,0.6098753,14.30106,-14.77739,8.26532
06.12.2023 14:47:17,0.01499573,0.7847784,-0.02718093,0.6189986,-3.510226,-13.45257,5.580536,-0.07129481,0.786489,0.04720951,0.6116564,14.29254,-14.51207,8.159546
06.12.2023 14:47:17,0.01528161,0.7833805,-0.02726915,0.620756,-3.537198,-13.19535,5.569031,-0.07095385,0.7850533,0.04721156,0.6135373,14.27615,-14.23514,8.105896
06.12.2023 14:47:17,0.01566051,0.7818664,-0.02747472,0.6226436,-3.581309,-12.91804,5.558319,-0.0710678,0.7835036,0.04681026,0.6155326,14.25571,-13.94525,8.121063
06.12.2023 14:47:17,0.01578406,0.7805612,-0.02756904,0.6242716,-3.597429,-12.67863,5.561493,-0.07129027,0.7819504,0.04605978,0.6175354,14.21161,-13.6566,8.171051
06.12.2023 14:47:17,0.01597482,0.7791391,-0.02786141,0.6260278,-3.635978,-12.41898,5.573608,-0.07148576,0.7802658,0.0453985,0.6196887,14.17459,-13.34432,8.210602
06.12.2023 14:47:17,0.01610355,0.7779441,-0.02825009,0.6274915,-3.678835,-12.20138,5.597015,-0.07201171,0.7789203,0.04498274,0.6213486,14.18164,-13.10343,8.268402
06.12.2023 14:47:17,0.01641122,0.7765242,-0.02852459,0.6292275,-3.724147,-11.94398,5.597687,-0.0720469,0.7773746,0.04469639,0.6232979,14.16656,-12.81695,8.269043
06.12.2023 14:47:17,0.01680265,0.7751966,-0.02860644,0.6308484,-3.758495,-11.70427,5.576599,-0.07172631,0.7759821,0.04449916,0.6250815,14.13324,-12.55293,8.233215
06.12.2023 14:47:17,0.01713515,0.7738981,-0.02859654,0.632432,-3.780555,-11.47011,5.554047,-0.07141972,0.7745516,0.04428264,0.6269037,14.09924,-12.28291,8.199738
06.12.2023 14:47:17,0.01746091,0.7725708,-0.02853495,0.6340467,-3.797629,-11.23122,5.528595,-0.07137271,0.7731577,0.04390038,0.6286541,14.06885,-12.02497,8.202606
06.12.2023 14:47:17,0.01767584,0.7712814,-0.02844307,0.6356128,-3.804094,-10.99918,5.51059,-0.0716273,0.7719612,0.04356,0.6301176,14.06302,-11.80982,8.23291
06.12.2023 14:47:17,0.01775126,0.7700117,-0.02832281,0.6371537,-3.797959,-10.77055,5.502716,-0.07149038,0.7707446,0.04320531,0.6316449,14.0278,-11.58395,8.228516
06.12.2023 14:47:17,0.01774035,0.7687179,-0.02824564,0.6387177,-3.789326,-10.53777,5.505737,-0.07094975,0.7697863,0.04360255,0.632846,14.02875,-11.40008,8.136963
06.12.2023 14:47:17,0.01774077,0.7675376,-0.02826764,0.6401346,-3.790354,-10.32605,5.514313,-0.07054004,0.7687898,0.04378248,0.6340896,14.01984,-11.21151,8.07251
06.12.2023 14:47:17,0.01769512,0.7664245,-0.02815072,0.6414733,-3.775815,-10.12643,5.516327,-0.07029382,0.7676808,0.04392552,0.6354491,14.01993,-11.00594,8.023987
06.12.2023 14:47:17,0.01759866,0.7653612,-0.02811465,0.6427458,-3.764672,-9.935951,5.528412,-0.07072715,0.7666683,0.04382885,0.636629,14.04779,-10.83044,8.055664
06.12.2023 14:47:17,0.01760381,0.7643223,-0.02822125,0.643976,-3.773541,-9.750847,5.541931,-0.07127561,0.7655599,0.04351186,0.6379222,14.06522,-10.63957,8.112427
06.12.2023 14:47:17,0.01763343,0.7632356,-0.02830715,0.645259,-3.782338,-9.557701,5.552063,-0.07187103,0.7647606,0.04330863,0.6388272,14.09476,-10.50613,8.169495
06.12.2023 14:47:17,0.01769985,0.7622733,-0.02844465,0.6463878,-3.798463,-9.387222,5.562073,-0.07224946,0.7639964,0.04331447,0.6396978,14.1268,-10.37566,8.192169
06.12.2023 14:47:17,0.01775795,0.76135,-0.02860447,0.6474664,-3.815934,-9.223938,5.57428,-0.07231902,0.7632851,0.04342915,0.6405308,14.14554,-10.24923,8.17981
06.12.2023 14:47:17,0.01789981,0.7604196,-0.02880006,0.6485461,-3.842728,-9.060143,5.58194,-0.07234806,0.762659,0.04352903,0.6412662,14.15955,-10.13745,8.166107
06.12.2023 14:47:17,0.0179141,0.7595824,-0.02898121,0.6495181,-3.858825,-8.912384,5.599152,-0.07209378,0.7620533,0.0437494,0.6419995,14.16321,-10.02435,8.118347
06.12.2023 14:47:17,0.01808888,0.7587665,-0.02902642,0.6504642,-3.875054,-8.769287,5.592133,-0.07222791,0.7613369,0.04374717,0.6428341,14.17636,-9.898376,8.12027
06.12.2023 14:47:17,0.0181639,0.7579299,-0.02912269,0.6514325,-3.88827,-8.622314,5.597778,-0.07224287,0.7605668,0.04360189,0.6437531,14.16843,-9.760361,8.121246
06.12.2023 14:47:17,0.0181595,0.7571647,-0.02902792,0.6523261,-3.879003,-8.487541,5.595642,-0.07258806,0.7597779,0.04323251,0.6446701,14.16541,-9.624916,8.168121
06.12.2023 14:47:18,0.01812262,0.756417,-0.02907956,0.6531916,-3.880035,-8.356003,5.607178,-0.07288364,0.7588525,0.04292818,0.6457461,14.16516,-9.464569,8.203827
06.12.2023 14:47:18,0.01796308,0.7556883,-0.02924908,0.6540315,-3.882078,-8.227448,5.638062,-0.07331944,0.7580468,0.0430595,0.6466338,14.21292,-9.329536,8.221527
06.12.2023 14:47:18,0.01764918,0.7550353,-0.02941165,0.6547863,-3.871933,-8.11161,5.681396,-0.07362078,0.7571716,0.04318756,0.6476157,14.25082,-9.179764,8.226379
06.12.2023 14:47:18,0.01740829,0.7543421,-0.02960883,0.6555824,-3.87015,-7.989227,5.721222,-0.07376288,0.7563841,0.04337399,0.6485067,14.28156,-9.04287,8.213898
06.12.2023 14:47:18,0.01729367,0.7536358,-0.0297615,0.6563903,-3.873937,-7.865303,5.746796,-0.07389532,0.755725,0.04353913,0.6492485,14.30908,-8.928703,8.203918
06.12.2023 14:47:18,0.01719091,0.7529905,-0.0298668,0.6571285,-3.874549,-7.752182,5.767456,-0.07373991,0.7551395,0.04365097,0.6499396,14.31012,-8.822075,8.173279
06.12.2023 14:47:18,0.0171237,0.7522806,-0.02987733,0.6579423,-3.869551,-7.628029,5.778229,-0.07382961,0.7544859,0.04366972,0.6506867,14.32162,-8.708,8.170441
06.12.2023 14:47:18,0.01710252,0.7517706,-0.03006577,0.6585169,-3.883601,-7.539192,5.797302,-0.07375018,0.7538075,0.04363479,0.6514838,14.31595,-8.586304,8.156219
06.12.2023 14:47:18,0.01694246,0.7511764,-0.03008,0.6591982,-3.871995,-7.43499,5.815704,-0.07356117,0.7530831,0.04386266,0.6523272,14.3251,-8.455063,8.111938
06.12.2023 14:47:18,0.01672425,0.7507359,-0.03030005,0.6596952,-3.873882,-7.357559,5.85379,-0.0735108,0.7523886,0.04386939,0.6531333,14.32523,-8.331474,8.096985
06.12.2023 14:47:18,0.01645135,0.7502555,-0.03060168,0.6602345,-3.878543,-7.273041,5.902985,-0.07370557,0.7517163,0.0435443,0.6539069,14.31482,-8.215912,8.128937
06.12.2023 14:47:18,0.01609822,0.7499099,-0.03093166,0.6606203,-3.879685,-7.211693,5.960449,-0.07403883,0.7511908,0.04317262,0.6544974,14.31012,-8.128944,8.178802
06.12.2023 14:47:18,0.01573735,0.7495064,-0.03131008,0.6610691,-3.884258,-7.14035,6.022583,-0.07455981,0.7507036,0.04256999,0.6550365,14.29941,-8.051949,8.263214
06.12.2023 14:47:18,0.01535639,0.749229,-0.03173641,0.6613721,-3.891556,-7.090919,6.089386,-0.07499558,0.7503633,0.04263959,0.655372,14.33987,-8.000633,8.291718
06.12.2023 14:47:18,0.01512464,0.7490044,-0.03201283,0.6616184,-3.89734,-7.051208,6.131622,-0.07498394,0.7499654,0.04320219,0.6557919,14.38968,-7.931564,8.242676
06.12.2023 14:47:18,0.01483985,0.7487506,-0.03227611,0.6618993,-3.897886,-7.006241,6.177612,-0.07491005,0.749563,0.04386703,0.656216,14.4436,-7.860756,8.180359
06.12.2023 14:47:18,0.01485811,0.7484738,-0.03241221,0.6622052,-3.91047,-6.958443,6.188019,-0.07474035,0.7493144,0.04446868,0.6564788,14.48404,-7.814987,8.116455
06.12.2023 14:47:18,0.01477948,0.748064,-0.03247458,0.6626667,-3.909107,-6.887215,6.201965,-0.07515665,0.7488175,0.04469256,0.6569829,14.53711,-7.736229,8.129181
06.12.2023 14:47:18,0.01482434,0.7477067,-0.03236619,0.6630743,-3.902574,-6.825478,6.191956,-0.07559603,0.7482129,0.04465463,0.6576235,14.56985,-7.638618,8.162018
06.12.2023 14:47:18,0.01489631,0.7472278,-0.03218772,0.6636208,-3.891893,-6.742851,6.175018,-0.0757489,0.7475188,0.04453404,0.658403,14.57431,-7.519707,8.174438
06.12.2023 14:47:18,0.01504091,0.7466828,-0.03194705,0.6642424,-3.881333,-6.649094,6.147461,-0.07594508,0.7468577,0.04436467,0.6591417,14.57773,-7.407494,8.194855
06.12.2023 14:47:18,0.01515975,0.7459832,-0.03168631,0.6650378,-3.866876,-6.528664,6.12146,-0.0762815,0.7459453,0.04434879,0.6601363,14.60623,-7.254524,8.212372
06.12.2023 14:47:18,0.01502985,0.7452973,-0.03129039,0.6658282,-3.821934,-6.40963,6.106323,-0.07696468,0.7451897,0.04450546,0.6608995,14.67514,-7.136253,8.249573
06.12.2023 14:47:18,0.01476477,0.7444825,-0.0306991,0.6667724,-3.749784,-6.267937,6.088409,-0.07772015,0.7443252,0.04474461,0.6617686,14.75726,-7.000832,8.285187
06.12.2023 14:47:18,0.01453087,0.7436718,-0.0301935,0.6677046,-3.687396,-6.12735,6.074188,-0.07797101,0.7436959,0.04532667,0.6624066,14.82944,-6.897232,8.253693
06.12.2023 14:47:18,0.01429617,0.7427769,-0.02966,0.668729,-3.622478,-5.972527,6.058197,-0.0775992,0.7432008,0.0457948,0.6629734,14.84375,-6.804535,8.178009
06.12.2023 14:47:18,0.01408798,0.7418094,-0.02917226,0.6698279,-3.563433,-5.805672,6.043701,-0.07721625,0.7428117,0.04629513,0.6634194,14.85938,-6.730179,8.100464
06.12.2023 14:47:18,0.01396743,0.7407557,-0.02866291,0.6710174,-3.509223,-5.624702,6.020325,-0.07663862,0.742467,0.04625237,0.663875,14.81332,-6.65889,8.047821
06.12.2023 14:47:18,0.01350972,0.7385147,-0.02729356,0.6735493,-3.354425,-5.240082,5.964996,-0.07607761,0.7413847,0.04453662,0.665265,14.6286,-6.457275,8.113464
06.12.2023 14:47:18,0.0131435,0.7374557,-0.02668027,0.6747404,-3.272677,-5.058403,5.953796,-0.07625716,0.7407518,0.04253104,0.6660802,14.47382,-6.347862,8.273132
06.12.2023 14:47:18,0.01283699,0.7364418,-0.02614782,0.6758736,-3.2025,-4.884972,5.943329,-0.0762432,0.740247,0.04148214,0.6667088,14.38562,-6.258629,8.344849
06.12.2023 14:47:18,0.01254574,0.7353611,-0.02552692,0.6770784,-3.125998,-4.700577,5.924805,-0.07625738,0.739734,0.04057208,0.6673323,14.31158,-6.168869,8.408447
06.12.2023 14:47:18,0.01230554,0.7343552,-0.02510082,0.6781895,-3.070048,-4.529442,5.916534,-0.07617311,0.7394102,0.04044989,0.6677082,14.29636,-6.111145,8.405914
06.12.2023 14:47:18,0.01164045,0.7331271,-0.02421824,0.6795607,-2.942335,-4.319664,5.909241,-0.07598918,0.7390122,0.04105309,0.6681327,14.33572,-6.039871,8.338074
06.12.2023 14:47:18,0.01079103,0.7319666,-0.02311971,0.6808627,-2.782238,-4.121277,5.899811,-0.0761489,0.7386549,0.04157646,0.6684771,14.39438,-5.982071,8.306854
06.12.2023 14:47:18,0.00958039,0.7309752,-0.021413,0.6820008,-2.543187,-3.950851,5.871857,-0.07672427,0.7382671,0.04171076,0.6688312,14.45184,-5.926453,8.341217
06.12.2023 14:47:18,0.007771441,0.7298628,-0.01850694,0.6832989,-2.156864,-3.759384,5.799713,-0.07699889,0.7377748,0.04225831,0.6693084,14.522,-5.847717,8.316132
06.12.2023 14:47:18,0.006547118,0.7293807,-0.0163668,0.6838809,-1.881368,-3.675903,5.735809,-0.07712195,0.7378771,0.04247163,0.669168,14.5491,-5.868027,8.311951
06.12.2023 14:47:18,0.005681616,0.7288877,-0.01456592,0.6844548,-1.662467,-3.591667,5.668182,-0.07750555,0.7378694,0.04232898,0.6691412,14.56641,-5.873917,8.356232
06.12.2023 14:47:18,0.004664297,0.7283496,-0.01274519,0.6850713,-1.43006,-3.500015,5.61145,-0.07828551,0.738012,0.04197509,0.6689154,14.59537,-5.913216,8.453491
06.12.2023 14:47:18,0.003783394,0.7279713,-0.01139066,0.6855025,-1.247497,-3.435638,5.579315,-0.07915415,0.7382964,0.04152621,0.6685272,14.62219,-5.978729,8.567902
06.12.2023 14:47:18,0.002996258,0.7275801,-0.01044959,0.6859366,-1.106812,-3.369476,5.571655,-0.07967254,0.7385463,0.04189204,0.6681668,14.69174,-6.032722,8.588806
06.12.2023 14:47:18,0.00222767,0.7272758,-0.009935832,0.6862698,-1.003286,-3.318085,5.595795,-0.07995409,0.7386299,0.04240485,0.6680083,14.75659,-6.053604,8.575348
06.12.2023 14:47:18,0.001452453,0.7269905,-0.009458648,0.6865808,-0.9022824,-3.270027,5.62326,-0.08039422,0.7387301,0.04314477,0.6677973,14.85287,-6.080925,8.558685
06.12.2023 14:47:18,0.0007541503,0.7267513,-0.00893442,0.6868422,-0.8034372,-3.229836,5.640472,-0.08106865,0.7389333,0.04319681,0.6674874,14.90784,-6.129829,8.616791
06.12.2023 14:47:18,0.000299181,0.7265961,-0.008370972,0.6870138,-0.7205544,-3.203835,5.634155,-0.08174535,0.7391913,0.04279785,0.667145,14.9241,-6.187637,8.710449
06.12.2023 14:47:18,-0.0001268013,0.7264654,-0.007907618,0.6871576,-0.6483131,-3.181984,5.63327,-0.08219855,0.7395309,0.04254355,0.666729,14.93512,-6.25531,8.77475
06.12.2023 14:47:18,-0.0004402382,0.7263672,-0.007565198,0.6872652,-0.5950333,-3.165588,5.632477,-0.08232556,0.7399995,0.04233198,0.6662067,14.92407,-6.338684,8.809082
06.12.2023 14:47:18,-0.0005675905,0.7264239,-0.007361274,0.6872073,-0.5680801,-3.175049,5.626984,-0.08228229,0.7404216,0.04244437,0.6657357,14.92798,-6.411079,8.80304
06.12.2023 14:47:18,-0.0006937762,0.726361,-0.007430739,0.6872729,-0.5638667,-3.164581,5.643005,-0.08230329,0.7408159,0.04256534,0.6652865,14.93768,-6.480064,8.801605
06.12.2023 14:47:18,-0.0007681153,0.7263833,-0.007631646,0.6872472,-0.5747569,-3.168304,5.665009,-0.08263819,0.7411883,0.04262952,0.664826,14.96655,-6.551727,8.831757
06.12.2023 14:47:18,-0.0008272002,0.7264189,-0.007809149,0.6872074,-0.5849147,-3.174255,5.683868,-0.08296455,0.741411,0.04250874,0.6645447,14.97977,-6.597,8.873047
06.12.2023 14:47:18,-0.0006408158,0.726406,-0.007816074,0.6872211,-0.6001569,-3.172096,5.668915,-0.08335362,0.7416506,0.04210569,0.6642542,14.97342,-6.64608,8.941589
06.12.2023 14:47:18,-0.0006225789,0.7264342,-0.007862574,0.6871908,-0.6054915,-3.176796,5.671021,-0.08349904,0.7418446,0.04181741,0.6640375,14.95862,-6.68232,8.979279
06.12.2023 14:47:18,-0.000623752,0.7264403,-0.007802962,0.687185,-0.6004425,-3.177811,5.666412,-0.08337264,0.7419608,0.04166946,0.6639329,14.93564,-6.69957,8.98114
06.12.2023 14:47:18,-0.0005504102,0.7264541,-0.007648873,0.6871722,-0.5934034,-3.180099,5.648163,-0.08321036,0.7420713,0.04166842,0.6638298,14.92255,-6.71534,8.968597
06.12.2023 14:47:18,-0.0005800123,0.7264891,-0.007535498,0.6871365,-0.5816664,-3.185928,5.641663,-0.08250538,0.7420433,0.04178553,0.6639417,14.87915,-6.6959,8.897217
06.12.2023 14:47:18,-0.0006213127,0.7264981,-0.007587289,0.6871264,-0.5827346,-3.187424,5.6492,-0.08204102,0.7420602,0.04173399,0.6639836,14.83936,-6.689079,8.860504
06.12.2023 14:47:18,-0.0006222971,0.7265173,-0.007777821,0.6871039,-0.5985386,-3.190659,5.664246,-0.08165769,0.7419614,0.04128916,0.6641691,14.77264,-6.663216,8.859161
06.12.2023 14:47:18,-0.0006232122,0.7265729,-0.007948133,0.6870432,-0.612701,-3.199921,5.677704,-0.08188256,0.7418359,0.040616,0.6643231,14.73282,-6.64492,8.928345
06.12.2023 14:47:18,-0.0006006487,0.7266406,-0.008160509,0.6869692,-0.6322293,-3.211227,5.692474,-0.0821171,0.7416648,0.04000203,0.6645224,14.69907,-6.619041,8.993164
06.12.2023 14:47:18,-0.0005425148,0.7266281,-0.008240616,0.6869814,-0.6434641,-3.209152,5.693939,-0.08263116,0.7414935,0.03973805,0.6646656,14.71661,-6.599579,9.055939
06.12.2023 14:47:18,-0.0006848181,0.7265945,-0.008237543,0.6870168,-0.6319705,-3.203552,5.705597,-0.08289698,0.7413818,0.03997375,0.6647431,14.75769,-6.586136,9.059723
06.12.2023 14:47:18,-0.0007770434,0.7265406,-0.008205153,0.6870741,-0.6219568,-3.194572,5.710754,-0.0828741,0.741263,0.04080619,0.6648277,14.82794,-6.56649,8.992554
06.12.2023 14:47:18,-0.00108966,0.7265007,-0.00812599,0.6871168,-0.5907086,-3.187973,5.730591,-0.08294225,0.7412391,0.04158597,0.6647976,14.90005,-6.565102,8.938782
06.12.2023 14:47:18,-0.001357,0.726468,-0.007961987,0.6871529,-0.5559683,-3.182571,5.73996,-0.08314948,0.7411706,0.04202555,0.6648204,14.95386,-6.558334,8.922485
06.12.2023 14:47:18,-0.001423905,0.7263139,-0.007945551,0.6873158,-0.5491646,-3.156906,5.744354,-0.08339537,0.7411124,0.04219592,0.6648439,14.98752,-6.55368,8.930237
06.12.2023 14:47:18,-0.00148565,0.7261398,-0.008038904,0.6874985,-0.5518799,-3.127899,5.756989,-0.08367176,0.7409412,0.04197638,0.6650137,14.99078,-6.529457,8.968689
06.12.2023 14:47:18,-0.001418559,0.7259957,-0.007970138,0.6876516,-0.5512868,-3.103851,5.746124,-0.08386634,0.7404752,0.04166285,0.6655278,14.98157,-6.452248,9.002655
06.12.2023 14:47:18,-0.001391351,0.7257521,-0.008032719,0.6879081,-0.5583724,-3.063271,5.748962,-0.08393284,0.7399608,0.04168319,0.66609,14.99146,-6.364594,8.999176
06.12.2023 14:47:18,-0.001450926,0.7254725,-0.008008648,0.6882031,-0.5513682,-3.016716,5.752258,-0.08379111,0.7392835,0.04190733,0.6668453,15.00385,-6.244759,8.959381
06.12.2023 14:47:18,-0.001625455,0.725295,-0.00802551,0.6883895,-0.5388079,-2.987228,5.76825,-0.0837637,0.7388715,0.04206514,0.6672954,15.01767,-6.173195,8.93866
06.12.2023 14:47:18,-0.001730255,0.7250531,-0.008129091,0.6886428,-0.5388742,-2.947014,5.785309,-0.08328426,0.7385979,0.04237133,0.6676388,15.00873,-6.116341,8.869049
06.12.2023 14:47:18,-0.00163062,0.724777,-0.008270759,0.688932,-0.5581923,-2.901039,5.788422,-0.08296005,0.7384181,0.04259096,0.667864,15.00372,-6.078873,8.821106
06.12.2023 14:47:18,-0.001534802,0.7245204,-0.008364239,0.6892009,-0.5732279,-2.858345,5.788055,-0.08247008,0.7382696,0.04286803,0.6680712,14.99069,-6.04348,8.75473
06.12.2023 14:47:18,-0.001162628,0.7241923,-0.00857951,0.6895438,-0.620128,-2.803711,5.774475,-0.08187162,0.7381925,0.04330265,0.6682019,14.98236,-6.018501,8.667877
06.12.2023 14:47:18,-0.00111476,0.723873,-0.008517739,0.6898798,-0.6184296,-2.750648,5.7659,-0.08113601,0.7379715,0.04355887,0.668519,14.94904,-5.965698,8.580536
06.12.2023 14:47:18,-0.0009532656,0.7235448,-0.008351364,0.6902263,-0.6170437,-2.696121,5.739655,-0.08049951,0.7375729,0.04326488,0.6690547,14.87732,-5.883568,8.541473
06.12.2023 14:47:18,-0.001095334,0.7232702,-0.008066453,0.6905171,-0.5818921,-2.650551,5.729126,-0.0804541,0.7371127,0.04234915,0.6696258,14.79831,-5.801971,8.600983
06.12.2023 14:47:18,-0.001514165,0.722982,-0.007659052,0.6908228,-0.5146763,-2.602829,5.731812,-0.08071675,0.7365451,0.04140298,0.6702775,14.74106,-5.708183,8.688232
06.12.2023 14:47:18,-0.001953809,0.722828,-0.007214106,0.6909876,-0.4428435,-2.577431,5.733093,-0.0807699,0.7360498,0.04085647,0.6708486,14.70142,-5.623276,8.727661
06.12.2023 14:47:18,-0.002458351,0.7227138,-0.006726331,0.6911103,-0.3623662,-2.558739,5.736328,-0.08075411,0.7356253,0.04052908,0.6713357,14.67474,-5.549583,8.7453
06.12.2023 14:47:18,-0.002911963,0.7226713,-0.006229745,0.6911576,-0.2852692,-2.551956,5.734589,-0.08016232,0.7355125,0.04095495,0.6715044,14.66602,-5.518929,8.659332
06.12.2023 14:47:18,-0.003296762,0.7227736,-0.005845092,0.6910524,-0.2230465,-2.569168,5.735931,-0.07933497,0.7353956,0.04152355,0.6716958,14.65125,-5.483192,8.54184
06.12.2023 14:47:18,-0.003561113,0.7227649,-0.005336031,0.6910642,-0.1599401,-2.567924,5.717529,-0.07827236,0.7355143,0.04253204,0.6716273,14.65445,-5.484085,8.373413
06.12.2023 14:47:18,-0.003663963,0.7228237,-0.004842909,0.6910059,-0.1110105,-2.577744,5.686981,-0.0774471,0.7354802,0.04346952,0.6717003,14.67065,-5.463478,8.228882
06.12.2023 14:47:18,-0.003826395,0.7228784,-0.004384374,0.6909508,-0.06022,-2.586967,5.664124,-0.07674775,0.7353801,0.04408839,0.6718498,14.66977,-5.43367,8.118958
06.12.2023 14:47:18,-0.003986614,0.7229306,-0.003990227,0.6908977,-0.01493295,-2.595757,5.646179,-0.07604736,0.7353216,0.04429728,0.6719797,14.63379,-5.410561,8.041138
06.12.2023 14:47:18,-0.004246019,0.7229661,-0.003465311,0.6908618,5.049072,-2.601891,5.626129,-0.07547559,0.7350816,0.04398472,0.6723272,14.56424,-5.358147,8.012146
06.12.2023 14:47:19,-0.004659422,0.7230527,-0.002874153,0.6907712,5.130676,-2.616684,5.613586,-0.07549231,0.7346865,0.04301438,0.6728199,14.48502,-5.289429,8.082825
06.12.2023 14:47:19,-0.005248235,0.7231551,-0.002306565,0.690662,5.224213,-2.634354,5.617462,-0.07572884,0.734437,0.04204397,0.6731269,14.42215,-5.24987,8.174744
06.12.2023 14:47:19,-0.005868358,0.7232948,-0.001823394,0.6905121,5.313202,-2.658348,5.630676,-0.07665654,0.7341949,0.04091221,0.6733557,14.39905,-5.224548,8.339172
06.12.2023 14:47:19,-0.006499549,0.7233582,-0.001496401,0.6904408,5.390198,-2.669785,5.657166,-0.07726938,0.7340063,0.04037333,0.6735238,14.40164,-5.203285,8.431305
06.12.2023 14:47:19,-0.007130161,0.7235515,-0.001277526,0.6902324,5.458038,-2.702888,5.692261,-0.07733908,0.7341124,0.04095201,0.6733652,14.45551,-5.223526,8.394135
06.12.2023 14:47:19,-0.007566681,0.7236775,-0.001263986,0.6900957,5.493561,-2.724556,5.727478,-0.07727306,0.7345189,0.04230767,0.6728454,14.56329,-5.293663,8.28952
06.12.2023 14:47:19,-0.007952481,0.7238006,-0.001224218,0.6899623,5.527222,-2.745697,5.756439,-0.07726972,0.7350336,0.04355226,0.6722041,14.66614,-5.383507,8.200623
06.12.2023 14:47:19,-0.00816964,0.7240031,-0.001363907,0.689747,5.532562,-2.779747,5.785645,-0.07770608,0.7358539,0.04494245,0.671164,14.81393,-5.53476,8.143433
06.12.2023 14:47:19,-0.008374965,0.7241972,-0.001372424,0.6895407,5.547882,-2.812386,5.803528,-0.07880287,0.7365923,0.0454134,0.6701937,14.93488,-5.683968,8.213715
06.12.2023 14:47:19,-0.008353185,0.7243333,-0.001423229,0.6893979,5.541779,-2.834969,5.805817,-0.07968497,0.7372217,0.0456457,0.6693811,15.01938,-5.810287,8.282288
06.12.2023 14:47:19,-0.008227072,0.7245336,-0.001342697,0.6891891,5.538269,-2.868004,5.789154,-0.08010389,0.7375982,0.04591942,0.6688973,15.073,-5.884064,8.303589
06.12.2023 14:47:19,-0.00809798,0.7246832,-0.001378029,0.6890332,5.524963,-2.892647,5.781342,-0.07983469,0.7378741,0.04641378,0.6685911,15.09314,-5.92701,8.246307
06.12.2023 14:47:19,-0.007972154,0.7247917,-0.001222286,0.6889209,5.527863,-2.910454,5.758667,-0.0792857,0.7379814,0.04654516,0.6685289,15.06171,-5.934746,8.18988
06.12.2023 14:47:19,-0.007827015,0.7249238,-0.0009237494,0.6887839,5.541046,-2.932182,5.723145,-0.07923129,0.7381377,0.0463487,0.6683763,15.04004,-5.960342,8.202545
06.12.2023 14:47:19,-0.007698959,0.7250963,-0.0005178658,0.6886043,5.564484,-2.960663,5.680634,-0.08003286,0.7381806,0.04501588,0.6683246,14.98764,-5.981712,8.375488
06.12.2023 14:47:19,-0.007645605,0.7251695,-0.0001699912,0.6885281,5.589111,-2.972755,5.648804,-0.08191752,0.7382132,0.04334977,0.6681703,14.98978,-6.023094,8.668579
06.12.2023 14:47:19,-0.007675919,0.7252252,0.0002704116,0.688469,5.628052,-2.982101,5.616608,-0.08367877,0.738354,0.04223452,0.6678678,15.02866,-6.082283,8.910431
06.12.2023 14:47:19,-0.007641513,0.7251783,0.0005936582,0.6885185,5.652252,-2.974258,5.588226,-0.08446849,0.7384859,0.04237832,0.6676134,15.10056,-6.121986,8.970703
06.12.2023 14:47:19,-0.007502849,0.7251023,0.0009137251,0.6885997,5.667969,-2.961372,5.551361,-0.08451402,0.7387223,0.04383343,0.6672521,15.22684,-6.166206,8.866974
06.12.2023 14:47:19,-0.00727753,0.7248591,0.001442712,0.6888573,5.694305,-2.92054,5.490662,-0.08446635,0.7389212,0.04546089,0.6669289,15.36102,-6.202339,8.741425
06.12.2023 14:47:19,-0.007064254,0.7245877,0.00200889,0.6891434,5.72467,-2.875084,5.427948,-0.08462062,0.7389747,0.0463969,0.6667857,15.45248,-6.216476,8.684235
06.12.2023 14:47:19,-0.006946098,0.7243958,0.002693179,0.6893441,5.772278,-2.84301,5.363892,-0.08490654,0.7388138,0.04690265,0.6668923,15.51843,-6.19561,8.668121
06.12.2023 14:47:19,-0.007169082,0.7240236,0.003493873,0.6897291,5.856537,-2.781578,5.318695,-0.08546266,0.7384006,0.0467282,0.6672909,15.54834,-6.135773,8.723755
06.12.2023 14:47:19,-0.007634177,0.7238141,0.004279164,0.6899396,5.958527,-2.747635,5.294922,-0.08600418,0.7378961,0.04603697,0.6678273,15.53363,-6.059059,8.816223
06.12.2023 14:47:19,-0.008206188,0.7235525,0.004715192,0.6902046,6.040039,-2.705292,5.307526,-0.08647972,0.7373827,0.04554611,0.6683664,15.53116,-5.979851,8.887421
06.12.2023 14:47:19,-0.008786066,0.7233688,0.005089424,0.6903872,6.117035,-2.676003,5.325714,-0.08633029,0.7369084,0.04485268,0.6689554,15.46338,-5.893593,8.919952
06.12.2023 14:47:19,-0.009531299,0.723158,0.005434776,0.6905955,6.204742,-2.642662,5.359833,-0.08588083,0.7368435,0.04431658,0.6691206,15.38364,-5.871803,8.920654
06.12.2023 14:47:19,-0.01024826,0.7229639,0.005688117,0.6907864,6.282562,-2.61216,5.398865,-0.0855375,0.7369556,0.04392585,0.6690667,15.32336,-5.883141,8.922272
06.12.2023 14:47:19,-0.01099001,0.7228785,0.006099144,0.6908609,6.375397,-2.599892,5.427643,-0.08508342,0.7371942,0.04350756,0.6688891,15.25153,-5.913902,8.918274
06.12.2023 14:47:19,-0.01165187,0.7227947,0.006318471,0.6909357,6.446045,-2.587791,5.464966,-0.08468342,0.7375517,0.04326187,0.6685617,15.19785,-5.966652,8.907562
06.12.2023 14:47:19,-0.01212797,0.7226899,0.006486603,0.6910356,6.497742,-2.571785,5.490875,-0.0837637,0.7382497,0.04336789,0.6679,15.13245,-6.067871,8.829498
06.12.2023 14:47:19,-0.01252661,0.7227203,0.006644906,0.6909952,6.542389,-2.577988,5.511444,-0.0827869,0.7389504,0.04350226,0.6672378,15.06522,-6.168724,8.744263
06.12.2023 14:47:19,-0.01278917,0.7228296,0.006647603,0.690876,6.563324,-2.596924,5.533264,-0.08148311,0.7397351,0.04326863,0.6665436,14.94128,-6.277077,8.659637
06.12.2023 14:47:19,-0.01288159,0.7228007,0.006544042,0.6909056,6.562073,-2.592392,5.549042,-0.08049009,0.740249,0.0428343,0.6661217,14.82553,-6.345024,8.613403
06.12.2023 14:47:19,-0.01294506,0.7229883,0.006250601,0.6907108,6.542633,-2.62368,5.577972,-0.07936665,0.7405983,0.04208199,0.6659161,14.67358,-6.38163,8.577515
06.12.2023 14:47:19,-0.01274918,0.7231407,0.005620258,0.6905602,6.474762,-2.648315,5.611938,-0.07873128,0.740607,0.0411819,0.6660382,14.5481,-6.369003,8.590668
06.12.2023 14:47:19,-0.01246018,0.7232363,0.004935575,0.6904706,6.39505,-2.663254,5.642365,-0.07875904,0.7404392,0.03997774,0.6662947,14.44818,-6.338608,8.682648
06.12.2023 14:47:19,-0.01209875,0.7234135,0.004232557,0.6902961,6.308014,-2.691544,5.668335,-0.07873794,0.7403456,0.03915576,0.6664501,14.37686,-6.320702,8.742249
06.12.2023 14:47:19,-0.01165924,0.7234846,0.00340808,0.6902336,6.204834,-2.702057,5.697235,-0.07829338,0.7404819,0.03899454,0.6663604,14.32837,-6.335251,8.71756
06.12.2023 14:47:19,-0.01124421,0.7235723,0.002550917,0.6901523,6.10083,-2.715424,5.730743,-0.07745517,0.7404854,0.03927884,0.6664378,14.2887,-6.319885,8.622559
06.12.2023 14:47:19,-0.01062607,0.7234979,0.00168861,0.6902428,5.98053,-2.701408,5.747528,-0.07653559,0.7405319,0.03948857,0.66648,14.23615,-6.310432,8.526764
06.12.2023 14:47:19,-0.009788528,0.72352,0.0007020017,0.6902337,5.832458,-2.703011,5.756134,-0.07553124,0.7406212,0.03953991,0.6664923,14.16339,-6.30674,8.43631
06.12.2023 14:47:19,-0.008878449,0.7234715,-0.0004128516,0.6902971,5.668091,-2.692902,5.768799,-0.07496911,0.7406625,0.03911882,0.6665347,14.08426,-6.302605,8.419922
06.12.2023 14:47:19,-0.007295862,0.7232894,-0.001971641,0.6905037,5.413879,-2.659637,5.760742,-0.07477894,0.7406515,0.03800877,0.6666324,13.97495,-6.295471,8.488007
06.12.2023 14:47:19,-0.005461601,0.7230527,-0.003419426,0.6907628,5.148987,-2.617622,5.723206,-0.07509833,0.7406503,0.03681227,0.666665,13.89713,-6.299492,8.607269
06.12.2023 14:47:19,-0.00352946,0.7227234,-0.00503362,0.6911101,-0.1373575,-2.561005,5.690948,-0.07551845,0.7406862,0.03586346,0.6666294,13.84796,-6.312241,8.716919
06.12.2023 14:47:19,-0.001406987,0.722327,-0.006722511,0.6915176,-0.4449515,-2.494179,5.6492,-0.0759203,0.7406245,0.03572337,0.6666598,13.867,-6.309006,8.761902
06.12.2023 14:47:19,0.0006784938,0.7217872,-0.008345112,0.6920645,-0.744059,-2.404709,5.605743,-0.07609539,0.7404389,0.03580217,0.6668417,13.88812,-6.280403,8.768677
06.12.2023 14:47:19,0.002632422,0.7211112,-0.010142,0.6927401,-1.047092,-2.293785,5.587677,-0.07665751,0.7398071,0.03682164,0.6674229,14.02167,-6.183571,8.731293
06.12.2023 14:47:19,0.004242382,0.7205196,-0.01174455,0.6933221,-1.30686,-2.197426,5.582977,-0.07747844,0.7389981,0.03789494,0.6681638,14.18051,-6.061432,8.709717
06.12.2023 14:47:19,0.005565105,0.7200048,-0.01314998,0.6938222,-1.5276,-2.114059,5.586578,-0.0785546,0.7379041,0.03913425,0.6691751,14.37457,-5.895729,8.693359
06.12.2023 14:47:19,0.006705883,0.7194343,-0.01449374,0.6943769,-1.728727,-2.021667,5.600708,-0.07934833,0.7369738,0.0399408,0.6700584,14.50925,-5.752434,8.687439
06.12.2023 14:47:19,0.007702563,0.7191015,-0.01556839,0.694688,-1.896394,-1.968582,5.60495,-0.07958995,0.7359967,0.04084779,0.6710484,14.61026,-5.590523,8.624725
06.12.2023 14:47:19,0.008654255,0.7186404,-0.01668973,0.6951278,-2.064209,-1.894501,5.617157,-0.07968059,0.735122,0.04119354,0.6719747,14.65128,-5.442627,8.593353
06.12.2023 14:47:19,0.009547138,0.7183429,-0.01769034,0.6953987,-2.217534,-1.847511,5.624298,-0.07998157,0.7343959,0.04093292,0.6727483,14.65625,-5.323738,8.62912
06.12.2023 14:47:19,0.01044317,0.7180073,-0.01865524,0.6957072,-2.368135,-1.794441,5.62854,-0.08030546,0.7337901,0.04052354,0.6733951,14.64984,-5.225891,8.680115
06.12.2023 14:47:19,0.01095886,0.7178873,-0.019426,0.695802,-2.472608,-1.77607,5.64798,-0.08070284,0.7332833,0.04019412,0.6739192,14.6554,-5.14666,8.732788
06.12.2023 14:47:19,0.01160226,0.717703,-0.02007489,0.6959632,-2.57718,-1.747528,5.647461,-0.08106794,0.7329391,0.04036671,0.6742395,14.7001,-5.095329,8.746155
06.12.2023 14:47:19,0.01204797,0.7175834,-0.02057694,0.6960642,-2.653954,-1.729149,5.651306,-0.08137179,0.7324412,0.04076299,0.6747199,14.75989,-5.016853,8.73465
06.12.2023 14:47:19,0.01257114,0.7175235,-0.02094495,0.6961059,-2.72594,-1.720848,5.637848,-0.08118732,0.732103,0.04148593,0.6750649,14.80859,-4.956268,8.657745
06.12.2023 14:47:19,0.01297147,0.7175657,-0.02119248,0.6960474,-2.778301,-1.729057,5.624481,-0.0806729,0.7316771,0.04228874,0.6755385,14.83893,-4.874214,8.544678
06.12.2023 14:47:19,0.01322981,0.7176225,-0.02152256,0.695974,-2.826134,-1.73925,5.629333,-0.08023141,0.7313592,0.04258677,0.6759164,14.83154,-4.811539,8.478668
06.12.2023 14:47:19,0.01355805,0.7177129,-0.02179554,0.695866,-2.874879,-1.755226,5.623718,-0.07979602,0.7312395,0.04237428,0.6761109,14.78046,-4.782234,8.455688
06.12.2023 14:47:19,0.01361168,0.7178678,-0.02213066,0.6956944,-2.906883,-1.780983,5.645386,-0.07944214,0.7312594,0.04192798,0.6761588,14.71524,-4.778122,8.459961
06.12.2023 14:47:19,0.01372561,0.7180475,-0.02263416,0.6954905,-2.957597,-1.811043,5.675415,-0.07928822,0.731698,0.04061454,0.6757824,14.59009,-4.848328,8.55481
06.12.2023 14:47:19,0.01370066,0.7183189,-0.02297482,0.6951996,-2.983931,-1.855751,5.703491,-0.07918995,0.7321927,0.0398235,0.6753051,14.51303,-4.929863,8.614655
06.12.2023 14:47:19,0.01347646,0.7185892,-0.02330669,0.6949134,-2.993681,-1.899673,5.747284,-0.07879346,0.7327372,0.03945542,0.6747822,14.4483,-5.014648,8.616486
06.12.2023 14:47:19,0.01326732,0.7188784,-0.02358307,0.6946089,-3.000113,-1.94677,5.785309,-0.0781884,0.733161,0.0395122,0.6743889,14.40408,-5.075363,8.565643
06.12.2023 14:47:19,0.01284822,0.719146,-0.02382513,0.6943316,-2.986998,-1.989655,5.838013,-0.07733315,0.7336209,0.03990556,0.673964,14.3689,-5.137993,8.46756
06.12.2023 14:47:19,0.01239493,0.7194287,-0.02378774,0.6940482,-2.948167,-2.034981,5.871216,-0.07690319,0.7339993,0.03996037,0.673598,14.33841,-5.19455,8.431335
06.12.2023 14:47:19,0.01189025,0.7196435,-0.02364273,0.6938393,-2.896305,-2.06897,5.900452,-0.07689209,0.7343243,0.03988602,0.6732492,14.32959,-5.249878,8.440674
06.12.2023 14:47:19,0.01136373,0.7199131,-0.02329765,0.6935801,-2.82628,-2.111977,5.915344,-0.07743146,0.7346171,0.03936541,0.6728986,14.32556,-5.309677,8.531738
06.12.2023 14:47:19,0.01068549,0.7201228,-0.02302397,0.6933823,-2.750017,-2.144798,5.948761,-0.07750077,0.7349094,0.03913735,0.6725847,14.31003,-5.360786,8.559418
06.12.2023 14:47:19,0.009933859,0.7203791,-0.02248105,0.6931449,-2.645768,-2.185219,5.966675,-0.07774447,0.7352024,0.03903408,0.6722422,14.31848,-5.415588,8.592621
06.12.2023 14:47:19,0.009111959,0.7205808,-0.02200997,0.6929618,-2.54181,-2.216599,5.996399,-0.07802419,0.735572,0.03866331,0.6718268,14.30655,-5.483871,8.650665
06.12.2023 14:47:19,0.008271722,0.7207083,-0.02146225,0.6928568,-2.429971,-2.23584,6.021851,-0.07828826,0.7358605,0.03869619,0.6714782,14.32809,-5.538559,8.67511
06.12.2023 14:47:19,0.007462617,0.720956,-0.02079876,0.6926285,-2.311229,-2.275169,6.035156,-0.07855729,0.736103,0.03884627,0.6711722,14.3602,-5.585655,8.690369
06.12.2023 14:47:19,0.006607614,0.7211121,-0.02003954,0.6924971,-2.180804,-2.299423,6.045044,-0.0788307,0.7362677,0.03927182,0.6709347,14.41647,-5.619881,8.683746
06.12.2023 14:47:19,0.005761104,0.7211636,-0.0193033,0.6924719,-2.052801,-2.306541,6.056396,-0.07918991,0.7365105,0.0394972,0.6706126,14.46191,-5.668999,8.701141
06.12.2023 14:47:19,0.004781633,0.721314,-0.01864469,0.6923407,-1.920822,-2.330078,6.084656,-0.07980037,0.7366183,0.03963377,0.6704138,14.51981,-5.699829,8.745361
06.12.2023 14:47:19,0.003686151,0.7214226,-0.01814621,0.6922475,-1.792827,-2.346825,6.135376,-0.0804142,0.7366044,0.03975463,0.6703486,14.5773,-5.709892,8.789398
06.12.2023 14:47:19,0.002662888,0.7214758,-0.01775439,0.6922069,-1.679308,-2.354744,6.188751,-0.08081073,0.7363499,0.04013593,0.6705577,14.6416,-5.674667,8.790985
06.12.2023 14:47:19,0.0016655,0.7215663,-0.01749111,0.6921225,-1.578553,-2.36911,6.250092,-0.08084222,0.7362208,0.04049766,0.670674,14.67551,-5.653618,8.764038
06.12.2023 14:47:19,0.0009067861,0.7216036,-0.01728103,0.6920902,-1.50105,-2.374977,6.296082,-0.08100282,0.7360616,0.04036612,0.6708373,14.67755,-5.629303,8.785858
06.12.2023 14:47:19,0.0003684499,0.7216654,-0.01691553,0.6920352,-1.428226,-2.385063,6.311462,-0.08119879,0.7360454,0.04009943,0.6708472,14.67004,-5.630119,8.823212
06.12.2023 14:47:19,2.951012E-05,0.7217353,-0.01651345,0.6919723,-1.368212,-2.396553,6.307465,-0.08148824,0.7360542,0.0394845,0.6708389,14.63995,-5.636635,8.895874
06.12.2023 14:47:19,-0.0002639966,0.7217478,-0.01593154,0.6919727,-1.296814,-2.398567,6.285553,-0.08152144,0.736144,0.0389233,0.6707692,14.5943,-5.651939,8.943207
06.12.2023 14:47:19,-0.0004765758,0.72181,-0.01555259,0.6919163,-1.248719,-2.408844,6.272949,-0.08112151,0.7362252,0.03906356,0.6707205,14.57501,-5.657967,8.898743
06.12.2023 14:47:19,-0.0006256172,0.7218161,-0.01531008,0.6919153,-1.216846,-2.409836,6.266022,-0.08059711,0.7364255,0.03925675,0.6705524,14.55002,-5.682098,8.841034
06.12.2023 14:47:19,-0.0007889131,0.7219064,-0.01524976,0.6918223,-1.199071,-2.424797,6.274597,-0.07968583,0.7365171,0.03999473,0.6705171,14.54227,-5.680679,8.706177
06.12.2023 14:47:20,-0.0008718717,0.7218857,-0.01534578,0.6918416,-1.2004,-2.421394,6.289124,-0.07858318,0.7366022,0.04066683,0.6705133,14.51425,-5.674477,8.559662
06.12.2023 14:47:20,-0.001037703,0.7219802,-0.01551745,0.6917389,-1.201635,-2.43708,6.316284,-0.07763626,0.7367023,0.04067785,0.670513,14.44189,-5.67321,8.477783
06.12.2023 14:47:20,-0.001086778,0.7221446,-0.01589074,0.6915588,-1.228956,-2.464355,6.34967,-0.07705438,0.736827,0.04028793,0.6704667,14.36337,-5.682854,8.458862
06.12.2023 14:47:20,-0.001105721,0.7221923,-0.01635714,0.691498,-1.266156,-2.472298,6.388123,-0.07670202,0.7366681,0.03907189,0.6707536,14.23373,-5.647102,8.519501
06.12.2023 14:47:20,-0.0009019182,0.7223639,-0.01686762,0.6913068,-1.324918,-2.500755,6.411407,-0.07655985,0.7367285,0.03822762,0.6707521,14.15073,-5.653633,8.572876
06.12.2023 14:47:20,-0.0005473586,0.7224345,-0.0175525,0.6912164,-1.409869,-2.512474,6.436188,-0.07679302,0.7369053,0.03718185,0.67059,14.07877,-5.687035,8.675995
06.12.2023 14:47:20,6.813008E-05,0.7224391,-0.01833463,0.6911915,-1.523416,-2.513336,6.447205,-0.07682683,0.7371394,0.03670025,0.6703553,14.03912,-5.727257,8.719116
06.12.2023 14:47:20,0.0008861967,0.7224798,-0.01912186,0.6911271,-1.653514,-2.520332,6.441772,-0.07653278,0.7373185,0.03670216,0.6701919,14.01575,-5.752419,8.695831
06.12.2023 14:47:20,0.001796637,0.722495,-0.01979885,0.6910903,-1.781752,-2.5233,6.420013,-0.07579467,0.7374399,0.0376252,0.670091,14.03696,-5.760513,8.562347
06.12.2023 14:47:20,0.002751912,0.7224793,-0.02051102,0.6910828,-1.916395,-2.521385,6.3974,-0.07534575,0.7375594,0.03851599,0.6699595,14.07764,-5.773819,8.456512
06.12.2023 14:47:20,0.00360885,0.7222631,-0.02110551,0.6912869,-2.033107,-2.486343,6.374207,-0.07552745,0.7376004,0.03890207,0.6698715,14.12424,-5.784836,8.443207
06.12.2023 14:47:20,0.004221484,0.7221263,-0.02151964,0.6914136,-2.115691,-2.464348,6.35672,-0.07613084,0.7374694,0.03871955,0.6699582,14.1557,-5.77346,8.507935
06.12.2023 14:47:20,0.004687123,0.7219319,-0.0218399,0.6916035,-2.178745,-2.432701,6.344208,-0.07681977,0.7371987,0.03852658,0.6701884,14.1936,-5.739815,8.57901
06.12.2023 14:47:20,0.004972969,0.7216599,-0.0220472,0.6918788,-2.218046,-2.388016,6.33786,-0.07699831,0.7370684,0.03884938,0.6702927,14.23547,-5.721275,8.567932
06.12.2023 14:47:20,0.005061168,0.721469,-0.02205803,0.6920769,-2.225573,-2.356506,6.332031,-0.07734365,0.7368113,0.03920753,0.6705146,14.29382,-5.684235,8.566864
06.12.2023 14:47:20,0.00506526,0.7213117,-0.02185042,0.6922474,-2.208425,-2.330437,6.315704,-0.07749291,0.7365369,0.03922635,0.6707978,14.30835,-5.639992,8.574585
06.12.2023 14:47:20,0.00500186,0.7211327,-0.02143387,0.6924472,-2.168612,-2.300674,6.288452,-0.07773533,0.7363725,0.03921029,0.6709511,14.32648,-5.616417,8.594604
06.12.2023 14:47:20,0.004876719,0.7208761,-0.02091834,0.6927311,-2.115587,-2.25798,6.258636,-0.07837618,0.736132,0.03925962,0.6711375,14.38123,-5.587662,8.643219
06.12.2023 14:47:20,0.004693605,0.7207456,-0.02019256,0.6928897,-2.040832,-2.236084,6.216492,-0.0787985,0.7359622,0.03937553,0.6712674,14.4245,-5.566933,8.66864
06.12.2023 14:47:20,0.004420959,0.7205653,-0.01946072,0.6930999,-1.958394,-2.205872,6.181366,-0.07920667,0.7357979,0.03966552,0.6713825,14.48141,-5.547157,8.679504
06.12.2023 14:47:20,0.004109556,0.7204075,-0.01878476,0.6932844,-1.877549,-2.17939,6.153778,-0.07931109,0.7356921,0.04006575,0.6714624,14.52402,-5.531601,8.656281
06.12.2023 14:47:20,0.00358197,0.7203666,-0.01804341,0.6933496,-1.774325,-2.17202,6.138519,-0.0792267,0.7356224,0.04056338,0.6715188,14.56015,-5.518661,8.609619
06.12.2023 14:47:20,0.002949364,0.7202945,-0.01728117,0.6934469,-1.66098,-2.159508,6.13031,-0.07915007,0.735469,0.0410507,0.6716661,14.59647,-5.491501,8.563232
06.12.2023 14:47:20,0.002183875,0.7203432,-0.01643702,0.6934196,-1.530511,-2.166962,6.126282,-0.07919928,0.7353766,0.04108271,0.6717597,14.60345,-5.476639,8.56369
06.12.2023 14:47:20,0.001470433,0.7203823,-0.01569496,0.6933981,-1.412594,-2.173004,6.126099,-0.07980067,0.7352192,0.04039844,0.6719022,14.59253,-5.460602,8.666473
06.12.2023 14:47:20,0.0007286099,0.7205476,-0.01498767,0.6932431,-1.295503,-2.20005,6.130829,-0.08071907,0.734998,0.03984568,0.6720675,14.61752,-5.440262,8.785797
06.12.2023 14:47:20,-7.764173E-05,0.7207075,-0.01435823,0.6930906,-1.17972,-2.226326,6.147095,-0.08172408,0.7347431,0.03971807,0.6722323,14.68552,-5.416679,8.879425
06.12.2023 14:47:20,-0.0008090067,0.7209453,-0.01384011,0.6928533,-1.079223,-2.265633,6.165955,-0.08187117,0.7346959,0.04016721,0.6722393,14.73523,-5.412193,8.856934
06.12.2023 14:47:20,-0.001479756,0.7210996,-0.01341171,0.6927001,-0.9908256,-2.291267,6.187134,-0.08103084,0.7349894,0.04115834,0.6719603,14.75299,-5.446869,8.71167
06.12.2023 14:47:20,-0.002075877,0.7214032,-0.01320795,0.6923862,-0.9271948,-2.341721,6.219788,-0.08033088,0.7352059,0.04200022,0.6717554,14.76938,-5.471123,8.58902
06.12.2023 14:47:20,-0.002427586,0.7216367,-0.0129754,0.6921461,-0.880474,-2.380508,6.230103,-0.07935096,0.7358502,0.04255205,0.6711314,14.73746,-5.563026,8.470642
06.12.2023 14:47:20,-0.002767047,0.7218305,-0.01276113,0.6919467,-0.8361727,-2.412766,6.240967,-0.0790239,0.7362818,0.04232998,0.6707104,14.69119,-5.630432,8.465515
06.12.2023 14:47:20,-0.002928549,0.7220705,-0.01257912,0.691699,-0.8087379,-2.452599,6.239594,-0.07882341,0.7367215,0.04186843,0.6702801,14.63425,-5.701424,8.489929
06.12.2023 14:47:20,-0.0030611,0.7221997,-0.01229111,0.6915687,-0.7746252,-2.474083,6.22757,-0.07897235,0.7369189,0.04070112,0.6701175,14.54535,-5.736633,8.595459
06.12.2023 14:47:20,-0.003143699,0.7223577,-0.01218546,0.6914051,-0.7596143,-2.50032,6.225861,-0.07898778,0.7370484,0.03952024,0.6700439,14.44537,-5.757523,8.689392
06.12.2023 14:47:20,-0.003286168,0.7225171,-0.0121016,0.6912393,-0.7416669,-2.52684,6.230835,-0.07869323,0.7371648,0.03891564,0.6699859,14.3707,-5.770882,8.711792
06.12.2023 14:47:20,-0.003222587,0.7226054,-0.01203767,0.6911485,-0.7415657,-2.54142,6.220428,-0.0784652,0.7372527,0.03843671,0.6699435,14.31195,-5.780861,8.72995
06.12.2023 14:47:20,-0.003092278,0.7227414,-0.01209153,0.6910059,-0.7565858,-2.563889,6.213745,-0.07817364,0.7372785,0.03823655,0.6699607,14.2724,-5.779305,8.720276
06.12.2023 14:47:20,-0.002753197,0.7227895,-0.01227765,0.6909538,-0.7989377,-2.571655,6.200348,-0.07795715,0.7375624,0.03815623,0.669678,14.24738,-5.823822,8.711517
06.12.2023 14:47:20,-0.002448873,0.7227862,-0.01247103,0.6909549,-0.8390498,-2.570953,6.19046,-0.07729124,0.7379476,0.03845176,0.6693137,14.21936,-5.877625,8.636169
06.12.2023 14:47:20,-0.001833747,0.7227566,-0.01276755,0.6909823,-0.9122722,-2.565788,6.163055,-0.07640187,0.7383232,0.03881987,0.6689804,14.18054,-5.925735,8.535614
06.12.2023 14:47:20,-0.000972812,0.7226469,-0.0130238,0.691094,-1.001501,-2.547394,6.112213,-0.07514918,0.7387304,0.039694,0.6686213,14.15692,-5.973358,8.365051
06.12.2023 14:47:20,-0.0002520598,0.7224736,-0.01328186,0.6912709,-1.079694,-2.518623,6.073242,-0.07433879,0.7388636,0.04017309,0.6685361,14.13501,-5.981834,8.259552
06.12.2023 14:47:20,0.0005660678,0.7223006,-0.01354361,0.6914464,-1.16593,-2.490051,6.02652,-0.07382856,0.7389374,0.04024552,0.6685067,14.10172,-5.985184,8.210571
06.12.2023 14:47:20,0.001341602,0.7221091,-0.01367412,0.6916427,-1.237927,-2.458557,5.973022,-0.07394593,0.7387624,0.03925773,0.6687458,14.02737,-5.955795,8.294128
06.12.2023 14:47:20,0.002082321,0.7218421,-0.01382247,0.6919167,-1.30857,-2.414673,5.923981,-0.07428584,0.7384809,0.03795363,0.6690943,13.94373,-5.911781,8.419922
06.12.2023 14:47:20,0.002747418,0.7215828,-0.0139266,0.6921827,-1.369604,-2.372169,5.877747,-0.07475547,0.7382613,0.03675563,0.6693511,13.87885,-5.881088,8.549744
06.12.2023 14:47:20,0.003372089,0.7212867,-0.01422735,0.6924823,-1.443676,-2.323669,5.850555,-0.07482025,0.7381817,0.0362605,0.6694586,13.8421,-5.86792,8.592316
06.12.2023 14:47:20,0.004046756,0.7210242,-0.01436798,0.6927492,-1.508548,-2.280861,5.806519,-0.07494515,0.7380774,0.03593772,0.6695771,13.82477,-5.851868,8.626556
06.12.2023 14:47:20,0.004641066,0.7206704,-0.01451306,0.6931104,-1.567338,-2.223015,5.769745,-0.07482145,0.7380882,0.03679962,0.6695322,13.88858,-5.852585,8.549805
06.12.2023 14:47:20,0.005295835,0.7204517,-0.01468939,0.6933293,-1.633696,-2.187675,5.730164,-0.07459474,0.7380046,0.03756925,0.6696069,13.93713,-5.835045,8.46991
06.12.2023 14:47:20,0.005799771,0.7201483,-0.01493553,0.6936352,-1.693764,-2.138245,5.708862,-0.07418697,0.7379525,0.03871493,0.6696445,14.00366,-5.820045,8.345764
06.12.2023 14:47:20,0.006141162,0.7198685,-0.01512556,0.6939185,-1.736314,-2.092529,5.696503,-0.07404266,0.7378437,0.0394439,0.6697377,14.05515,-5.799675,8.275757
06.12.2023 14:47:20,0.006248062,0.7196575,-0.01537889,0.6941308,-1.765506,-2.057877,5.708344,-0.07448374,0.7376935,0.03961188,0.6698443,14.10406,-5.782265,8.299194
06.12.2023 14:47:20,0.006263806,0.7195491,-0.01568331,0.6942363,-1.791756,-2.040016,5.731567,-0.07525147,0.7375138,0.03909044,0.669987,14.11954,-5.764999,8.403564
06.12.2023 14:47:20,0.006178364,0.7194055,-0.0159987,0.6943786,-1.810811,-2.01622,5.764099,-0.075742,0.7372981,0.03846659,0.6702052,14.10522,-5.736305,8.491211
06.12.2023 14:47:20,0.006209307,0.7193341,-0.01614929,0.6944488,-1.825613,-2.004501,5.773712,-0.07568277,0.7370325,0.03838029,0.6705089,14.09473,-5.689407,8.489044
06.12.2023 14:47:20,0.006132436,0.7193253,-0.01622994,0.6944567,-1.826133,-2.002945,5.786499,-0.07529113,0.7368774,0.03837447,0.6707239,14.06494,-5.65538,8.453339
06.12.2023 14:47:20,0.00610636,0.7193081,-0.01611926,0.6944773,-1.814912,-2.000053,5.779877,-0.07520963,0.7368554,0.03845859,0.6707522,14.06592,-5.650192,8.439484
06.12.2023 14:47:20,0.006015933,0.7194677,-0.01598555,0.6943159,-1.796866,-2.026245,5.776276,-0.07559633,0.7370899,0.03858285,0.670444,14.10501,-5.697922,8.466736
06.12.2023 14:47:20,0.00581076,0.7195904,-0.01586108,0.6941934,-1.770408,-2.046188,5.78299,-0.07604606,0.7374444,0.03898619,0.6699798,14.172,-5.767929,8.479736
06.12.2023 14:47:20,0.00539748,0.7198307,-0.01572834,0.6939506,-1.72685,-2.085289,5.805908,-0.07626893,0.7379434,0.03978009,0.669358,14.25412,-5.859161,8.445099
06.12.2023 14:47:20,0.004897068,0.7200314,-0.0155225,0.6937506,-1.670298,-2.11779,5.830322,-0.07636728,0.7385255,0.04053619,0.6686591,14.32309,-5.962402,8.403809
06.12.2023 14:47:20,0.004417409,0.7202769,-0.01542409,0.6935012,-1.624335,-2.157791,5.861511,-0.07665301,0.7391542,0.04118407,0.6678917,14.397,-6.077286,8.38797
06.12.2023 14:47:20,0.003949297,0.7205361,-0.01524433,0.6932386,-1.572611,-2.200134,5.885284,-0.07694101,0.7396991,0.0415667,0.6672312,14.44894,-6.177528,8.391602
06.12.2023 14:47:20,0.003498237,0.7207179,-0.01508789,0.6930555,-1.524086,-2.229759,5.909698,-0.07713816,0.7398757,0.0418337,0.666996,14.48593,-6.212273,8.39093
06.12.2023 14:47:20,0.003059373,0.7209872,-0.01491178,0.6927812,-1.475034,-2.273918,5.931396,-0.07725128,0.7399088,0.04188335,0.666943,14.49863,-6.220276,8.397491
06.12.2023 14:47:20,0.002682506,0.7212572,-0.01480583,0.692504,-1.436723,-2.318291,5.953552,-0.07781069,0.7398009,0.04152979,0.6670198,14.51175,-6.211998,8.471893
06.12.2023 14:47:20,0.002333425,0.7214625,-0.0148315,0.6922907,-1.411427,-2.352066,5.984039,-0.07828707,0.7398602,0.04114592,0.6669221,14.51508,-6.230995,8.543762
06.12.2023 14:47:20,0.002125853,0.7217129,-0.01482585,0.6920305,-1.394851,-2.393387,6.000244,-0.07856908,0.7397831,0.04050988,0.6670134,14.48273,-6.222244,8.615967
06.12.2023 14:47:20,0.001956329,0.7218229,-0.01477992,0.6919173,-1.377764,-2.411514,6.010406,-0.07850385,0.7398121,0.04031008,0.6670011,14.46054,-6.225647,8.625946
06.12.2023 14:47:20,0.001780955,0.7219708,-0.01480879,0.6917627,-1.366464,-2.435928,6.026886,-0.07806703,0.7399276,0.04030681,0.6669244,14.42624,-6.237007,8.58963
06.12.2023 14:47:20,0.001733384,0.7220752,-0.0148158,0.6916538,-1.363427,-2.453186,6.031189,-0.07782255,0.7400119,0.04042164,0.6668524,14.41693,-6.246979,8.560669
06.12.2023 14:47:20,0.001500225,0.7222076,-0.01469152,0.6915187,-1.334855,-2.475021,6.040375,-0.07761975,0.7402108,0.04067887,0.6666397,14.42233,-6.277779,8.526123
06.12.2023 14:47:20,0.00126088,0.7222747,-0.01462233,0.6914506,-1.31026,-2.486038,6.054565,-0.07777713,0.7403772,0.04060409,0.6664411,14.42709,-6.309517,8.547974
06.12.2023 14:47:20,0.001030566,0.7223045,-0.01464545,0.6914194,-1.293967,-2.490898,6.075409,-0.07815719,0.7403719,0.04031885,0.6664199,14.43176,-6.315613,8.602936
06.12.2023 14:47:20,0.000700772,0.7223955,-0.01461505,0.6913252,-1.265458,-2.505905,6.100128,-0.0785606,0.7403812,0.0399481,0.6663843,14.43082,-6.3246,8.666718
06.12.2023 14:47:20,0.0004309808,0.7224394,-0.01456716,0.6912807,-1.240186,-2.513107,6.118591,-0.0791363,0.740141,0.03943042,0.6666138,14.43188,-6.293678,8.753235
06.12.2023 14:47:20,0.0001424486,0.7225155,-0.01450511,0.6912025,-1.212312,-2.525688,6.137421,-0.07946958,0.7399842,0.03872728,0.6667894,14.39816,-6.272118,8.833893
06.12.2023 14:47:20,9.642204E-05,0.7225477,-0.01444029,0.6911704,-1.203351,-2.530998,6.136047,-0.07950728,0.7398753,0.03828003,0.6669317,14.36346,-6.253334,8.869812
06.12.2023 14:47:20,-6.20064E-05,0.7224974,-0.01432134,0.6912253,-1.180866,-2.522652,6.139832,-0.07943901,0.7399182,0.03806695,0.6669044,14.33981,-6.259071,8.880737
06.12.2023 14:47:20,2.598131E-05,0.7225446,-0.01413569,0.6911799,-1.17254,-2.530449,6.117737,-0.0792926,0.7398867,0.03813701,0.6669527,14.33478,-6.250824,8.862122
06.12.2023 14:47:20,-2.603078E-05,0.7225524,-0.01410134,0.6911724,-1.165587,-2.531746,6.119324,-0.07848598,0.739912,0.03887107,0.6669778,14.33572,-6.240341,8.735809
06.12.2023 14:47:20,-4.38829E-05,0.7224569,-0.01408619,0.6912724,-1.162763,-2.515923,6.119751,-0.07801871,0.7399936,0.03928081,0.6669181,14.33456,-6.24588,8.664795
06.12.2023 14:47:20,-4.327955E-05,0.7224202,-0.0140322,0.691312,-1.158282,-2.509827,6.115479,-0.07769918,0.7401828,0.03970375,0.6667204,14.34525,-6.272972,8.607178
06.12.2023 14:47:20,-6.073153E-05,0.7223812,-0.01410308,0.6913512,-1.162704,-2.50338,6.12262,-0.07753914,0.7402306,0.03980393,0.6666799,14.34134,-6.278282,8.586212
06.12.2023 14:47:20,-7.434478E-05,0.7224051,-0.01414199,0.6913255,-1.164886,-2.507339,6.126801,-0.07733107,0.7402394,0.03977418,0.666696,14.32285,-6.275711,8.570404
06.12.2023 14:47:20,-9.951484E-05,0.7222701,-0.0141175,0.691467,-1.160644,-2.484947,6.127167,-0.07753708,0.7401115,0.03921318,0.6668473,14.29135,-6.256744,8.629486
06.12.2023 14:47:20,-9.146488E-05,0.7222573,-0.01414459,0.6914798,-1.163504,-2.482849,6.128662,-0.07758878,0.7399152,0.03876165,0.6670855,14.25781,-6.223145,8.665771
06.12.2023 14:47:20,-8.065102E-05,0.7221916,-0.0141287,0.6915488,-1.162938,-2.471954,6.126617,-0.07754567,0.7398512,0.03840459,0.6671822,14.2244,-6.210709,8.688416
06.12.2023 14:47:21,-0.0001365845,0.7220325,-0.01410652,0.6917152,-1.15641,-2.445602,6.129761,-0.07749992,0.7398234,0.03816454,0.667232,14.20056,-6.204666,8.702393
06.12.2023 14:47:21,-0.0001172088,0.722006,-0.01420508,0.6917409,-1.166058,-2.441208,6.136017,-0.07753352,0.7398207,0.03804464,0.667238,14.1929,-6.204674,8.714478
06.12.2023 14:47:21,-0.0002714349,0.7219082,-0.01418224,0.6918435,-1.151778,-2.424995,6.147125,-0.07744174,0.7398157,0.0381134,0.6672504,14.1918,-6.20211,8.701111
06.12.2023 14:47:21,-0.0003106327,0.7218412,-0.01415353,0.6919139,-1.146184,-2.41391,6.148193,-0.07703439,0.7398011,0.0386825,0.6672809,14.20932,-6.192558,8.621796
06.12.2023 14:47:21,-0.0004104758,0.7218186,-0.01415002,0.6919375,-1.137937,-2.410164,6.156219,-0.07647141,0.7397311,0.03911164,0.6673982,14.20331,-6.17028,8.538849
06.12.2023 14:47:21,-0.0005433537,0.7218599,-0.01415439,0.6918942,-1.127831,-2.417007,6.16748,-0.07625883,0.739685,0.03915164,0.6674712,14.1907,-6.158302,8.516571
06.12.2023 14:47:21,-0.0005740012,0.7218463,-0.01421814,0.6919071,-1.130652,-2.414764,6.17511,-0.07659107,0.7395329,0.03874663,0.6676254,14.18234,-6.137825,8.574463
06.12.2023 14:47:21,-0.00073708,0.7218608,-0.01418202,0.6918926,-1.114756,-2.417175,6.185699,-0.07719927,0.739331,0.03796171,0.667824,14.16299,-6.113541,8.684845
06.12.2023 14:47:21,-0.0008491102,0.7219973,-0.01420381,0.6917496,-1.107911,-2.439789,6.196472,-0.07754377,0.7391685,0.03757501,0.6679858,14.15726,-6.091621,8.742279
06.12.2023 14:47:21,-0.0008958289,0.7220442,-0.01431144,0.6916983,-1.113195,-2.447578,6.208801,-0.07742409,0.739103,0.03756862,0.6680726,14.14792,-6.077988,8.731415
06.12.2023 14:47:21,-0.000899734,0.7221341,-0.01437232,0.6916032,-1.118082,-2.462471,6.213806,-0.07704314,0.7390611,0.03789644,0.6681445,14.14697,-6.063866,8.672485
06.12.2023 14:47:21,-0.0008875226,0.7222901,-0.01447019,0.6914383,-1.127425,-2.488327,6.220306,-0.07677829,0.7390255,0.03841385,0.6681847,14.17102,-6.053398,8.609253
06.12.2023 14:47:21,-0.0007558339,0.7223818,-0.01457114,0.6913404,-1.14638,-2.503525,6.217255,-0.07670229,0.7390124,0.03867586,0.6681928,14.18762,-6.050064,8.582397
06.12.2023 14:47:21,-0.0006300723,0.7225159,-0.01472746,0.6911971,-1.169525,-2.525757,6.218994,-0.0767874,0.7390411,0.03866278,0.668152,14.19284,-6.056625,8.591217
06.12.2023 14:47:21,-0.0005287777,0.7226032,-0.01474692,0.6911056,-1.179314,-2.540222,6.212006,-0.07716943,0.7390637,0.03841624,0.6680973,14.20096,-6.06752,8.643738
06.12.2023 14:47:21,-0.0004076001,0.7227097,-0.01476787,0.6909939,-1.190833,-2.557869,6.203461,-0.07685246,0.7392299,0.03842479,0.6679494,14.17651,-6.090088,8.617737
06.12.2023 14:47:21,-0.0003562533,0.7228309,-0.01480587,0.6908663,-1.198258,-2.57798,6.201996,-0.07637998,0.7392612,0.03854,0.6679624,14.15002,-6.086571,8.568115
06.12.2023 14:47:21,-0.0003021284,0.7228619,-0.01488127,0.6908323,-1.208845,-2.583122,6.20343,-0.07604609,0.7392362,0.03857051,0.6680263,14.1272,-6.075935,8.536285
06.12.2023 14:47:21,-0.0002461988,0.722837,-0.01500045,0.6908558,-1.223104,-2.579002,6.208282,-0.07593866,0.7391938,0.03842304,0.668094,14.10663,-6.06636,8.537628
06.12.2023 14:47:21,-0.0001176123,0.7228726,-0.01506751,0.6908171,-1.238905,-2.584915,6.202881,-0.07600044,0.7390738,0.03816955,0.6682342,14.09039,-6.046486,8.560791
06.12.2023 14:47:21,-2.522804E-05,0.7228764,-0.01511028,0.6908122,-1.24977,-2.585548,6.198608,-0.07633119,0.7389988,0.03771522,0.6683053,14.07736,-6.039207,8.623413
06.12.2023 14:47:21,0.0001953155,0.7228628,-0.01522368,0.6908238,-1.276605,-2.583344,6.189362,-0.07660129,0.7389006,0.0373868,0.6684014,14.07059,-6.026978,8.670776
06.12.2023 14:47:21,0.0002357812,0.7228307,-0.01532977,0.6908551,-1.288543,-2.578018,6.194458,-0.0766333,0.7389684,0.0371975,0.6683334,14.05652,-6.039001,8.688995
06.12.2023 14:47:21,0.0002634646,0.7227893,-0.01537894,0.6908973,-1.294738,-2.571175,6.196136,-0.07660735,0.7390479,0.03725149,0.6682454,14.05872,-6.052292,8.683685
06.12.2023 14:47:21,0.0001580143,0.7227893,-0.01555617,0.6908934,-1.301071,-2.571175,6.218903,-0.07638966,0.7391257,0.03769508,0.6681595,14.07944,-6.062157,8.631775
06.12.2023 14:47:21,0.0001365799,0.7226883,-0.01587347,0.6909919,-1.325478,-2.554436,6.246002,-0.07634544,0.7392789,0.0379238,0.667982,14.09473,-6.088066,8.612518
06.12.2023 14:47:21,0.0002295011,0.7226673,-0.01622506,0.6910056,-1.361924,-2.551003,6.266205,-0.07651562,0.7393179,0.03800797,0.6679146,14.11472,-6.098175,8.62146
06.12.2023 14:47:21,0.0004094324,0.7226457,-0.01637313,0.6910247,-1.388401,-2.547462,6.263092,-0.07663383,0.739367,0.03797187,0.6678487,14.12042,-6.108871,8.635193
06.12.2023 14:47:21,0.0006630173,0.7225409,-0.01648211,0.6911315,-1.417325,-2.530136,6.250946,-0.07656673,0.7393727,0.03799278,0.6678489,14.11703,-6.108597,8.627838
06.12.2023 14:47:21,0.0009122368,0.722535,-0.01651467,0.6911366,-1.439754,-2.529221,6.23288,-0.07638072,0.7394559,0.03792296,0.667782,14.09641,-6.119286,8.618073
06.12.2023 14:47:21,0.001123162,0.7225075,-0.01651787,0.6911649,-1.456681,-2.52475,6.215729,-0.07645152,0.7394667,0.03791824,0.6677623,14.10135,-6.122482,8.624756
06.12.2023 14:47:21,0.001169042,0.7225373,-0.01653364,0.6911332,-1.461675,-2.529716,6.213135,-0.07662578,0.7393412,0.03798847,0.6678772,14.12137,-6.104294,8.632874
06.12.2023 14:47:21,0.001270185,0.7225122,-0.0164956,0.6911602,-1.466494,-2.525581,6.201782,-0.07677615,0.7392685,0.03805846,0.6679364,14.13922,-6.094749,8.639648
06.12.2023 14:47:21,0.001211155,0.7224741,-0.01654726,0.6911989,-1.466028,-2.519241,6.210846,-0.07704918,0.7392138,0.03794096,0.6679722,14.15039,-6.090401,8.671722
06.12.2023 14:47:21,0.001168653,0.7225201,-0.01655474,0.6911507,-1.463361,-2.526863,6.214874,-0.07725033,0.7392829,0.03758161,0.6678929,14.13474,-6.105667,8.717712
06.12.2023 14:47:21,0.001229852,0.7225118,-0.01656478,0.691159,-1.469027,-2.525505,6.210602,-0.07718946,0.7393282,0.03740343,0.6678598,14.11462,-6.112045,8.726685
06.12.2023 14:47:21,0.001241075,0.7224792,-0.01659469,0.6911924,-1.472336,-2.520111,6.212128,-0.07689736,0.7392825,0.03756914,0.6679347,14.10669,-6.09877,8.687866
06.12.2023 14:47:21,0.001278096,0.7224709,-0.01657348,0.6912016,-1.473498,-2.518738,6.207397,-0.07667321,0.7392421,0.03787635,0.6679878,14.11597,-6.087952,8.644226
06.12.2023 14:47:21,0.001250876,0.722473,-0.01669328,0.6911965,-1.481266,-2.519096,6.219147,-0.07676311,0.7391585,0.03800829,0.6680625,14.13455,-6.075447,8.640839
06.12.2023 14:47:21,0.001230272,0.7225609,-0.01680581,0.6911018,-1.489109,-2.533676,6.229584,-0.07705912,0.7390842,0.03788263,0.6681178,14.14688,-6.068146,8.675262
06.12.2023 14:47:21,0.001198488,0.7225355,-0.01688947,0.6911265,-1.493475,-2.529449,6.238892,-0.07734518,0.7390777,0.03774957,0.6680995,14.15747,-6.072357,8.710327
06.12.2023 14:47:21,0.001259093,0.7225837,-0.01694846,0.6910745,-1.503248,-2.537476,6.238434,-0.07734209,0.7389987,0.03766569,0.668192,14.15051,-6.058556,8.715393
06.12.2023 14:47:21,0.001244936,0.7225634,-0.0170144,0.6910942,-1.507551,-2.534096,6.244873,-0.07718493,0.7390412,0.03771767,0.6681602,14.1427,-6.062927,8.698273
06.12.2023 14:47:21,0.001324078,0.7226457,-0.01690344,0.6910107,-1.504777,-2.547775,6.22934,-0.07701449,0.7389694,0.03786572,0.6682509,14.14267,-6.04747,8.671082
06.12.2023 14:47:21,0.001318301,0.7226443,-0.01689734,0.6910123,-1.503812,-2.547531,6.22934,-0.0770862,0.7389294,0.03788045,0.6682861,14.14963,-6.041969,8.675659
06.12.2023 14:47:21,0.001168588,0.7226708,-0.0169213,0.6909843,-1.493985,-2.55188,6.243591,-0.07733131,0.7388968,0.03773818,0.6683018,14.15643,-6.040894,8.707489
06.12.2023 14:47:21,0.001002477,0.7227458,-0.01689178,0.6909068,-1.478519,-2.56427,6.254852,-0.07762913,0.7388543,0.03740988,0.6683326,14.15146,-6.038872,8.758026
06.12.2023 14:47:21,0.00086748,0.7228109,-0.01700325,0.6908361,-1.477183,-2.575035,6.274719,-0.07767065,0.7388564,0.03726301,0.6683338,14.14212,-6.039818,8.772919
06.12.2023 14:47:21,0.00070184,0.7228608,-0.01705461,0.6907828,-1.468414,-2.583267,6.292419,-0.07746885,0.7389147,0.03724116,0.6682939,14.12448,-6.045921,8.757813
06.12.2023 14:47:21,0.0006557453,0.7228827,-0.01710912,0.6907587,-1.469322,-2.586891,6.300507,-0.07731265,0.7390395,0.03715528,0.6681788,14.10452,-6.064285,8.752472
06.12.2023 14:47:21,0.0006199419,0.7229249,-0.01709839,0.6907148,-1.465677,-2.593887,6.302521,-0.07713842,0.7391585,0.03724063,0.6680626,14.09781,-6.081543,8.732361
06.12.2023 14:47:21,0.0006768776,0.7229232,-0.01718375,0.6907144,-1.477256,-2.593628,6.304565,-0.07741646,0.7392433,0.03723355,0.6679369,14.11798,-6.101555,8.758331
06.12.2023 14:47:21,0.0006516511,0.7230703,-0.01719058,0.6905603,-1.476103,-2.618019,6.306885,-0.07756939,0.7392326,0.03745948,0.6679184,14.14902,-6.103004,8.754242
06.12.2023 14:47:21,0.0006088386,0.7231314,-0.01724587,0.6904948,-1.477413,-2.628174,6.314667,-0.07741428,0.7391544,0.03779287,0.6680042,14.16602,-6.08699,8.714081
06.12.2023 14:47:21,0.0005207335,0.7232314,-0.01733562,0.690388,-1.478071,-2.644745,6.328857,-0.07732067,0.7392129,0.03793727,0.6679421,14.17084,-6.095474,8.695679
06.12.2023 14:47:21,0.0005273291,0.723252,-0.01740648,0.6903646,-1.484507,-2.648178,6.333893,-0.07744868,0.739238,0.03771847,0.6679119,14.16183,-6.101967,8.723938
06.12.2023 14:47:21,0.0004115462,0.7232685,-0.01746004,0.6903461,-1.479817,-2.650894,6.347687,-0.07771198,0.7392195,0.03745999,0.6679162,14.16003,-6.103531,8.766479
06.12.2023 14:47:21,0.0004302495,0.7233047,-0.01749401,0.6903073,-1.484185,-2.656921,6.348755,-0.07777199,0.7392581,0.0372413,0.6678788,14.14575,-6.111023,8.788971
06.12.2023 14:47:21,0.0003985401,0.7233614,-0.0174715,0.6902485,-1.47992,-2.666313,6.349487,-0.07775545,0.7391673,0.03715244,0.6679861,14.13742,-6.094917,8.793091
06.12.2023 14:47:21,0.0002959607,0.7234122,-0.0175276,0.6901938,-1.476555,-2.674736,6.362305,-0.078224,0.7390899,0.03709015,0.6680205,14.16837,-6.090622,8.837677
06.12.2023 14:47:21,0.0003217773,0.7234328,-0.01758057,0.6901709,-1.483032,-2.678169,6.364319,-0.0783483,0.7390426,0.03701079,0.6680628,14.17139,-6.08477,8.853973
06.12.2023 14:47:21,0.0002904015,0.7234433,-0.01758692,0.6901597,-1.481096,-2.679916,6.367401,-0.078399,0.7390025,0.03713424,0.6680943,14.18604,-6.079041,8.848389
06.12.2023 14:47:21,0.0003053425,0.723497,-0.01766334,0.6901014,-1.488722,-2.688835,6.372101,-0.07812441,0.7390532,0.03746678,0.6680518,14.19308,-6.082893,8.799652
06.12.2023 14:47:21,0.0002377994,0.7235374,-0.01772216,0.6900576,-1.488338,-2.695541,6.382263,-0.07785946,0.7390488,0.0377262,0.6680731,14.19498,-6.077332,8.756592
06.12.2023 14:47:21,0.0001830209,0.7235767,-0.01774236,0.6900159,-1.48576,-2.702057,6.388306,-0.07816437,0.7390165,0.03767357,0.6680762,14.21399,-6.077637,8.786804
06.12.2023 14:47:21,0.0001979625,0.7235833,-0.01778683,0.6900079,-1.490644,-2.703163,6.390594,-0.07844355,0.7390304,0.03748728,0.6680385,14.21939,-6.085243,8.825623
06.12.2023 14:47:21,0.0002336013,0.723619,-0.01787267,0.6899682,-1.500654,-2.709106,6.394348,-0.07839181,0.7390214,0.03751474,0.668053,14.2178,-6.082718,8.818878
06.12.2023 14:47:21,0.0002503802,0.7235968,-0.01792676,0.6899901,-1.506423,-2.705414,6.397278,-0.07809685,0.739105,0.03765283,0.6679873,14.20657,-6.091553,8.783722
06.12.2023 14:47:21,0.0002770911,0.7236899,-0.01802549,0.6898899,-1.516914,-2.720894,6.402679,-0.07764191,0.7392566,0.03790686,0.6678582,14.1926,-6.109207,8.726654
06.12.2023 14:47:21,0.0002313266,0.7236125,-0.01794142,0.6899733,-1.506164,-2.708023,6.399994,-0.07774638,0.73919,0.03767882,0.6679326,14.18149,-6.099434,8.752319
06.12.2023 14:47:21,0.0002433386,0.723626,-0.01800946,0.6899573,-1.512785,-2.710281,6.404327,-0.07814687,0.7389897,0.03735051,0.6681259,14.18524,-6.072212,8.809631
06.12.2023 14:47:21,0.0003928411,0.7236522,-0.01807586,0.689928,-1.530171,-2.714676,6.397125,-0.07859725,0.7387912,0.03724029,0.6682988,14.21146,-6.046661,8.854645
06.12.2023 14:47:21,0.0004060942,0.723648,-0.01810858,0.6899316,-1.533924,-2.713966,6.398621,-0.07844017,0.7385581,0.03751906,0.6685593,14.22452,-6.003792,8.816345
06.12.2023 14:47:21,0.0003958869,0.7236007,-0.01806361,0.6899824,-1.529291,-2.7061,6.396027,-0.0780853,0.7384094,0.03783955,0.6687469,14.22552,-5.971703,8.758759
06.12.2023 14:47:21,0.0003997264,0.7236027,-0.01802437,0.6899813,-1.526343,-2.706436,6.392609,-0.0776936,0.7382687,0.03813121,0.6689314,14.22116,-5.940239,8.700287
06.12.2023 14:47:21,0.0003254326,0.7235851,-0.0179762,0.6900011,-1.516437,-2.703491,6.394989,-0.07781276,0.738176,0.03783569,0.6690365,14.20563,-5.926186,8.732056
06.12.2023 14:47:21,0.0002802756,0.7235767,-0.01779262,0.6900146,-1.497621,-2.70208,6.384216,-0.07814381,0.738118,0.03737067,0.6690881,14.19171,-5.921967,8.795776
06.12.2023 14:47:21,0.000230985,0.7235337,-0.01769461,0.6900623,-1.485507,-2.694916,6.380646,-0.07848182,0.7381351,0.03683556,0.6690593,14.17191,-5.930763,8.866516
06.12.2023 14:47:21,0.0001796663,0.7234218,-0.01762805,0.6901813,-1.475703,-2.676323,6.379883,-0.07833628,0.7381353,0.03701585,0.6690663,14.17612,-5.928207,8.839996
06.12.2023 14:47:21,0.0002913846,0.7233834,-0.01760713,0.690222,-1.482731,-2.66996,6.369049,-0.07770911,0.7380596,0.03768687,0.6691853,14.18564,-5.903915,8.732819
06.12.2023 14:47:21,0.0003310253,0.7233912,-0.01745412,0.6902177,-1.473196,-2.671249,6.353638,-0.07747164,0.7379407,0.03812567,0.6693192,14.20547,-5.879463,8.676819
06.12.2023 14:47:21,0.0004258071,0.7233025,-0.0173913,0.6903122,-1.475313,-2.65654,6.341003,-0.07768884,0.7379022,0.0380696,0.6693397,14.21756,-5.876961,8.699493
06.12.2023 14:47:21,0.0003915954,0.7233088,-0.01742901,0.6903047,-1.475745,-2.657578,6.346802,-0.07808019,0.7379229,0.03757197,0.6692994,14.20508,-5.887428,8.772095
06.12.2023 14:47:21,0.0003471969,0.7232944,-0.01749072,0.6903182,-1.47732,-2.65519,6.355408,-0.0782138,0.7379903,0.03748979,0.6692141,14.20792,-5.901527,8.790955
06.12.2023 14:47:21,0.0001757234,0.7233322,-0.01756969,0.6902767,-1.470373,-2.661438,6.375793,-0.07810882,0.738001,0.03778194,0.6691981,14.2247,-5.901741,8.759552
06.12.2023 14:47:21,4.05073E-05,0.723318,-0.01784106,0.6902846,-1.482146,-2.659088,6.408508,-0.07783362,0.7379493,0.03818449,0.6692644,14.23819,-5.888039,8.703979
06.12.2023 14:47:21,0.0001237997,0.7233711,-0.01794268,0.6902263,-1.497271,-2.667946,6.409515,-0.07787633,0.7379517,0.03829465,0.6692504,14.25082,-5.88945,8.69928
06.12.2023 14:47:21,0.0002963935,0.7233044,-0.01797971,0.6902952,-1.513862,-2.656891,6.398285,-0.07825465,0.7378843,0.03772504,0.6693129,14.23169,-5.884422,8.775024
06.12.2023 14:47:21,0.0005146166,0.7233141,-0.01787648,0.6902876,-1.522591,-2.658524,6.372009,-0.07877093,0.7378936,0.037131,0.6692753,14.22061,-5.895294,8.865723
06.12.2023 14:47:21,0.0007717904,0.723426,-0.01777868,0.6901726,-1.535049,-2.677162,6.342712,-0.07860838,0.7380545,0.03678432,0.6691362,14.1777,-5.919296,8.880371
06.12.2023 14:47:22,0.000895751,0.7233959,-0.01769319,0.6902062,-1.53771,-2.672195,6.325714,-0.07823092,0.7382287,0.03689351,0.6689821,14.1571,-5.94207,8.841492
06.12.2023 14:47:22,0.0008888622,0.723404,-0.0176342,0.6901992,-1.532288,-2.673531,6.321625,-0.0779648,0.7383854,0.03719554,0.6688236,14.16156,-5.964287,8.797272
06.12.2023 14:47:22,0.0008263979,0.7233962,-0.01766959,0.6902066,-1.530266,-2.672211,6.32962,-0.07802376,0.7384778,0.03716542,0.6687164,14.16296,-5.9813,8.806
06.12.2023 14:47:22,0.0007549791,0.7233289,-0.01759708,0.6902789,-1.518473,-2.661026,6.329926,-0.07837708,0.73849,0.03739813,0.6686486,14.20978,-5.990662,8.819153
06.12.2023 14:47:22,0.0006942138,0.7233355,-0.0175617,0.6902731,-1.510743,-2.662094,6.332153,-0.07845759,0.7384707,0.03754157,0.6686525,14.22827,-5.989113,8.814941
06.12.2023 14:47:22,0.0006420095,0.7232243,-0.01752117,0.6903907,-1.503037,-2.643608,6.333527,-0.07847276,0.7384474,0.03768662,0.6686683,14.24194,-5.985603,8.80481
06.12.2023 14:47:22,0.0006094411,0.7232122,-0.01756908,0.6904021,-1.504408,-2.641617,6.340027,-0.07848816,0.7384962,0.03784428,0.6686037,14.25629,-5.994537,8.794739
06.12.2023 14:47:22,0.000679342,0.7231753,-0.01760168,0.6904399,-1.512572,-2.635498,6.336914,-0.0787431,0.7385408,0.03779194,0.6685273,14.27109,-6.007179,8.821625
06.12.2023 14:47:22,0.0007541314,0.7231112,-0.01763684,0.690506,-1.521282,-2.624893,6.333649,-0.07905798,0.7385467,0.03775982,0.6684855,14.29242,-6.014359,8.851685
06.12.2023 14:47:22,0.0007554005,0.7230054,-0.01770042,0.6906152,-1.526448,-2.607338,6.338806,-0.07937071,0.7384403,0.03776335,0.6685658,14.31726,-6.00222,8.877228
06.12.2023 14:47:22,0.0007766827,0.7229964,-0.01767944,0.6906251,-1.526376,-2.605843,6.335388,-0.07909807,0.7384292,0.03800855,0.6685964,14.31735,-5.995277,8.834473
06.12.2023 14:47:22,0.0007550707,0.722964,-0.01768856,0.6906589,-1.525358,-2.600456,6.337982,-0.07879623,0.7384713,0.03803241,0.6685843,14.29602,-5.996597,8.806885
06.12.2023 14:47:22,0.0008517232,0.7229328,-0.01760742,0.6906934,-1.526226,-2.595314,6.323608,-0.07861487,0.7386124,0.03775032,0.6684657,14.25729,-6.016937,8.814636
06.12.2023 14:47:22,0.0008703269,0.7229338,-0.0175832,0.690693,-1.525694,-2.595474,6.32016,-0.07854552,0.7386497,0.03749685,0.668447,14.23016,-6.021622,8.828522
06.12.2023 14:47:22,0.0007981941,0.7229503,-0.01750166,0.6906779,-1.513257,-2.59819,6.319641,-0.07852077,0.7386271,0.03738503,0.668481,14.21887,-6.01709,8.834595
06.12.2023 14:47:22,0.0007414579,0.7229477,-0.01740986,0.6906831,-1.501153,-2.597725,6.317078,-0.0785622,0.7385091,0.03740862,0.6686053,14.22473,-5.997581,8.834778
06.12.2023 14:47:22,0.0004752261,0.7229977,-0.0175151,0.6906282,-1.488893,-2.605972,6.347351,-0.07880745,0.7383884,0.03738201,0.6687111,14.24194,-5.981583,8.856537
06.12.2023 14:47:22,0.0003312454,0.7230331,-0.01751507,0.6905913,-1.477562,-2.611816,6.359192,-0.0790232,0.7383311,0.03728163,0.6687546,14.25024,-5.975822,8.882263
06.12.2023 14:47:22,0.000237732,0.7230585,-0.0175099,0.6905649,-1.469781,-2.616013,6.366486,-0.0791925,0.7383763,0.03724735,0.6686866,14.26001,-5.9869,8.900299
06.12.2023 14:47:22,0.0001575635,0.7231274,-0.01769998,0.6904879,-1.479328,-2.627464,6.388031,-0.07894276,0.7384266,0.03750612,0.6686461,14.26266,-5.991005,8.859375
06.12.2023 14:47:22,0.0001115933,0.7231216,-0.01758135,0.690497,-1.465844,-2.626488,6.382477,-0.07876509,0.7384344,0.03771812,0.6686465,14.26709,-5.989159,8.827728
06.12.2023 14:47:22,0.0001892675,0.723248,-0.01738282,0.6903696,-1.455785,-2.647453,6.360046,-0.07863411,0.7385027,0.03762577,0.6685916,14.24878,-5.99823,8.824341
06.12.2023 14:47:22,0.0001806215,0.7232603,-0.01736009,0.6903573,-1.453241,-2.64949,6.358948,-0.07850317,0.7384228,0.03768913,0.6686918,14.24463,-5.981964,8.806946
06.12.2023 14:47:22,0.0001409236,0.7233382,-0.01721313,0.6902794,-1.438068,-2.662399,6.350433,-0.07826353,0.738379,0.0377003,0.6687675,14.22748,-5.969749,8.784546
06.12.2023 14:47:22,1.689455E-05,0.7233868,-0.01722797,0.690228,-1.42958,-2.670464,6.361786,-0.0780525,0.7383234,0.03765005,0.6688564,14.20734,-5.955963,8.769226
06.12.2023 14:47:22,-4.568912E-05,0.7233468,-0.0172131,0.6902703,-1.423317,-2.663811,6.365875,-0.07792886,0.7382575,0.03770433,0.6689405,14.20288,-5.942291,8.753357
06.12.2023 14:47:22,1.471322E-05,0.7233484,-0.01722373,0.6902684,-1.42898,-2.664078,6.361725,-0.07803594,0.7382909,0.03744666,0.6689057,14.18893,-5.949753,8.782928
06.12.2023 14:47:22,-0.0001284963,0.7233372,-0.01714437,0.6902821,-1.411047,-2.662201,6.36731,-0.07810111,0.7383113,0.03733702,0.6688817,14.18445,-5.954369,8.797302
06.12.2023 14:47:22,-0.0002072583,0.7233187,-0.01714963,0.6903013,-1.405215,-2.659134,6.374298,-0.07799178,0.7383772,0.03743402,0.6688162,14.18399,-5.963745,8.78125
06.12.2023 14:47:22,-0.0001170888,0.7232569,-0.01715669,0.690366,-1.412812,-2.64888,6.367523,-0.07794216,0.738406,0.03748686,0.6687872,14.18451,-5.967812,8.773254
06.12.2023 14:47:22,-0.0001939572,0.7232122,-0.01712651,0.6904135,-1.404138,-2.641457,6.371582,-0.07798433,0.7383111,0.0374965,0.6688867,14.18912,-5.952286,8.774872
06.12.2023 14:47:22,-0.0002026875,0.7232266,-0.01716155,0.6903976,-1.406381,-2.643837,6.375061,-0.07818852,0.7382076,0.03735163,0.6689851,14.19299,-5.938248,8.802368
06.12.2023 14:47:22,-0.0001651027,0.72311,-0.01720842,0.6905185,-1.413009,-2.624504,6.375885,-0.078453,0.7381249,0.03712048,0.6690581,14.19403,-5.928864,8.84201
06.12.2023 14:47:22,-0.0001950807,0.7230988,-0.01716808,0.6905313,-1.407269,-2.622635,6.375214,-0.07841901,0.7380654,0.03717544,0.6691248,14.19644,-5.918022,8.834015
06.12.2023 14:47:22,-9.820354E-05,0.7230442,-0.01727285,0.6905859,-1.423513,-2.613579,6.37558,-0.07813858,0.738086,0.03736562,0.6691242,14.19104,-5.916367,8.795258
06.12.2023 14:47:22,-5.686569E-05,0.7230673,-0.01730653,0.6905608,-1.429623,-2.617424,6.374786,-0.07778911,0.7381492,0.03753104,0.6690861,14.17801,-5.920654,8.75296
06.12.2023 14:47:22,3.026504E-05,0.7230366,-0.01741252,0.6905903,-1.445243,-2.612343,6.376007,-0.07763094,0.7382141,0.03761699,0.669028,14.17285,-5.928886,8.73349
06.12.2023 14:47:22,0.0001541093,0.7229796,-0.01736385,0.6906511,-1.450901,-2.602905,6.36203,-0.07770552,0.7383276,0.03750269,0.6689004,14.16818,-5.94973,8.750336
06.12.2023 14:47:22,0.0001823024,0.7229304,-0.01738132,0.6907022,-1.454484,-2.594749,6.361176,-0.07805832,0.7383516,0.03739091,0.6688392,14.18555,-5.960556,8.789978
06.12.2023 14:47:22,0.0002537818,0.7229401,-0.01743548,0.6906906,-1.46465,-2.596375,6.359528,-0.07846862,0.7383375,0.03724406,0.668815,14.20453,-5.965942,8.836853
06.12.2023 14:47:22,0.000395805,0.7229636,-0.01741494,0.6906665,-1.474238,-2.600288,6.346069,-0.07844255,0.7384053,0.03732814,0.6687384,14.20932,-5.977242,8.829071
06.12.2023 14:47:22,0.0004709505,0.7229456,-0.01758878,0.6906809,-1.494559,-2.597343,6.353668,-0.07836594,0.7384787,0.03745021,0.6686595,14.21344,-5.988564,8.814056
06.12.2023 14:47:22,0.000630967,0.722934,-0.01767173,0.6906908,-1.514079,-2.595451,6.346985,-0.07843526,0.7385476,0.03740441,0.6685779,14.21445,-6.001717,8.824554
06.12.2023 14:47:22,0.0007384395,0.7229539,-0.01770091,0.6906692,-1.525045,-2.598778,6.340363,-0.07839487,0.7385185,0.03724921,0.6686233,14.1983,-5.995697,8.83252
06.12.2023 14:47:22,0.0007793957,0.7229425,-0.01772758,0.6906803,-1.530476,-2.596909,6.339111,-0.07839771,0.7384346,0.0371644,0.6687204,14.19177,-5.981178,8.838104
06.12.2023 14:47:22,0.0007501982,0.723026,-0.01765105,0.690595,-1.521984,-2.610741,6.335266,-0.07831521,0.7383939,0.03722471,0.6687717,14.19083,-5.972626,8.825714
06.12.2023 14:47:22,0.0007937222,0.7229913,-0.01775596,0.6906285,-1.534057,-2.605019,6.340057,-0.07815176,0.7383083,0.0373663,0.6688774,14.19086,-5.954887,8.799438
06.12.2023 14:47:22,0.000856168,0.7230314,-0.01781975,0.6905848,-1.544365,-2.611687,6.339844,-0.07820909,0.7383628,0.03734949,0.6688115,14.19351,-5.965378,8.806458
06.12.2023 14:47:22,0.0008987288,0.7230185,-0.01780889,0.6905985,-1.54681,-2.609566,6.33548,-0.07839298,0.738461,0.03734247,0.668682,14.20642,-5.985878,8.824402
06.12.2023 14:47:22,0.001040414,0.7230072,-0.01775001,0.6906117,-1.553124,-2.607719,6.319092,-0.07852461,0.7385166,0.03750366,0.668596,14.22992,-5.998291,8.82431
06.12.2023 14:47:22,0.001159322,0.7229911,-0.01772976,0.6906289,-1.560829,-2.605095,6.307678,-0.07869682,0.738618,0.03756509,0.6684602,14.24774,-6.019241,8.83606
06.12.2023 14:47:22,0.001241357,0.7229966,-0.01774595,0.6906226,-1.568676,-2.606033,6.302155,-0.07872391,0.7387452,0.03779091,0.6683038,14.26834,-6.04203,8.822906
06.12.2023 14:47:22,0.001171453,0.7229553,-0.01775465,0.6906657,-1.563785,-2.599167,6.308746,-0.07865179,0.7388048,0.03797587,0.668236,14.27826,-6.051147,8.803253
06.12.2023 14:47:22,0.001001862,0.7229806,-0.01791819,0.6906353,-1.56396,-2.60331,6.335693,-0.07850142,0.7387537,0.03821887,0.6682963,14.28775,-6.039742,8.770813
06.12.2023 14:47:22,0.0008111452,0.723009,-0.01808751,0.6906013,-1.562949,-2.607986,6.364838,-0.07822779,0.7387834,0.03837126,0.6682867,14.27966,-6.039726,8.735657
06.12.2023 14:47:22,0.000660015,0.7230036,-0.01843421,0.690598,-1.579707,-2.607079,6.404816,-0.07787945,0.7386583,0.03824459,0.6684729,14.24289,-6.011162,8.713226
06.12.2023 14:47:22,0.0007591133,0.723015,-0.01859133,0.6905818,-1.600598,-2.609016,6.409027,-0.07792211,0.7385837,0.03790498,0.6685697,14.21762,-5.99865,8.741913
06.12.2023 14:47:22,0.0009044079,0.7230046,-0.01854162,0.6905938,-1.60796,-2.60733,6.393066,-0.07824977,0.738555,0.03714469,0.6686058,14.17807,-5.999001,8.828369
06.12.2023 14:47:22,0.00113244,0.7231091,-0.01844428,0.6904867,-1.618152,-2.624741,6.366211,-0.07837948,0.7384365,0.03687062,0.6687368,14.16531,-5.980713,8.85907
06.12.2023 14:47:22,0.001251836,0.7231118,-0.0183532,0.6904861,-1.620058,-2.625221,6.349121,-0.07826909,0.7384004,0.03698464,0.6687832,14.16681,-5.972504,8.840179
06.12.2023 14:47:22,0.001401492,0.723138,-0.01822742,0.6904616,-1.621528,-2.629616,6.326691,-0.07778785,0.7383642,0.03754255,0.6688483,14.17767,-5.95768,8.754944
06.12.2023 14:47:22,0.001381102,0.7231461,-0.01816869,0.6904547,-1.615062,-2.630959,6.3237,-0.07737937,0.738375,0.03802673,0.6688563,14.18759,-5.952324,8.682373
06.12.2023 14:47:22,0.001332826,0.7231972,-0.01813576,0.6904022,-1.608609,-2.639404,6.324982,-0.07730421,0.738387,0.0380285,0.6688517,14.18192,-5.952934,8.675842
06.12.2023 14:47:22,0.001261597,0.7231444,-0.01812285,0.6904579,-1.6018,-2.630615,6.329987,-0.07733113,0.7383677,0.03792265,0.6688759,14.17508,-5.949989,8.686035
06.12.2023 14:47:22,0.001174394,0.723132,-0.01807628,0.6904723,-1.591013,-2.628517,6.333557,-0.07752249,0.738308,0.03760492,0.6689376,14.16299,-5.94294,8.726257
06.12.2023 14:47:22,0.001207229,0.7230394,-0.01798624,0.6905715,-1.585971,-2.613167,6.323914,-0.0774883,0.7381654,0.037505,0.6691045,14.15265,-5.917587,8.728973
06.12.2023 14:47:22,0.001251628,0.7230359,-0.01795759,0.6905758,-1.587105,-2.612602,6.317993,-0.07726365,0.7380604,0.03760044,0.669241,14.14413,-5.895294,8.700623
06.12.2023 14:47:22,0.001305245,0.7229074,-0.0180257,0.6907085,-1.596749,-2.591293,6.319214,-0.07732455,0.737927,0.03768642,0.6693762,14.15686,-5.873634,8.69751
06.12.2023 14:47:22,0.001303742,0.7228035,-0.01811709,0.6908149,-1.604003,-2.574066,6.326843,-0.07748555,0.7377807,0.03762302,0.6695223,14.16461,-5.851486,8.714386
06.12.2023 14:47:22,0.00129996,0.722721,-0.01814485,0.6909004,-1.605845,-2.560387,6.329529,-0.07769465,0.7377309,0.03749209,0.6695604,14.1698,-5.846779,8.741974
06.12.2023 14:47:22,0.001425393,0.7226173,-0.01808497,0.6910102,-1.610622,-2.543228,6.314636,-0.07757206,0.7377079,0.03751141,0.6695989,14.16217,-5.840454,8.729492
06.12.2023 14:47:22,0.001490635,0.7225725,-0.01807084,0.6910574,-1.614535,-2.53582,6.308228,-0.07726026,0.7377465,0.03774794,0.669579,14.15817,-5.841423,8.684692
06.12.2023 14:47:22,0.001514705,0.7225032,-0.01802848,0.6911309,-1.612802,-2.52433,6.30304,-0.07699507,0.7378301,0.03787793,0.6695101,14.14844,-5.850876,8.652771
06.12.2023 14:47:22,0.001591523,0.7224413,-0.01796482,0.691197,-1.6135,-2.514107,6.291779,-0.07702062,0.7378964,0.03777893,0.6694398,14.1416,-5.862625,8.663513
06.12.2023 14:47:22,0.001585134,0.7224136,-0.01785089,0.6912289,-1.603507,-2.509499,6.283325,-0.07718399,0.7379572,0.03754037,0.6693673,14.13348,-5.875923,8.696869
06.12.2023 14:47:22,0.001425691,0.7223244,-0.01778232,0.6913242,-1.585028,-2.494637,6.291321,-0.07739091,0.7379768,0.03752688,0.6693226,14.1481,-5.883255,8.716217
06.12.2023 14:47:22,0.001251702,0.7223974,-0.01786238,0.6912463,-1.578008,-2.50666,6.31189,-0.07747252,0.737937,0.03757313,0.6693544,14.15851,-5.878052,8.719238
06.12.2023 14:47:22,0.001123689,0.7224471,-0.01794938,0.6911923,-1.575163,-2.514862,6.329285,-0.07755664,0.7379295,0.03742695,0.6693611,14.15256,-5.878189,8.737671
06.12.2023 14:47:22,0.001048196,0.7225075,-0.0178903,0.6911309,-1.564406,-2.524849,6.330719,-0.07768103,0.7380372,0.03725237,0.6692377,14.14661,-5.898888,8.763367
06.12.2023 14:47:22,0.00107216,0.7225461,-0.01780518,0.6910927,-1.559328,-2.53125,6.321899,-0.07751149,0.7380625,0.03723003,0.6692307,14.13159,-5.899925,8.750671
06.12.2023 14:47:22,0.001078252,0.7225876,-0.01780126,0.6910493,-1.559566,-2.538139,6.320984,-0.07746129,0.7381418,0.03726323,0.6691472,14.13013,-5.912651,8.744843
06.12.2023 14:47:22,0.00110493,0.7226601,-0.01765466,0.6909772,-1.549673,-2.550156,6.306976,-0.07763758,0.7382341,0.03721385,0.6690277,14.13892,-5.931885,8.765259
06.12.2023 14:47:22,0.001023031,0.7227684,-0.01765786,0.6908641,-1.543656,-2.568077,6.313782,-0.07796907,0.738417,0.03716175,0.6687901,14.15881,-5.969765,8.800659
06.12.2023 14:47:22,0.0009508842,0.7228857,-0.01766991,0.6907411,-1.539166,-2.587524,6.320465,-0.07818851,0.7385639,0.03703874,0.6686091,14.16431,-5.999168,8.831268
06.12.2023 14:47:22,0.0007884391,0.7229475,-0.01771569,0.6906754,-1.530216,-2.597733,6.337402,-0.07822083,0.7387015,0.03726119,0.6684409,14.18494,-6.023842,8.818939
06.12.2023 14:47:22,0.0006642161,0.7230036,-0.01777424,0.6906153,-1.525343,-2.607018,6.352203,-0.07797318,0.7388176,0.03762546,0.6683211,14.19638,-6.039551,8.771027
06.12.2023 14:47:22,0.0005530424,0.7230284,-0.01787716,0.6905867,-1.525121,-2.611122,6.369507,-0.07742614,0.7387918,0.03806508,0.6683884,14.19214,-6.025108,8.68927
06.12.2023 14:47:22,0.0004553536,0.7231578,-0.01783027,0.6904526,-1.513759,-2.632561,6.373596,-0.07731727,0.7387174,0.03812371,0.6684799,14.18921,-6.010246,8.674255
06.12.2023 14:47:22,0.0003562759,0.7232062,-0.0178436,0.6904016,-1.507119,-2.640587,6.382782,-0.0776069,0.7385571,0.03781051,0.6686412,14.18558,-5.987785,8.721283
06.12.2023 14:47:22,0.0002201939,0.7232213,-0.01790788,0.6903841,-1.501709,-2.643074,6.399109,-0.07808116,0.7384372,0.03738891,0.6687421,14.18665,-5.975746,8.793304
06.12.2023 14:47:23,0.0001458215,0.7232867,-0.01801287,0.6903129,-1.504661,-2.653931,6.413422,-0.0783691,0.7384028,0.03714166,0.6687602,14.18781,-5.975098,8.836914
06.12.2023 14:47:23,6.949711E-05,0.7233957,-0.01800104,0.690199,-1.497864,-2.67202,6.418579,-0.0784203,0.7384247,0.03717024,0.6687284,14.19403,-5.979919,8.839478
06.12.2023 14:47:23,2.227176E-05,0.723416,-0.01798488,0.6901782,-1.492829,-2.675385,6.421173,-0.07821832,0.7385378,0.03732309,0.6686187,14.19095,-5.995667,8.811707
06.12.2023 14:47:23,-2.635196E-05,0.7235084,-0.01797247,0.6900817,-1.488144,-2.690712,6.424042,-0.07800794,0.7386509,0.03780162,0.6684914,14.215,-6.011742,8.75827
06.12.2023 14:47:23,-6.211366E-05,0.7235816,-0.01808891,0.6900018,-1.495125,-2.702888,6.436066,-0.07807114,0.7386376,0.03824569,0.6684735,14.25778,-6.01133,8.729584
06.12.2023 14:47:23,-0.0001179847,0.7235261,-0.01804002,0.6900613,-1.486535,-2.693649,6.43692,-0.07809726,0.7385851,0.03849366,0.6685141,14.28119,-6.003166,8.712128
06.12.2023 14:47:23,-6.55344E-05,0.7235532,-0.0180703,0.6900321,-1.493251,-2.698166,6.434937,-0.07806269,0.7384436,0.03828041,0.6686868,14.26117,-5.977776,8.72348
06.12.2023 14:47:23,-0.0001393077,0.7235587,-0.01806086,0.6900266,-1.486645,-2.699066,6.440277,-0.07809295,0.7383066,0.03805038,0.6688476,14.24463,-5.954437,8.741821
06.12.2023 14:47:23,-0.000169236,0.723585,-0.01809451,0.6899981,-1.487123,-2.70343,6.445374,-0.07800663,0.7382984,0.03751291,0.6688971,14.19229,-5.950569,8.775391
06.12.2023 14:47:23,-0.000171938,0.7235325,-0.01811025,0.6900527,-1.488105,-2.694717,6.44696,-0.07810182,0.7382917,0.0370652,0.6689183,14.16147,-5.950638,8.817932
06.12.2023 14:47:23,-0.0001713391,0.7235475,-0.01818398,0.690035,-1.494299,-2.69722,6.452698,-0.07824955,0.7381681,0.03699656,0.6690413,14.16763,-5.932121,8.834381
06.12.2023 14:47:23,-0.0001922011,0.723543,-0.01817789,0.6900398,-1.492135,-2.696487,6.453949,-0.07823803,0.7380044,0.03726684,0.6692082,14.1907,-5.904099,8.810364
06.12.2023 14:47:23,-0.0001191759,0.723437,-0.0182017,0.6901505,-1.499663,-2.678871,6.450012,-0.07834259,0.7379414,0.03743987,0.6692558,14.21384,-5.895546,8.805359
06.12.2023 14:47:23,-0.0001715212,0.7234868,-0.01820498,0.6900982,-1.495899,-2.687141,6.454498,-0.07831114,0.7378852,0.03754936,0.6693153,14.22107,-5.885414,8.793427
06.12.2023 14:47:23,-0.0001040471,0.7234175,-0.0180908,0.6901737,-1.491623,-2.675636,6.440033,-0.07815424,0.7379005,0.03768031,0.6693094,14.22009,-5.885178,8.769928
06.12.2023 14:47:23,-9.216474E-05,0.7233205,-0.0180683,0.690276,-1.490494,-2.659523,6.437469,-0.07766254,0.7379799,0.03788149,0.6692677,14.1991,-5.889557,8.712708
06.12.2023 14:47:23,-9.680116E-05,0.7233286,-0.01789508,0.690272,-1.475782,-2.660866,6.424133,-0.07727467,0.7380705,0.03789581,0.6692117,14.17007,-5.897682,8.679077
06.12.2023 14:47:23,-4.115119E-05,0.7233221,-0.01789169,0.690279,-1.479891,-2.659775,6.41925,-0.07721556,0.7380622,0.03773783,0.6692368,14.15216,-5.894875,8.685913
06.12.2023 14:47:23,-4.775571E-05,0.7232603,-0.01786571,0.6903444,-1.477087,-2.649513,6.417877,-0.07729185,0.7379954,0.03754973,0.6693122,14.14233,-5.884583,8.706085
06.12.2023 14:47:23,0.0001039111,0.7232513,-0.01781246,0.6903552,-1.484656,-2.648018,6.401123,-0.07754371,0.7378277,0.03710636,0.6694926,14.12485,-5.85997,8.759735
06.12.2023 14:47:23,0.0003208952,0.7231477,-0.01772266,0.6904659,-1.494176,-2.630859,6.376251,-0.07768419,0.7377818,0.03692932,0.6695368,14.12079,-5.854538,8.784943
06.12.2023 14:47:23,0.000408105,0.7231718,-0.01773826,0.6904403,-1.502419,-2.634872,6.370209,-0.07787414,0.7377001,0.0367281,0.6696158,14.11868,-5.843887,8.815796
06.12.2023 14:47:23,0.0002617274,0.7231753,-0.01784782,0.6904338,-1.499924,-2.635452,6.390991,-0.07794681,0.7376831,0.03678779,0.6696228,14.12946,-5.842461,8.817322
06.12.2023 14:47:23,0.0001771002,0.7231544,-0.01794765,0.6904533,-1.501458,-2.631958,6.405975,-0.07791914,0.7377055,0.03687241,0.6695967,14.1344,-5.845886,8.808716
06.12.2023 14:47:23,5.997992E-05,0.7231826,-0.01813958,0.6904187,-1.508157,-2.636658,6.430817,-0.07784402,0.7377304,0.03711243,0.6695647,14.14893,-5.84906,8.784088
06.12.2023 14:47:23,2.174138E-05,0.7232196,-0.01840399,0.6903729,-1.527129,-2.642815,6.454834,-0.07770205,0.7377871,0.03745813,0.6694995,14.16714,-5.856544,8.745972
06.12.2023 14:47:23,0.0001196849,0.723225,-0.01842582,0.6903667,-1.536701,-2.643723,6.448425,-0.07760435,0.7379623,0.0376486,0.6693069,14.1749,-5.885078,8.725281
06.12.2023 14:47:23,0.0002997298,0.7232423,-0.0184244,0.6903485,-1.550868,-2.646637,6.43335,-0.077736,0.7381403,0.03751897,0.6691027,14.17294,-5.918083,8.749146
06.12.2023 14:47:23,0.0004705655,0.7232391,-0.01833016,0.6903543,-1.556568,-2.646118,6.411743,-0.07775948,0.7382988,0.03756854,0.6689223,14.1781,-5.945908,8.749573
06.12.2023 14:47:23,0.0006310855,0.7232236,-0.01815006,0.6903751,-1.554309,-2.64357,6.384216,-0.07791808,0.7384278,0.03747452,0.6687667,14.18149,-5.971069,8.7724
06.12.2023 14:47:23,0.0006707235,0.7232584,-0.01805923,0.6903409,-1.549985,-2.649353,6.373657,-0.07790688,0.738544,0.03764297,0.6686301,14.19434,-5.991135,8.760132
06.12.2023 14:47:23,0.0006286251,0.723316,-0.0180875,0.6902801,-1.549112,-2.658882,6.379272,-0.07798328,0.7385955,0.03773008,0.6685595,14.20734,-6.00161,8.760834
06.12.2023 14:47:23,0.0005916955,0.7232397,-0.01806697,0.6903605,-1.544335,-2.646225,6.380859,-0.0781538,0.7386316,0.03767643,0.6685027,14.21561,-6.011086,8.780304
06.12.2023 14:47:23,0.0004817258,0.7232517,-0.01805819,0.6903483,-1.534929,-2.648186,6.389252,-0.07857996,0.7385663,0.03740732,0.6685401,14.22565,-6.007797,8.837219
06.12.2023 14:47:23,0.0003669388,0.7232018,-0.0181237,0.6903989,-1.531174,-2.639877,6.404083,-0.07881904,0.7384544,0.03721797,0.6686461,14.22845,-5.992943,8.871033
06.12.2023 14:47:23,0.0002838919,0.7232034,-0.01811408,0.6903974,-1.523807,-2.640137,6.410187,-0.07880173,0.7383348,0.03718457,0.668782,14.22498,-5.971954,8.870422
06.12.2023 14:47:23,0.0002061989,0.7231707,-0.01805347,0.6904334,-1.512567,-2.634689,6.411896,-0.07879425,0.7382705,0.03730799,0.668847,14.23529,-5.960907,8.859436
06.12.2023 14:47:23,0.0001450332,0.72315,-0.01812947,0.6904531,-1.513984,-2.631248,6.423035,-0.078889,0.7384286,0.03740588,0.6686558,14.25,-5.99015,8.862396
06.12.2023 14:47:23,0.0001157267,0.7230967,-0.0181387,0.6905087,-1.51232,-2.622398,6.4263,-0.07897191,0.7385422,0.03752017,0.6685141,14.26541,-6.011536,8.862457
06.12.2023 14:47:23,0.0001118942,0.7231117,-0.01817195,0.690492,-1.514803,-2.624908,6.42923,-0.07881401,0.7387027,0.03783904,0.6683374,14.2796,-6.03656,8.826477
06.12.2023 14:47:23,0.0001632059,0.7231366,-0.01815313,0.6904665,-1.517356,-2.629036,6.423431,-0.07838944,0.7388006,0.03847529,0.6682428,14.30078,-6.046013,8.742035
06.12.2023 14:47:23,0.0001979154,0.723201,-0.01810291,0.6904003,-1.516073,-2.639725,6.416443,-0.07795362,0.7387249,0.03904639,0.6683443,14.31656,-6.025276,8.65918
06.12.2023 14:47:23,0.0002561324,0.7231525,-0.01809437,0.6904514,-1.519872,-2.631668,6.411041,-0.07765142,0.7387168,0.03936841,0.6683696,14.32092,-6.018456,8.608032
06.12.2023 14:47:23,0.0002315504,0.7231993,-0.01794749,0.6904061,-1.505846,-2.639427,6.401337,-0.07797009,0.7385705,0.03886781,0.6685236,14.30344,-5.998703,8.67215
06.12.2023 14:47:23,7.635914E-05,0.7231864,-0.01771879,0.6904256,-1.474579,-2.637245,6.396118,-0.07842535,0.7384247,0.03795407,0.6686838,14.26123,-5.981155,8.779877
06.12.2023 14:47:23,-0.0001272606,0.7232218,-0.01761619,0.6903912,-1.45003,-2.643082,6.404816,-0.07900071,0.7382199,0.03711908,0.668889,14.23532,-5.955986,8.891205
06.12.2023 14:47:23,-0.0003657548,0.7232393,-0.01761755,0.6903728,-1.431305,-2.645988,6.424652,-0.07925974,0.7379571,0.03672018,0.6691704,14.22272,-5.915268,8.940765
06.12.2023 14:47:23,-0.0006658118,0.7233035,-0.01762228,0.6903051,-1.408087,-2.656654,6.449768,-0.07915461,0.7378585,0.03667145,0.6692941,14.21109,-5.896156,8.93396
06.12.2023 14:47:23,-0.000754946,0.7233658,-0.01758208,0.6902407,-1.397833,-2.667,6.453827,-0.07870308,0.7377889,0.03731195,0.6693888,14.23141,-5.876183,8.844482
06.12.2023 14:47:23,-0.0008328338,0.7232851,-0.0175073,0.6903271,-1.3853,-2.653603,6.454529,-0.0782911,0.7377429,0.03795956,0.6694513,14.25525,-5.861122,8.75824
06.12.2023 14:47:23,-0.000806214,0.7233531,-0.01740782,0.6902584,-1.379301,-2.664879,6.444305,-0.07805483,0.7377414,0.03836424,0.6694575,14.27161,-5.856819,8.706573
06.12.2023 14:47:23,-0.0008233409,0.7233232,-0.01727122,0.6902931,-1.366557,-2.659912,6.434998,-0.0780355,0.7377506,0.03834051,0.6694509,14.26804,-5.858002,8.706818
06.12.2023 14:47:23,-0.0008842699,0.7233546,-0.01712381,0.6902638,-1.349579,-2.665115,6.428314,-0.07817519,0.7377322,0.0381841,0.6694639,14.26553,-5.85733,8.730743
06.12.2023 14:47:23,-0.0009500434,0.7234076,-0.01715641,0.6902074,-1.347188,-2.67392,6.436249,-0.07822347,0.7378096,0.03797054,0.6693851,14.25061,-5.871292,8.752411
06.12.2023 14:47:23,-0.001028764,0.7234063,-0.01717977,0.6902081,-1.342895,-2.673706,6.444611,-0.07834545,0.7378227,0.0376795,0.6693729,14.23511,-5.875511,8.785583
06.12.2023 14:47:23,-0.001117907,0.7233813,-0.01717999,0.6902341,-1.335808,-2.669586,6.452057,-0.07856777,0.7378883,0.03750134,0.6692845,14.2366,-5.890915,8.819519
06.12.2023 14:47:23,-0.001196555,0.7233457,-0.01709648,0.6902734,-1.322586,-2.663673,6.452057,-0.07867549,0.7378791,0.03754188,0.6692797,14.24838,-5.891502,8.825684
06.12.2023 14:47:23,-0.001284196,0.7233528,-0.0170195,0.6902676,-1.309284,-2.664886,6.453217,-0.07892647,0.7378752,0.03739299,0.6692628,14.25494,-5.895554,8.858948
06.12.2023 14:47:23,-0.00124611,0.7233515,-0.01702301,0.690269,-1.312586,-2.66465,6.450317,-0.07909041,0.7379646,0.03745702,0.6691413,14.27246,-5.914268,8.869568
06.12.2023 14:47:23,-0.001389288,0.7233437,-0.01694722,0.6902788,-1.294957,-2.663383,6.456207,-0.07910682,0.7379995,0.03749444,0.6690987,14.2767,-5.920662,8.868622
06.12.2023 14:47:23,-0.001449805,0.7233817,-0.01695189,0.6902387,-1.290637,-2.669701,6.461517,-0.07904391,0.7382079,0.03758163,0.6688714,14.27811,-5.955429,8.859375
06.12.2023 14:47:23,-0.001418172,0.7233849,-0.01692288,0.6902362,-1.29074,-2.670212,6.456604,-0.07893676,0.7383263,0.0376006,0.6687522,14.27081,-5.973747,8.85022
06.12.2023 14:47:23,-0.001394883,0.7234387,-0.01690468,0.6901802,-1.291187,-2.679146,6.453125,-0.07905225,0.7384425,0.03764435,0.6686078,14.28271,-5.996117,8.858551
06.12.2023 14:47:23,-0.00132988,0.7234839,-0.01688344,0.6901336,-1.294663,-2.686623,6.445984,-0.07911345,0.7385813,0.03754788,0.6684527,14.27838,-6.021111,8.87323
06.12.2023 14:47:23,-0.001296562,0.7235069,-0.01697767,0.6901071,-1.305161,-2.690453,6.450623,-0.07935581,0.7386534,0.03762055,0.6683401,14.3027,-6.03846,8.889832
06.12.2023 14:47:23,-0.001151175,0.7235171,-0.01700053,0.6900961,-1.318578,-2.692123,6.440369,-0.07972176,0.7387826,0.03767329,0.6681508,14.33444,-6.068092,8.919586
06.12.2023 14:47:23,-0.001132822,0.7235748,-0.01694706,0.690037,-1.315716,-2.701691,6.434509,-0.08027438,0.7388927,0.03741455,0.6679775,14.35397,-6.097755,8.989258
06.12.2023 14:47:23,-0.001128849,0.7236273,-0.01702401,0.6899801,-1.322522,-2.710403,6.440155,-0.0808979,0.7389768,0.03717808,0.6678223,14.38098,-6.124496,9.063049
06.12.2023 14:47:23,-0.001102359,0.7236817,-0.01707133,0.6899219,-1.328655,-2.719452,6.441589,-0.0810645,0.7389633,0.03736657,0.6678066,14.40988,-6.125824,9.063019
06.12.2023 14:47:23,-0.001127808,0.72373,-0.01708229,0.6898709,-1.327653,-2.727486,6.444489,-0.08032123,0.7389602,0.03787904,0.6678709,14.39679,-6.111046,8.95874
06.12.2023 14:47:23,-0.001082757,0.7237433,-0.01722145,0.6898536,-1.342788,-2.729691,6.451721,-0.07991528,0.7389899,0.03802205,0.6678786,14.37778,-6.108246,8.91272
06.12.2023 14:47:23,-0.001064657,0.72381,-0.01724152,0.6897832,-1.346025,-2.740768,6.451691,-0.07961304,0.7389185,0.03792874,0.6679989,14.34711,-6.089752,8.892456
06.12.2023 14:47:23,-0.001018485,0.7237791,-0.01739495,0.6898118,-1.36234,-2.735641,6.460052,-0.07983232,0.7389596,0.03750924,0.6679511,14.32788,-6.100578,8.944305
06.12.2023 14:47:23,-0.0009752781,0.7238275,-0.01757167,0.6897566,-1.380521,-2.74369,6.470337,-0.0801276,0.7389835,0.03691202,0.6679226,14.29935,-6.109726,9.016144
06.12.2023 14:47:23,-0.0009158563,0.7238517,-0.01773142,0.6897271,-1.398526,-2.747734,6.477997,-0.08005356,0.7390885,0.03685512,0.6678184,14.28821,-6.126274,9.015503
06.12.2023 14:47:23,-0.0008552286,0.7238585,-0.01772588,0.6897203,-1.402874,-2.74884,6.472534,-0.07956791,0.7391324,0.03740062,0.6677975,14.29736,-6.124947,8.931915
06.12.2023 14:47:23,-0.0008229169,0.7238786,-0.01776351,0.6896982,-1.408594,-2.75219,6.472778,-0.0792824,0.739139,0.0378718,0.6677976,14.3157,-6.121109,8.871002
06.12.2023 14:47:23,-0.0008048566,0.7239252,-0.01774292,0.6896498,-1.408412,-2.759926,6.469574,-0.07950594,0.7390255,0.03783021,0.667899,14.3299,-6.105919,8.89212
06.12.2023 14:47:23,-0.0008105213,0.7239775,-0.01769813,0.6895961,-1.404359,-2.768623,6.46637,-0.07992209,0.7389067,0.03753495,0.6679974,14.33725,-6.0933,8.949432
06.12.2023 14:47:23,-0.000872665,0.7239429,-0.01765905,0.6896333,-1.39613,-2.762878,6.468506,-0.08020852,0.738795,0.03743002,0.6680925,14.35086,-6.079613,8.980927
06.12.2023 14:47:23,-0.0008811799,0.723958,-0.01754599,0.6896203,-1.386106,-2.765373,6.460266,-0.08018854,0.7386743,0.0373308,0.6682339,14.34158,-6.058235,8.985077
06.12.2023 14:47:23,-0.0007768917,0.7239637,-0.01751374,0.6896152,-1.391686,-2.766304,6.449036,-0.07981508,0.7385614,0.03739465,0.6683999,14.31912,-6.031395,8.945984
06.12.2023 14:47:23,-0.0006592302,0.7239156,-0.01749636,0.6896664,-1.399444,-2.758293,6.437988,-0.07949829,0.7385054,0.03751158,0.6684929,14.30518,-6.015602,8.908569
06.12.2023 14:47:23,-0.0006703616,0.7239012,-0.01744327,0.6896829,-1.394128,-2.75589,6.434753,-0.07922333,0.7384659,0.03765598,0.668561,14.29669,-6.003563,8.872925
06.12.2023 14:47:23,-0.0007597068,0.7238456,-0.01750483,0.6897395,-1.392057,-2.746674,6.447144,-0.07917327,0.7383968,0.0376703,0.6686424,14.29446,-5.990685,8.866486
06.12.2023 14:47:23,-0.0009746817,0.7238511,-0.01771241,0.6897282,-1.392296,-2.747627,6.481384,-0.07932829,0.7383903,0.0376006,0.6686352,14.30042,-5.992523,8.885284
06.12.2023 14:47:23,-0.001144703,0.7238356,-0.01805881,0.6897352,-1.407563,-2.74511,6.522919,-0.07941744,0.7383927,0.03737076,0.6686349,14.28766,-5.99437,8.910706
06.12.2023 14:47:23,-0.001303152,0.723797,-0.01826072,0.6897702,-1.411703,-2.738747,6.552094,-0.07926294,0.7384521,0.03739565,0.6685863,14.27759,-6.001572,8.896149
06.12.2023 14:47:23,-0.001234034,0.7237924,-0.01845087,0.68977,-1.432933,-2.737991,6.561432,-0.07890403,0.7385278,0.03745159,0.6685418,14.25446,-6.007622,8.861572
06.12.2023 14:47:23,-0.001144697,0.7238268,-0.01846272,0.6897337,-1.441058,-2.74369,6.554871,-0.07833225,0.7386658,0.03758584,0.6684491,14.22134,-6.020348,8.803314
06.12.2023 14:47:24,-0.0009538173,0.7239196,-0.0182551,0.6896422,-1.439127,-2.759056,6.52243,-0.07830341,0.7387517,0.03735416,0.6683705,14.19891,-6.034248,8.819733
06.12.2023 14:47:24,-0.0007819785,0.7239018,-0.01796385,0.6896687,-1.428504,-2.756065,6.485168,-0.07894465,0.7386302,0.03675629,0.6684626,14.19769,-6.02504,8.91983
06.12.2023 14:47:24,-0.0006513596,0.7239823,-0.01781524,0.6895882,-1.426669,-2.769409,6.462433,-0.07954808,0.7384667,0.03642438,0.6685898,14.21655,-6.008347,8.995667
06.12.2023 14:47:24,-0.0007097172,0.7240582,-0.01766331,0.6895124,-1.409608,-2.781998,6.455109,-0.07960514,0.7384369,0.0364721,0.6686133,14.22516,-6.00441,8.996582
06.12.2023 14:47:24,-0.0007719126,0.7240887,-0.01762777,0.6894812,-1.401806,-2.787079,6.457397,-0.07907929,0.7384791,0.03714501,0.6685921,14.24203,-6.002228,8.899689
06.12.2023 14:47:24,-0.0008859227,0.7240838,-0.01753446,0.6894885,-1.385041,-2.786285,6.459473,-0.07847778,0.7385806,0.03772364,0.6685185,14.24472,-6.008713,8.80426
06.12.2023 14:47:24,-0.0008384237,0.7240211,-0.017481,0.6895558,-1.384226,-2.775848,6.451447,-0.07827503,0.7387134,0.03793494,0.6683835,14.24646,-6.027931,8.772217
06.12.2023 14:47:24,-0.0009518397,0.7239273,-0.01739381,0.6896563,-1.367827,-2.760262,6.454132,-0.07853007,0.7387462,0.03773182,0.6683288,14.24847,-6.0383,8.810516
06.12.2023 14:47:24,-0.0009626897,0.7239112,-0.01720339,0.689678,-1.351135,-2.757561,6.440002,-0.07907718,0.738793,0.03740837,0.6682307,14.26248,-6.056694,8.883698
06.12.2023 14:47:24,-0.001016312,0.7237916,-0.01723057,0.6898028,-1.3489,-2.737709,6.446838,-0.07934956,0.738842,0.03733499,0.6681484,14.27679,-6.070419,8.913818
06.12.2023 14:47:24,-0.0009483821,0.7236437,-0.01728159,0.6899567,-1.358195,-2.713135,6.445526,-0.07945379,0.7387933,0.03763317,0.6681732,14.31046,-6.064529,8.899384
06.12.2023 14:47:24,-0.0009189856,0.7235721,-0.01735126,0.6900302,-1.366148,-2.701241,6.448761,-0.07946367,0.7388542,0.0376655,0.6681028,14.31363,-6.075294,8.898651
06.12.2023 14:47:24,-0.0008830017,0.7234452,-0.01737857,0.6901625,-1.370993,-2.680168,6.448181,-0.07972454,0.7389568,0.0374299,0.6679715,14.31287,-6.097824,8.940918
06.12.2023 14:47:24,-0.000831319,0.7233554,-0.01741722,0.6902558,-1.378098,-2.66526,6.447144,-0.08003531,0.7390333,0.0371247,0.6678668,14.31015,-6.116783,8.992493
06.12.2023 14:47:24,-0.0007082997,0.7233278,-0.01741858,0.6902847,-1.387887,-2.660675,6.437103,-0.08010237,0.739126,0.03727846,0.6677476,14.32785,-6.134338,8.987915
06.12.2023 14:47:24,-0.0005629013,0.7232947,-0.01735337,0.6903211,-1.393917,-2.655174,6.419952,-0.07993887,0.7391481,0.0377068,0.6677185,14.35175,-6.135544,8.941162
06.12.2023 14:47:24,-0.0004664666,0.7232936,-0.01716673,0.6903271,-1.386071,-2.654961,6.397186,-0.07998203,0.7392354,0.03795894,0.6676025,14.37604,-6.151848,8.926849
06.12.2023 14:47:24,-0.0004701143,0.723257,-0.01697917,0.6903701,-1.370159,-2.648857,6.382721,-0.08021258,0.7391674,0.03794182,0.6676511,14.39261,-6.144714,8.947388
06.12.2023 14:47:24,-0.0005640406,0.7232802,-0.01699852,0.6903452,-1.364377,-2.652725,6.391998,-0.08030492,0.7390524,0.03787573,0.667771,14.39471,-6.126625,8.958862
06.12.2023 14:47:24,-0.0007329357,0.7232954,-0.01701259,0.6903288,-1.35221,-2.655258,6.407074,-0.08025926,0.7389886,0.03784535,0.6678489,14.38901,-6.114647,8.956299
06.12.2023 14:47:24,-0.000772857,0.7232987,-0.01707175,0.6903239,-1.353963,-2.655807,6.41507,-0.08018166,0.7390247,0.03776345,0.6678228,14.37589,-6.119194,8.956299
06.12.2023 14:47:24,-0.0008465805,0.7233843,-0.01704551,0.6902347,-1.346129,-2.670029,6.418915,-0.08031567,0.7391325,0.0376162,0.6676959,14.37292,-6.140251,8.980804
06.12.2023 14:47:24,-0.0008231362,0.7234308,-0.0170281,0.6901865,-1.346636,-2.677742,6.415527,-0.08056808,0.7392583,0.03752632,0.667531,14.38379,-6.166939,9.011536
06.12.2023 14:47:24,-0.0007665857,0.7234458,-0.01700111,0.6901714,-1.348903,-2.680237,6.408661,-0.08051797,0.7394248,0.03758081,0.6673496,14.38361,-6.194756,9.005341
06.12.2023 14:47:24,-0.0008085032,0.7235027,-0.01690249,0.6901141,-1.337524,-2.689674,6.404236,-0.08032691,0.7395983,0.0380884,0.6671516,14.41132,-6.221634,8.952271
06.12.2023 14:47:24,-0.0008832706,0.7235778,-0.01680356,0.6900377,-1.323557,-2.702141,6.402466,-0.08031278,0.7396523,0.03842949,0.6670738,14.43903,-6.231209,8.92572
06.12.2023 14:47:24,-0.0009957812,0.7236132,-0.01682893,0.6899998,-1.316836,-2.708038,6.413727,-0.08041725,0.7396175,0.03847112,0.6670975,14.45078,-6.227364,8.931213
06.12.2023 14:47:24,-0.001166048,0.7236263,-0.0168405,0.6899855,-1.304356,-2.710243,6.428741,-0.08055402,0.7395629,0.03844477,0.667143,14.45929,-6.220665,8.944397
06.12.2023 14:47:24,-0.001308117,0.7236882,-0.01677119,0.6899221,-1.287501,-2.720543,6.434906,-0.08073151,0.7394733,0.03822489,0.6672336,14.45459,-6.208427,8.975464
06.12.2023 14:47:24,-0.001416146,0.7237517,-0.0167562,0.6898556,-1.277847,-2.731117,6.442566,-0.08079967,0.7393409,0.03800601,0.6673845,14.44193,-6.186615,8.996277
06.12.2023 14:47:24,-0.001588741,0.7237725,-0.01676998,0.6898332,-1.265386,-2.734596,6.457916,-0.08070649,0.7392548,0.03780846,0.6675023,14.41846,-6.169556,9.002014
06.12.2023 14:47:24,-0.001630205,0.7238034,-0.01674639,0.6898011,-1.260216,-2.739761,6.459442,-0.08055073,0.739334,0.0377376,0.6674375,14.40002,-6.17997,8.994934
06.12.2023 14:47:24,-0.001794798,0.7237645,-0.01672081,0.6898422,-1.244998,-2.733345,6.471161,-0.08045878,0.7393304,0.03781731,0.6674481,14.39984,-6.177605,8.980743
06.12.2023 14:47:24,-0.001906544,0.7238243,-0.01667986,0.6897801,-1.232894,-2.743324,6.477081,-0.08045944,0.7393201,0.0381402,0.667441,14.42749,-6.176346,8.955963
06.12.2023 14:47:24,-0.001956616,0.723814,-0.01664802,0.6897916,-1.226271,-2.741615,6.478729,-0.08040483,0.7392733,0.03855279,0.6674758,14.4588,-6.167786,8.918945
06.12.2023 14:47:24,-0.002087129,0.7237968,-0.01652607,0.6898121,-1.205797,-2.738808,6.479919,-0.08033064,0.7392792,0.03882358,0.6674623,14.47623,-6.167747,8.891846
06.12.2023 14:47:24,-0.00215616,0.7237837,-0.01644515,0.6898277,-1.193598,-2.736633,6.479279,-0.08051658,0.7393076,0.03866209,0.6674178,14.47647,-6.176155,8.920868
06.12.2023 14:47:24,-0.002379196,0.7238061,-0.016327,0.6898061,-1.16621,-2.740463,6.488403,-0.0809916,0.7394261,0.03815671,0.6672583,14.46893,-6.205444,9.002777
06.12.2023 14:47:24,-0.002443392,0.7238039,-0.01622058,0.6898108,-1.1523,-2.740112,6.485291,-0.08079603,0.7392998,0.03857432,0.6673979,14.49039,-6.180313,8.951935
06.12.2023 14:47:24,-0.002472547,0.7238627,-0.0161066,0.6897517,-1.140665,-2.749878,6.478607,-0.08058454,0.7393402,0.03887118,0.6673614,14.49933,-6.183479,8.911285
06.12.2023 14:47:24,-0.002509912,0.7238631,-0.01604926,0.6897525,-1.132954,-2.749954,6.477173,-0.08055767,0.7392706,0.03890995,0.6674396,14.50101,-6.170959,8.904968
06.12.2023 14:47:24,-0.00252879,0.7238234,-0.01600499,0.689795,-1.127704,-2.743385,6.475311,-0.0808641,0.7392014,0.03861399,0.6674963,14.49957,-6.164772,8.95343
06.12.2023 14:47:24,-0.002557103,0.7238078,-0.01593131,0.689813,-1.11932,-2.740799,6.471863,-0.08098017,0.7391287,0.03841058,0.6675744,14.49152,-6.154266,8.978119
06.12.2023 14:47:24,-0.002562682,0.7237967,-0.01593191,0.6898246,-1.118904,-2.73896,6.472382,-0.0812109,0.7390264,0.03807209,0.6676791,14.48087,-6.14077,9.022736
06.12.2023 14:47:24,-0.002603013,0.7238016,-0.01593596,0.6898193,-1.116062,-2.739784,6.476044,-0.0813795,0.738939,0.03793159,0.6677633,14.4823,-6.128906,9.046997
06.12.2023 14:47:24,-0.002725822,0.7237957,-0.01597547,0.689824,-1.109618,-2.738869,6.489349,-0.08132884,0.7387696,0.037912,0.667958,14.47778,-6.098602,9.041626
06.12.2023 14:47:24,-0.002764406,0.7237701,-0.01591419,0.6898522,-1.101429,-2.734634,6.487762,-0.08093455,0.738741,0.0382667,0.6680173,14.47806,-6.086197,8.979584
06.12.2023 14:47:24,-0.002742039,0.7238482,-0.01595222,0.6897694,-1.10652,-2.747604,6.48877,-0.08020395,0.7386655,0.03881986,0.668157,14.46979,-6.059265,8.872284
06.12.2023 14:47:24,-0.002764952,0.7237806,-0.01585453,0.6898425,-1.096459,-2.736374,6.483063,-0.07951705,0.7385864,0.03935945,0.6682949,14.46368,-6.032692,8.769806
06.12.2023 14:47:24,-0.002811379,0.7238019,-0.01586799,0.6898197,-1.09395,-2.739944,6.487946,-0.07942578,0.7384707,0.03923517,0.6684409,14.44675,-6.01075,8.769684
06.12.2023 14:47:24,-0.002903697,0.723872,-0.01577022,0.689748,-1.078692,-2.751633,6.487762,-0.08061145,0.7384118,0.03804372,0.6684328,14.43628,-6.022568,8.963715
06.12.2023 14:47:24,-0.003016369,0.7238536,-0.01584451,0.689765,-1.075908,-2.748665,6.503021,-0.08116858,0.7382962,0.03760713,0.6685179,14.44238,-6.013252,9.04422
06.12.2023 14:47:24,-0.003029361,0.7239218,-0.01585886,0.6896931,-1.076221,-2.759995,6.505127,-0.08115634,0.7382584,0.03761752,0.6685606,14.44257,-6.0065,9.041809
06.12.2023 14:47:24,-0.003073881,0.7239116,-0.01593854,0.6897018,-1.079291,-2.758331,6.515137,-0.08069275,0.7382793,0.03812071,0.668565,14.44983,-6.001472,8.963043
06.12.2023 14:47:24,-0.003105205,0.723892,-0.01604863,0.6897197,-1.085907,-2.755104,6.526459,-0.08030164,0.7382661,0.03867941,0.6685947,14.46759,-5.992149,8.885864
06.12.2023 14:47:24,-0.003059583,0.7238945,-0.01604979,0.6897173,-1.089614,-2.755486,6.522766,-0.08027606,0.7381899,0.03894107,0.6686667,14.48837,-5.978882,8.862488
06.12.2023 14:47:24,-0.003112071,0.723891,-0.01595167,0.689723,-1.077316,-2.754936,6.519348,-0.08037053,0.7381315,0.03888131,0.6687232,14.49088,-5.97065,8.874512
06.12.2023 14:47:24,-0.003083302,0.7238771,-0.01588359,0.6897392,-1.073911,-2.752609,6.511627,-0.08067397,0.737972,0.03869868,0.6688733,14.49948,-5.948997,8.91272
06.12.2023 14:47:24,-0.003189282,0.7239352,-0.01587527,0.689678,-1.064971,-2.762329,6.519653,-0.08100959,0.737905,0.03853437,0.6689162,14.51157,-5.943993,8.953674
06.12.2023 14:47:24,-0.003480426,0.7239448,-0.01609786,0.6896613,-1.060451,-2.764137,6.561401,-0.08119739,0.7378384,0.03834895,0.6689775,14.51056,-5.93605,8.983368
06.12.2023 14:47:24,-0.003744919,0.7239712,-0.01636827,0.6896258,-1.062046,-2.768753,6.604675,-0.08113509,0.7378958,0.03844212,0.6689165,14.51337,-5.944809,8.971588
06.12.2023 14:47:24,-0.003941448,0.7240131,-0.01659356,0.6895753,-1.065308,-2.775887,6.638733,-0.08081045,0.7379618,0.03869797,0.6688681,14.50992,-5.949997,8.924561
06.12.2023 14:47:24,-0.003910681,0.7240908,-0.016711,0.6894911,-1.077671,-2.78878,6.645325,-0.080647,0.7380569,0.03890491,0.668771,14.51447,-5.963387,8.895782
06.12.2023 14:47:24,-0.003860281,0.7240728,-0.01668188,0.689511,-1.079194,-2.785744,6.638885,-0.08062088,0.7382538,0.03882614,0.6685613,14.50461,-5.996681,8.902344
06.12.2023 14:47:24,-0.003756214,0.7241476,-0.01655809,0.6894361,-1.077319,-2.798073,6.620331,-0.08107002,0.7383894,0.03854856,0.6683732,14.51453,-6.02874,8.964813
06.12.2023 14:47:24,-0.003656502,0.7241849,-0.01633518,0.6894027,-1.066782,-2.804184,6.594391,-0.08131215,0.7385176,0.03829846,0.6682165,14.51096,-6.055397,9.006989
06.12.2023 14:47:24,-0.003639354,0.7243817,-0.0161022,0.6892014,-1.049247,-2.836876,6.574249,-0.08136767,0.7384672,0.03838871,0.6682603,14.52322,-6.047966,9.004211
06.12.2023 14:47:24,-0.003650474,0.724379,-0.01601585,0.6892063,-1.041192,-2.836418,6.568359,-0.08130982,0.7383717,0.03858974,0.6683614,14.5365,-6.030617,8.982391
06.12.2023 14:47:24,-0.003771971,0.7244396,-0.01598608,0.6891426,-1.029262,-2.846596,6.575989,-0.08142506,0.7382601,0.03861048,0.6684693,14.54776,-6.013763,8.989258
06.12.2023 14:47:24,-0.003808088,0.7244744,-0.01596706,0.6891063,-1.02491,-2.852402,6.577454,-0.08150204,0.7381899,0.03850102,0.6685439,14.54474,-6.003052,9.003357
06.12.2023 14:47:24,-0.003869926,0.7244647,-0.01591294,0.6891173,-1.01551,-2.850845,6.578308,-0.08151435,0.7380016,0.03857386,0.6687459,14.55301,-5.970978,8.996155
06.12.2023 14:47:24,-0.004019672,0.7244623,-0.0158626,0.6891202,-0.9994978,-2.850555,6.586761,-0.08127477,0.7378644,0.03873788,0.668917,14.54944,-5.942688,8.960663
06.12.2023 14:47:24,-0.004083569,0.7243964,-0.01582946,0.6891899,-0.991547,-2.839653,6.589569,-0.08086798,0.7376795,0.03916886,0.6691452,14.55609,-5.903221,8.889435
06.12.2023 14:47:24,-0.004158812,0.7244017,-0.01581607,0.6891842,-0.9845048,-2.840591,6.594727,-0.0808213,0.7374141,0.03944542,0.669427,14.57761,-5.856979,8.860321
06.12.2023 14:47:24,-0.004199193,0.7242628,-0.01585456,0.6893289,-0.9841887,-2.817558,6.601318,-0.0809098,0.7372133,0.03933905,0.6696437,14.57648,-5.824036,8.873322
06.12.2023 14:47:24,-0.004373976,0.724227,-0.01589354,0.6893646,-0.973533,-2.811768,6.618958,-0.08143946,0.736939,0.03874882,0.6699158,14.56848,-5.786705,8.960907
06.12.2023 14:47:24,-0.004392067,0.7241334,-0.0159559,0.6894614,-0.9770597,-2.796219,6.625519,-0.08174282,0.7365735,0.03834046,0.6703042,14.55917,-5.729439,9.013489
06.12.2023 14:47:24,-0.004446886,0.7240891,-0.01599148,0.6895068,-0.9755768,-2.78891,6.632935,-0.08190174,0.7362472,0.03808109,0.6706579,14.55127,-5.676224,9.042603
06.12.2023 14:47:24,-0.00443018,0.7241042,-0.01604915,0.6894897,-0.9817189,-2.791405,6.636108,-0.08179766,0.7359018,0.03798364,0.6710551,14.53708,-5.614616,9.036072
06.12.2023 14:47:24,-0.004434675,0.7239926,-0.01598085,0.6896084,-0.9754304,-2.772873,6.631226,-0.08156364,0.7354959,0.03821739,0.6715152,14.54138,-5.540497,8.991882
06.12.2023 14:47:24,-0.004374216,0.7240345,-0.0159059,0.6895664,-0.974088,-2.779778,6.620239,-0.08114797,0.7350557,0.03866301,0.6720219,14.54984,-5.457169,8.9151
06.12.2023 14:47:24,-0.004485473,0.7239681,-0.01579703,0.689638,-0.9561037,-2.768845,6.620941,-0.08030619,0.7346459,0.03931278,0.6725332,14.54251,-5.370888,8.785919
06.12.2023 14:47:24,-0.004541772,0.7239866,-0.01577572,0.6896186,-0.9499297,-2.771973,6.623901,-0.07956178,0.7340826,0.03978658,0.6732086,14.52841,-5.260223,8.676636
06.12.2023 14:47:24,-0.004534953,0.7240043,-0.01584027,0.6895986,-0.9558668,-2.77491,6.628418,-0.07917866,0.7335441,0.03983817,0.6738373,14.50613,-5.160591,8.631714
06.12.2023 14:47:24,-0.004665508,0.7240335,-0.01588042,0.6895662,-0.9489505,-2.7799,6.642395,-0.07949348,0.7330337,0.03935473,0.6743838,14.49228,-5.078896,8.689148
06.12.2023 14:47:24,-0.004649648,0.7240052,-0.01590055,0.6895956,-0.9518071,-2.775169,6.6427,-0.07980853,0.7325933,0.03895237,0.6748484,14.48502,-5.009354,8.741364
06.12.2023 14:47:24,-0.004603037,0.7240033,-0.01593658,0.6895971,-0.9584765,-2.774811,6.641693,-0.07990482,0.7322621,0.03869417,0.6752112,14.47247,-4.954399,8.765015
06.12.2023 14:47:24,-0.00460245,0.7239771,-0.01588944,0.6896257,-0.9545485,-2.770454,6.637939,-0.07967713,0.7319497,0.03864355,0.6755797,14.45233,-4.89653,8.744781
06.12.2023 14:47:24,-0.004665577,0.7240393,-0.01580241,0.689562,-0.9424852,-2.780846,6.63623,-0.07905113,0.7315719,0.03886271,0.6760498,14.42444,-4.820068,8.668304
06.12.2023 14:47:25,-0.004619193,0.7240799,-0.01578751,0.6895199,-0.9450099,-2.787544,6.631134,-0.07848132,0.7311327,0.03923333,0.6765696,14.41391,-4.734596,8.584137
06.12.2023 14:47:25,-0.004688819,0.724076,-0.01580792,0.6895231,-0.9411927,-2.786972,6.638519,-0.07796249,0.7305392,0.03966017,0.6772455,14.41278,-4.624016,8.497864
06.12.2023 14:47:25,-0.004777033,0.7240734,-0.01584718,0.6895243,-0.937474,-2.786629,6.648956,-0.07779618,0.7298567,0.03964101,0.6780012,14.40176,-4.504707,8.475464
06.12.2023 14:47:25,-0.004799523,0.7241427,-0.01585949,0.6894512,-0.9368849,-2.798164,6.651703,-0.07767445,0.7292705,0.0394488,0.6786568,14.37912,-4.402565,8.471771
06.12.2023 14:47:25,-0.004901021,0.7241753,-0.01591109,0.689415,-0.9332268,-2.803703,6.664154,-0.07778872,0.728774,0.03894685,0.6792059,14.34833,-4.319931,8.513794
06.12.2023 14:47:25,-0.005013611,0.7242156,-0.0159758,0.6893703,-0.9298008,-2.810532,6.678558,-0.07791924,0.7284104,0.03844132,0.6796096,14.31787,-4.260223,8.559418
06.12.2023 14:47:25,-0.005110445,0.7243164,-0.01599287,0.6892633,-0.9238147,-2.827377,6.687805,-0.07853871,0.7283133,0.0382548,0.6796529,14.35092,-4.255432,8.625916
06.12.2023 14:47:25,-0.005235053,0.724308,-0.01596565,0.6892719,-0.9116913,-2.826118,6.696014,-0.07850282,0.7279981,0.03849795,0.6799809,14.37024,-4.201561,8.599487
06.12.2023 14:47:25,-0.005183245,0.7242867,-0.01596604,0.6892946,-0.9157642,-2.822533,6.691772,-0.07804187,0.7278412,0.03942492,0.6801488,14.41302,-4.167076,8.485352
06.12.2023 14:47:25,-0.005266144,0.7243666,-0.01604068,0.6892083,-0.9156096,-2.835907,6.704437,-0.07735515,0.7276371,0.04027025,0.6803961,14.43152,-4.120277,8.357452
06.12.2023 14:47:25,-0.005367576,0.7244131,-0.01595179,0.6891606,-0.900333,-2.84375,6.70578,-0.07648604,0.7274078,0.04143753,0.6806694,14.4628,-4.066208,8.188416
06.12.2023 14:47:25,-0.005347936,0.7244784,-0.01600232,0.689091,-0.9062412,-2.854584,6.708069,-0.07586525,0.7269812,0.04175854,0.6811748,14.44324,-3.982712,8.104034
06.12.2023 14:47:25,-0.005402051,0.7245547,-0.01602298,0.6890099,-0.9038734,-2.86734,6.714081,-0.07583513,0.7264469,0.04130348,0.6817756,14.40515,-3.891335,8.129608
06.12.2023 14:47:25,-0.005362424,0.7245367,-0.01608565,0.6890277,-0.9121631,-2.864296,6.715759,-0.07638528,0.7257192,0.04041592,0.682542,14.3772,-3.777763,8.236176
06.12.2023 14:47:25,-0.005392966,0.7246242,-0.0160979,0.6889351,-0.9109865,-2.878891,6.719147,-0.07673107,0.7248167,0.03979674,0.6834979,14.35678,-3.631348,8.301849
06.12.2023 14:47:25,-0.005421979,0.7246109,-0.01615936,0.6889475,-0.9137679,-2.876709,6.72644,-0.07646026,0.7236874,0.03964203,0.6847328,14.32803,-3.435883,8.275299
06.12.2023 14:47:25,-0.005354707,0.724645,-0.01623376,0.6889104,-0.9253445,-2.882301,6.726685,-0.07595358,0.7224028,0.03966092,0.686143,14.29584,-3.210533,8.213013
06.12.2023 14:47:25,-0.005395096,0.7246429,-0.01620441,0.6889129,-0.9197128,-2.882011,6.727722,-0.07551675,0.7215657,0.03967431,0.6870707,14.26645,-3.062012,8.16333
06.12.2023 14:47:25,-0.005236546,0.7246681,-0.01624482,0.6888866,-0.9356495,-2.886024,6.717712,-0.07511834,0.7203969,0.03969513,0.6883385,14.2421,-2.858894,8.111969
06.12.2023 14:47:25,-0.005206773,0.7246498,-0.01614812,0.6889085,-0.9299217,-2.882935,6.707611,-0.07488285,0.7190879,0.0396896,0.6897318,14.22888,-2.635666,8.074738
06.12.2023 14:47:25,-0.005191231,0.7246029,-0.01624794,0.6889555,-0.9393236,-2.875122,6.714294,-0.07477611,0.7179826,0.03973015,0.6908915,14.2287,-2.449226,8.047607
06.12.2023 14:47:25,-0.005136583,0.7246162,-0.01620818,0.6889428,-0.9403688,-2.877281,6.706573,-0.07478354,0.7169914,0.03984405,0.6919128,14.24307,-2.28418,8.025848
06.12.2023 14:47:25,-0.005054515,0.7245911,-0.0163194,0.6889673,-0.9560238,-2.873009,6.708588,-0.07456832,0.716118,0.04025206,0.6928163,14.26349,-2.135139,7.96347
06.12.2023 14:47:25,-0.0050401,0.7245687,-0.01636294,0.6889899,-0.960723,-2.869278,6.710876,-0.07402752,0.7152958,0.04084583,0.6936884,14.27295,-1.989128,7.859467
06.12.2023 14:47:25,-0.004943443,0.7245141,-0.01633964,0.6890486,-0.9662851,-2.8601,6.70108,-0.07341328,0.714581,0.04170721,0.6944387,14.29794,-1.860001,7.729401
06.12.2023 14:47:25,-0.00491923,0.7244884,-0.01643197,0.6890736,-0.9758015,-2.855797,6.70639,-0.07329014,0.7139447,0.04197004,0.69509,14.31226,-1.75238,7.689453
06.12.2023 14:47:25,-0.004968436,0.7245298,-0.01649672,0.6890282,-0.9773959,-2.862732,6.715546,-0.0732639,0.713156,0.04241274,0.695875,14.34964,-1.621346,7.641205
06.12.2023 14:47:25,-0.004849308,0.7244294,-0.01645789,0.6891355,-0.9833292,-2.845917,6.702728,-0.07254798,0.7122754,0.04293787,0.6968192,14.33884,-1.463341,7.527161
06.12.2023 14:47:25,-0.004822729,0.7244309,-0.01643598,0.6891347,-0.9836131,-2.846138,6.698792,-0.07187965,0.7112592,0.04368028,0.6978794,14.34985,-1.284126,7.397888
06.12.2023 14:47:25,-0.004862427,0.7244704,-0.01635798,0.6890947,-0.9740986,-2.852745,6.695862,-0.07115097,0.7101485,0.04440784,0.6990383,14.35477,-1.088654,7.263489
06.12.2023 14:47:25,-0.004861094,0.7243766,-0.01636876,0.6891931,-0.9748673,-2.837135,6.696747,-0.0706165,0.7088094,0.04479993,0.7004253,14.34811,-0.8591232,7.169281
06.12.2023 14:47:25,-0.004633581,0.7244406,-0.01640001,0.6891266,-0.9955887,-2.847557,6.680237,-0.0703975,0.7076248,0.04446559,0.7016653,14.30679,-0.6605759,7.162109
06.12.2023 14:47:25,-0.004479881,0.7243298,-0.0163944,0.6892442,-1.006994,-2.828987,6.667175,-0.07044137,0.7062846,0.04422504,0.7030251,14.29486,-0.4412308,7.167297
06.12.2023 14:47:25,-0.004347574,0.724299,-0.01634045,0.6892787,-1.012891,-2.823738,6.651978,-0.06987308,0.7048333,0.04461325,0.7045122,14.28485,-0.1941681,7.069397
06.12.2023 14:47:25,-0.004234968,0.7243288,-0.01623647,0.6892505,-1.013224,-2.828575,6.634369,-0.0693429,0.703486,0.04515537,0.7058754,14.28973,0.034729,6.963623
06.12.2023 14:47:25,-0.004243905,0.7242235,-0.01629864,0.6893597,-1.01743,-2.811081,6.640198,-0.06870965,0.7021119,0.04591309,0.7072552,14.30344,0.2691498,6.831451
06.12.2023 14:47:25,-0.004336885,0.724261,-0.01639664,0.6893173,-1.018309,-2.817413,6.655609,-0.06791878,0.7008387,0.04642942,0.7085595,14.284,0.48909,6.707336
06.12.2023 14:47:25,-0.004494273,0.7242179,-0.01677412,0.6893525,-1.037108,-2.810425,6.698547,-0.06700853,0.6993499,0.04723755,0.7100621,14.27838,0.7453918,6.546875
06.12.2023 14:47:25,-0.00461127,0.7242374,-0.01705291,0.6893245,-1.051057,-2.813797,6.730286,-0.0660993,0.6980392,0.04792822,0.7113896,14.26242,0.9721069,6.398529
06.12.2023 14:47:25,-0.004639725,0.724194,-0.01726368,0.6893646,-1.066197,-2.806641,6.749359,-0.06483464,0.6965567,0.04880448,0.7128978,14.23193,1.2313,6.203796
06.12.2023 14:47:25,-0.004475402,0.7242153,-0.01722887,0.6893442,-1.076344,-2.810005,6.732941,-0.06391329,0.6950503,0.04953665,0.7143993,14.21735,1.488464,6.048828
06.12.2023 14:47:25,-0.0042662,0.7242128,-0.01718809,0.6893492,-1.08948,-2.809387,6.712372,-0.06352405,0.693247,0.04962668,0.7161778,14.19507,1.784882,5.986328
06.12.2023 14:47:25,-0.004055863,0.7242677,-0.01700421,0.6892974,-1.090967,-2.818314,6.680298,-0.06339359,0.691543,0.04937233,0.7178523,14.16632,2.060692,5.974762
06.12.2023 14:47:25,-0.004025565,0.724349,-0.0169007,0.6892146,-1.084964,-2.831802,6.669464,-0.06300139,0.689877,0.04920328,0.7194996,14.12259,2.333519,5.935638
06.12.2023 14:47:25,-0.004038781,0.7243993,-0.01684802,0.689163,-1.079667,-2.840164,6.666321,-0.06273701,0.6878187,0.04919975,0.7214908,14.10297,2.666649,5.888367
06.12.2023 14:47:25,-0.00411212,0.7243978,-0.0168755,0.6891634,-1.076152,-2.839981,6.674591,-0.06209877,0.6862718,0.04946143,0.7229996,14.07242,2.922638,5.795624
06.12.2023 14:47:25,-0.004125965,0.724427,-0.01685913,0.689133,-1.073771,-2.844856,6.674377,-0.06067024,0.6846221,0.05028416,0.7246263,14.01993,3.205353,5.591614
06.12.2023 14:47:25,-0.004262284,0.7244325,-0.01683618,0.689127,-1.061112,-2.845894,6.683868,-0.05955183,0.6830698,0.05100596,0.726132,13.98444,3.467407,5.422424
06.12.2023 14:47:25,-0.004207698,0.7244472,-0.01682924,0.689112,-1.064883,-2.848282,6.678772,-0.05871178,0.6814844,0.05167032,0.7276416,13.9671,3.730247,5.279999
06.12.2023 14:47:25,-0.004288477,0.7243767,-0.01678005,0.6891868,-1.054246,-2.836639,6.681702,-0.05823855,0.6798981,0.05208999,0.7291319,13.96082,3.987701,5.187439
06.12.2023 14:47:25,-0.004302602,0.7243994,-0.01679926,0.6891623,-1.054782,-2.840431,6.684357,-0.05756094,0.678144,0.05234373,0.7307993,13.92401,4.273468,5.090698
06.12.2023 14:47:25,-0.004299933,0.7243512,-0.01693015,0.6892098,-1.065742,-2.83242,6.69455,-0.05681131,0.6764781,0.05206324,0.7324201,13.83902,4.544922,5.034729
06.12.2023 14:47:25,-0.00429286,0.7243308,-0.01703975,0.6892287,-1.075351,-2.829018,6.702667,-0.05642375,0.6748518,0.05149522,0.7339889,13.76208,4.804749,5.032562
06.12.2023 14:47:25,-0.004282987,0.7243374,-0.01704072,0.6892218,-1.076227,-2.830109,6.701904,-0.0560827,0.6731038,0.0511349,0.7356435,13.70529,5.082657,5.01535
06.12.2023 14:47:25,-0.004263182,0.7242916,-0.0171896,0.6892663,-1.090039,-2.822495,6.712097,-0.05552947,0.6714297,0.05110892,0.7372155,13.65628,5.351166,-0.04568675
06.12.2023 14:47:25,-0.004274189,0.724267,-0.01717288,0.6892926,-1.087721,-2.818413,6.711731,-0.05472827,0.6698009,0.05161754,0.7387201,13.6272,5.615402,-0.1708262
06.12.2023 14:47:25,-0.004340011,0.7242143,-0.01712622,0.6893486,-1.078516,-2.809715,6.713593,-0.05392067,0.6683859,0.05230768,0.7400113,13.61111,5.845932,-0.3092711
06.12.2023 14:47:25,-0.004343453,0.7242216,-0.01691422,0.6893462,-1.060663,-2.810905,6.697113,-0.05323107,0.6670248,0.05323748,0.7412221,13.62308,6.066551,-0.4583209
06.12.2023 14:47:25,-0.00434447,0.7242646,-0.01696913,0.6892996,-1.065247,-2.818069,6.701477,-0.05269091,0.6657532,0.05379996,0.7423624,13.6192,6.270714,-0.5632763
06.12.2023 14:47:25,-0.004399038,0.724245,-0.01685463,0.6893228,-1.051382,-2.814842,6.696991,-0.05254009,0.6644429,0.05414921,0.7435207,13.63199,6.476051,-0.620237
06.12.2023 14:47:25,-0.00451419,0.7242445,-0.01679989,0.6893238,-1.037739,-2.814865,6.702209,-0.05272938,0.6630744,0.05455507,0.7446983,13.6781,6.686508,-0.6565282
06.12.2023 14:47:25,-0.00446058,0.7242516,-0.01687407,0.6893149,-1.048151,-2.81601,6.703613,-0.05247723,0.6615742,0.05546869,0.7459819,13.72473,6.922478,-0.7722611
06.12.2023 14:47:25,-0.004356496,0.7242658,-0.01690261,0.6892999,-1.058777,-2.818268,6.697205,-0.05182908,0.660037,0.05638045,0.7473193,13.7366,7.167915,-0.9188486
06.12.2023 14:47:25,-0.004360451,0.724201,-0.01689185,0.6893682,-1.057412,-2.807495,6.696777,-0.05037966,0.6585457,0.05751738,0.7486463,13.69583,7.414246,-1.145738
06.12.2023 14:47:25,-0.004312851,0.7241901,-0.01674063,0.6893837,-1.048593,-2.805626,6.680908,-0.04894502,0.6569715,0.05814031,0.7500751,13.61636,7.671455,-1.327647
06.12.2023 14:47:25,-0.004350203,0.7242367,-0.01666744,0.6893363,-1.03968,-2.813416,6.678131,-0.04816557,0.655485,0.05828327,0.7514138,13.55695,7.907288,-1.416568
06.12.2023 14:47:25,-0.004319059,0.7242361,-0.01669156,0.6893365,-1.044141,-2.813286,6.67746,-0.04757665,0.6539274,0.05845811,0.7527936,13.51599,8.151688,-1.494326
06.12.2023 14:47:25,-0.004353748,0.7242668,-0.01676096,0.6893024,-1.047237,-2.81842,6.685791,-0.04716537,0.6523675,0.05884041,0.7541418,13.50583,8.394608,-1.576539
06.12.2023 14:47:25,-0.004413198,0.7242001,-0.01680166,0.689371,-1.045756,-2.807396,6.694031,-0.04672151,0.6508356,0.05995391,0.7554043,13.54739,8.634323,-1.724698
06.12.2023 14:47:25,-0.004519857,0.7242121,-0.01683703,0.689357,-1.040295,-2.809486,6.705658,-0.04611405,0.6495166,0.06164211,0.7564403,13.61768,8.843681,-1.933201
06.12.2023 14:47:25,-0.004523801,0.7242792,-0.0168142,0.6892869,-1.038254,-2.820656,6.704071,-0.04555532,0.6481154,0.06285691,0.7575752,13.65591,9.063942,-2.097746
06.12.2023 14:47:25,-0.004571265,0.7242258,-0.0167654,0.6893439,-1.030321,-2.811806,6.704254,-0.0454931,0.646742,0.06354031,0.7586948,13.69757,9.274437,-2.178216
06.12.2023 14:47:25,-0.004527765,0.7243024,-0.0167841,0.6892632,-1.035499,-2.824509,6.701996,-0.04535041,0.6457181,0.06340382,0.7595864,13.67197,9.430794,-2.188704
06.12.2023 14:47:25,-0.004620309,0.724269,-0.01671376,0.6892995,-1.022266,-2.819031,6.704163,-0.0451422,0.6448161,0.0629409,0.7604031,13.61667,9.568405,-2.173878
06.12.2023 14:47:25,-0.004607579,0.7242433,-0.01669547,0.689327,-1.02169,-2.814751,6.701721,-0.04480048,0.6439288,0.06257439,0.7612051,13.55692,9.70491,-2.177199
06.12.2023 14:47:25,-0.004667651,0.7242842,-0.01662242,0.6892855,-1.010981,-2.821602,6.700867,-0.04446049,0.6433907,0.06204438,0.7617232,13.48618,9.788094,-2.161903
06.12.2023 14:47:25,-0.004683608,0.72426,-0.01665271,0.68931,-1.012175,-2.817596,6.70462,-0.04391603,0.6428493,0.0621428,0.7622037,13.444,9.874535,-2.217186
06.12.2023 14:47:25,-0.004680304,0.7242243,-0.01672802,0.6893457,-1.0186,-2.811668,6.710358,-0.04350523,0.6422904,0.06237499,0.7626793,13.4234,9.962692,-2.274457
06.12.2023 14:47:25,-0.004738631,0.7242125,-0.01671201,0.6893581,-1.012633,-2.809769,6.713928,-0.04331804,0.6418352,0.06260139,0.7630545,13.42227,10.03334,-2.313418
06.12.2023 14:47:25,-0.004721869,0.7241788,-0.01679685,0.6893916,-1.020916,-2.804153,6.719299,-0.0431908,0.6412184,0.06306392,0.7635421,13.44336,10.1283,-2.370588
06.12.2023 14:47:25,-0.004755132,0.7241312,-0.01689614,0.6894389,-1.026412,-2.796288,6.72998,-0.04276728,0.6407089,0.06364535,0.7639453,13.44733,10.20956,-2.459079
06.12.2023 14:47:25,-0.00475589,0.7241261,-0.01696385,0.6894426,-1.031959,-2.795441,6.735413,-0.04235172,0.6403614,0.06381431,0.7642456,13.422,10.26545,-2.508684
06.12.2023 14:47:25,-0.004822368,0.7240204,-0.0170492,0.689551,-1.033523,-2.777954,6.747833,-0.04226851,0.6398755,0.06408829,0.7646343,13.43323,10.33984,-2.544486
06.12.2023 14:47:25,-0.004808078,0.7240384,-0.01711638,0.6895306,-1.040274,-2.78093,6.751923,-0.04204214,0.6394096,0.06409545,0.7650357,13.41223,10.4117,-2.567033
06.12.2023 14:47:25,-0.004833802,0.7240151,-0.01712495,0.6895546,-1.038892,-2.7771,6.754761,-0.0421151,0.6389414,0.06416698,0.7654167,13.42236,10.48176,-2.573158
06.12.2023 14:47:25,-0.004803799,0.7239726,-0.01719068,0.6895978,-1.046611,-2.770004,6.757538,-0.04190032,0.6386588,0.06400888,0.7656776,13.39078,10.52555,-2.578137
06.12.2023 14:47:25,-0.004758442,0.7239702,-0.01717018,0.6896012,-1.048488,-2.769547,6.752167,-0.04170716,0.6383268,0.06349061,0.7660081,13.33447,10.57587,-2.550101
06.12.2023 14:47:25,-0.004775563,0.7239417,-0.01715875,0.6896312,-1.046114,-2.764847,6.752716,-0.04184957,0.6380673,0.06299905,0.7662571,13.31009,10.61282,-2.498833
06.12.2023 14:47:25,-0.004695006,0.723986,-0.01718183,0.6895847,-1.054508,-2.772118,6.747803,-0.0420348,0.6378416,0.06269898,0.7664594,13.30368,10.64474,-2.461008
06.12.2023 14:47:25,-0.004640192,0.7239913,-0.0171504,0.6895804,-1.056245,-2.772934,6.740753,-0.0419431,0.6376026,0.06299562,0.766639,13.31659,10.68193,-2.496699
06.12.2023 14:47:26,-0.004641661,0.7239628,-0.01703675,0.689613,-1.046626,-2.768204,6.731934,-0.04127467,0.6374884,0.06391831,0.7666938,13.3248,10.70586,-2.629116
06.12.2023 14:47:26,-0.004524402,0.7240159,-0.01700656,0.6895588,-1.05352,-2.776901,6.719727,-0.04043556,0.6374858,0.06504752,0.7666457,13.3334,10.71458,-2.791224
06.12.2023 14:47:26,-0.004497859,0.7239666,-0.01688476,0.6896138,-1.045387,-2.768677,6.707977,-0.03993491,0.6376113,0.06571532,0.7665106,13.33859,10.70059,-2.886026
06.12.2023 14:47:26,-0.004483379,0.7240546,-0.01672198,0.6895254,-1.033239,-2.783272,6.693787,-0.03983229,0.6376538,0.06605881,0.7664511,13.35489,10.69563,-2.923616
06.12.2023 14:47:26,-0.004420084,0.7240164,-0.01659365,0.689569,-1.027497,-2.776855,6.678436,-0.04025034,0.6376495,0.06592087,0.7664447,13.38177,10.69308,-2.880611
06.12.2023 14:47:26,-0.004522925,0.7240555,-0.01659046,0.6895273,-1.019201,-2.783455,6.686646,-0.041251,0.6375859,0.06502383,0.766521,13.40424,10.69365,-2.727922
06.12.2023 14:47:26,-0.004514654,0.723999,-0.01652901,0.6895883,-1.014616,-2.77404,6.681213,-0.04184581,0.6374596,0.06404324,0.7666764,13.38443,10.70625,-2.598417
06.12.2023 14:47:26,-0.004462813,0.723917,-0.01648676,0.6896757,-1.015008,-2.760376,6.673676,-0.04184302,0.6373712,0.06406504,0.7667482,13.3855,10.7196,-2.601531
06.12.2023 14:47:26,-0.004309291,0.723884,-0.01647773,0.6897114,-1.026314,-2.754753,6.660278,-0.04109496,0.6374208,0.06526623,0.7666462,13.40762,10.72009,-2.762765
06.12.2023 14:47:26,-0.004208627,0.7238376,-0.01658405,0.6897582,-1.042981,-2.746964,6.6604,-0.04048367,0.6376765,0.06610784,0.7663938,13.41626,10.68776,-2.879714
06.12.2023 14:47:26,-0.004137306,0.7237332,-0.01662232,0.6898673,-1.051543,-2.729561,6.657684,-0.04031147,0.6381986,0.06669106,0.7659177,13.44586,10.61171,-2.938396
06.12.2023 14:47:26,-0.004273925,0.7237404,-0.01670261,0.6898569,-1.04742,-2.730881,6.675354,-0.04073865,0.6388556,0.06648644,0.7653649,13.4711,10.50945,-2.881414
06.12.2023 14:47:26,-0.004387466,0.7237814,-0.01701506,0.6898056,-1.064466,-2.737816,6.709412,-0.04160139,0.6396083,0.06604899,0.7647275,13.51791,10.38899,-2.770467
06.12.2023 14:47:26,-0.004481146,0.7237368,-0.01729305,0.689845,-1.080011,-2.730507,6.739227,-0.04248301,0.6405411,0.06516304,0.7639739,13.53369,10.24006,-2.616281
06.12.2023 14:47:26,-0.004491657,0.7237642,-0.01757386,0.689809,-1.102547,-2.7351,6.762268,-0.04308788,0.6413999,0.06457627,0.763269,13.5466,10.1047,-2.509858
06.12.2023 14:47:26,-0.00430833,0.723827,-0.01757284,0.6897443,-1.117115,-2.745361,6.746887,-0.04326234,0.6426599,0.06385983,0.7622589,13.51303,9.911674,-2.419438
06.12.2023 14:47:26,-0.004081117,0.7238168,-0.01748881,0.6897585,-1.128079,-2.743454,6.721405,-0.04348455,0.6441726,0.06334838,0.7610111,13.49939,9.680168,-2.340788
06.12.2023 14:47:26,-0.003918355,0.7238655,-0.01735031,0.6897118,-1.129574,-2.751404,6.696899,-0.04389213,0.6454296,0.06291396,0.759958,13.50671,9.485703,-2.25797
06.12.2023 14:47:26,-0.003760728,0.7239292,-0.01719652,0.6896498,-1.129427,-2.761833,6.671539,-0.04491037,0.6474068,0.06246296,0.7582519,13.56808,9.176407,-2.119714
06.12.2023 14:47:26,-0.003743961,0.7239985,-0.01707337,0.6895801,-1.120701,-2.773331,6.660309,-0.04615061,0.6494531,0.06250213,0.756422,13.68506,8.854553,-2.006458
06.12.2023 14:47:26,-0.003835369,0.7239882,-0.01714132,0.6895888,-1.119091,-2.771698,6.673279,-0.04707001,0.6515247,0.06276963,0.7545595,13.79074,8.530884,-1.936348
06.12.2023 14:47:26,-0.00392898,0.723932,-0.01717169,0.6896465,-1.114075,-2.762436,6.683533,-0.04800536,0.6535212,0.06300561,0.7527522,13.89496,8.21743,-1.862502
06.12.2023 14:47:26,-0.003906133,0.7238979,-0.01713737,0.6896831,-1.112951,-2.756767,6.678986,-0.04900572,0.6558698,0.06258146,0.7506776,13.95541,7.847145,-1.72145
06.12.2023 14:47:26,-0.003958133,0.7238636,-0.01722509,0.6897167,-1.116035,-2.751114,6.690277,-0.04997897,0.6582083,0.06172026,0.7486352,13.97952,7.476692,-1.544254
06.12.2023 14:47:26,-0.003951116,0.7238372,-0.01721214,0.6897448,-1.11545,-2.746712,6.688721,-0.05084343,0.6606697,0.06088965,0.7464737,13.99582,7.08712,-1.376323
06.12.2023 14:47:26,-0.003918033,0.7237607,-0.01722565,0.6898249,-1.119,-2.733986,6.687164,-0.05175491,0.6632383,0.06010305,0.7441936,14.01868,6.67923,-1.207045
06.12.2023 14:47:26,-0.00387032,0.7237231,-0.01733398,0.689862,-1.131667,-2.727692,6.691833,-0.05269885,0.6656377,0.05925043,0.7420504,14.03796,6.295723,-1.031403
06.12.2023 14:47:26,-0.003801013,0.7235854,-0.01736391,0.690006,-1.139293,-2.704788,6.68869,-0.05383299,0.6680071,0.05858783,0.7398892,14.08707,5.913689,-0.8573583
06.12.2023 14:47:26,-0.003745675,0.7235202,-0.01735628,0.6900749,-1.142877,-2.693909,6.683594,-0.05519965,0.6704237,0.05778199,0.7376627,14.14389,5.519958,-0.6518977
06.12.2023 14:47:26,-0.003574762,0.7235163,-0.01748694,0.6900765,-1.167222,-2.693146,6.679779,-0.05676368,0.6730592,0.05697734,0.7352026,14.2164,5.087868,-0.4277464
06.12.2023 14:47:26,-0.003563019,0.7235382,-0.01731923,0.6900579,-1.154294,-2.696754,6.665497,-0.05804455,0.6754552,0.05666544,0.7329258,14.30179,4.695419,-0.2699848
06.12.2023 14:47:26,-0.003460163,0.7235487,-0.01720582,0.6900502,-1.153048,-2.698418,6.64798,-0.05899805,0.6778127,0.05666621,0.7306697,14.38306,4.311813,-0.1643059
06.12.2023 14:47:26,-0.003581097,0.7235373,-0.01704291,0.6900656,-1.129945,-2.696609,6.645142,-0.05982967,0.6801938,0.05639764,0.7284066,14.43237,3.924332,-0.04468102
06.12.2023 14:47:26,-0.003637216,0.7235607,-0.01707108,0.6900401,-1.127899,-2.700539,6.651978,-0.06087293,0.6826416,0.05618335,0.726043,14.50299,3.522072,5.088623
06.12.2023 14:47:26,-0.003756595,0.7235883,-0.01703068,0.6900115,-1.115174,-2.7052,6.65863,-0.06176212,0.6849341,0.05589801,0.7238275,14.55435,3.144974,5.214111
06.12.2023 14:47:26,-0.003900857,0.72363,-0.01700129,0.6899678,-1.101428,-2.712234,6.668213,-0.06272068,0.6871876,0.05564728,0.7216251,14.61356,2.771782,5.342224
06.12.2023 14:47:26,-0.003873307,0.7236922,-0.01695824,0.6899036,-1.100186,-2.722557,6.662415,-0.06382327,0.6894341,0.05517162,0.7194188,14.66608,2.396126,5.501068
06.12.2023 14:47:26,-0.003792964,0.7236106,-0.01678907,0.6899938,-1.09231,-2.708923,6.642517,-0.06486776,0.6918017,0.05468428,0.717086,14.71182,2.000343,5.658295
06.12.2023 14:47:26,-0.003814362,0.7236314,-0.01668306,0.6899744,-1.081874,-2.712379,6.635864,-0.06593771,0.6940693,0.05430953,0.7148221,14.76785,1.618805,5.807434
06.12.2023 14:47:26,-0.003727929,0.7236427,-0.0165258,0.6899669,-1.075692,-2.714172,6.616241,-0.06712183,0.6965086,0.05394783,0.7123624,14.83319,1.206177,5.967712
06.12.2023 14:47:26,-0.003836688,0.7236949,-0.01638598,0.6899149,-1.055615,-2.722923,6.614105,-0.06811403,0.6987277,0.0537463,0.7101067,14.89508,0.8305817,6.09671
06.12.2023 14:47:26,-0.003929835,0.7236732,-0.01645383,0.6899355,-1.053828,-2.719398,6.627228,-0.06909549,0.700877,0.05343044,0.7079142,14.94623,0.4650574,6.233673
06.12.2023 14:47:26,-0.004019332,0.7237114,-0.01649278,0.689894,-1.050073,-2.725815,6.637695,-0.07003361,0.7031826,0.05301998,0.7055625,14.98508,0.07324219,6.377472
06.12.2023 14:47:26,-0.004024412,0.7236797,-0.01663125,0.6899238,-1.061082,-2.720573,6.649109,-0.07129205,0.7053509,0.05257225,0.703302,15.04626,-0.3028641,6.549347
06.12.2023 14:47:26,-0.004182784,0.7237276,-0.01662529,0.6898728,-1.04818,-2.728661,6.661682,-0.07247629,0.7075589,0.05218459,0.7009881,15.10529,-0.6858749,6.711334
06.12.2023 14:47:26,-0.004175673,0.7237834,-0.01661587,0.6898145,-1.048096,-2.73793,6.660278,-0.07363138,0.709568,0.05161973,0.6988756,15.14697,-1.037094,6.882813
06.12.2023 14:47:26,-0.004096743,0.7238076,-0.01660922,0.6897898,-1.053842,-2.741882,6.653168,-0.07472338,0.7116789,0.05118531,0.6966417,15.19308,-1.405495,7.040405
06.12.2023 14:47:26,-0.00414573,0.7238024,-0.0165689,0.6897959,-1.046612,-2.741058,6.654053,-0.07577175,0.713523,0.05068962,0.6946757,15.23059,-1.730179,7.195709
06.12.2023 14:47:26,-0.004128739,0.7238026,-0.0165783,0.6897957,-1.048735,-2.741058,6.653381,-0.07661585,0.7152036,0.0504491,0.6928699,15.27264,-2.025192,7.31131
06.12.2023 14:47:26,-0.004233578,0.7238529,-0.01644147,0.6897454,-1.029215,-2.749519,6.651184,-0.07732546,0.7171133,0.05016472,0.6908349,15.29904,-2.356888,7.422729
06.12.2023 14:47:26,-0.004244736,0.7238468,-0.01644229,0.6897518,-1.028387,-2.748505,6.652191,-0.07809249,0.7185577,0.04978635,0.6892733,15.32333,-2.61274,7.539734
06.12.2023 14:47:26,-0.004368224,0.7238843,-0.01650697,0.6897101,-1.024082,-2.754852,6.66748,-0.07877873,0.7202064,0.04943803,0.6874974,15.34247,-2.902077,7.650787
06.12.2023 14:47:26,-0.004346834,0.7238646,-0.01640333,0.6897333,-1.017126,-2.751556,6.657532,-0.07927368,0.7217236,0.04949337,0.6858435,15.38022,-3.166771,7.711792
06.12.2023 14:47:26,-0.004412763,0.7239116,-0.01650952,0.6896811,-1.020839,-2.759438,6.671326,-0.07958364,0.7231291,0.04964192,0.6843146,15.41144,-3.409836,7.748199
06.12.2023 14:47:26,-0.004438362,0.7239342,-0.016562,0.6896559,-1.023226,-2.763222,6.677582,-0.0803901,0.7246783,0.04939187,0.6825975,15.44751,-3.687141,7.860931
06.12.2023 14:47:26,-0.004431614,0.7239172,-0.01662551,0.6896724,-1.028988,-2.760384,6.682068,-0.08148225,0.7259908,0.04895157,0.6811033,15.49051,-3.930702,8.009766
06.12.2023 14:47:26,-0.004536774,0.7239577,-0.0166737,0.689628,-1.024775,-2.76722,6.69455,-0.0824331,0.7271337,0.04851223,0.6798,15.52274,-4.143364,8.143951
06.12.2023 14:47:26,-0.004518094,0.7240224,-0.01679744,0.6895571,-1.036679,-2.777969,6.702667,-0.083418,0.728386,0.04807772,0.6783685,15.55707,-4.375984,8.282623
06.12.2023 14:47:26,-0.004250447,0.7241508,-0.01740997,0.6894088,-1.108989,-2.799103,6.728699,-0.08654981,0.7358733,0.04906552,0.6697702,15.84479,-5.726669,8.599121
06.12.2023 14:47:26,-0.00422935,0.7241327,-0.01741821,0.6894277,-1.111294,-2.796074,6.727631,-0.08684327,0.736209,0.04876031,0.6693856,15.83951,-5.790482,8.653809
06.12.2023 14:47:26,-0.004218763,0.7241563,-0.01737718,0.6894041,-1.108784,-2.799973,6.72345,-0.08658441,0.7366263,0.04870658,0.6689638,15.81281,-5.856758,8.642029
06.12.2023 14:47:26,-0.004218008,0.72414,-0.01728571,0.6894234,-1.10121,-2.797272,6.716187,-0.08531538,0.7363379,0.04888854,0.6694309,15.73242,-5.779823,8.512054
06.12.2023 14:47:26,-0.004211049,0.7241327,-0.01728343,0.6894312,-1.101552,-2.796043,6.715454,-0.08482867,0.7361963,0.04868406,0.6696634,15.67834,-5.744644,8.482819
06.12.2023 14:47:26,-0.004156639,0.7241637,-0.01727026,0.6893994,-1.104836,-2.801147,6.709839,-0.08461976,0.7360942,0.04824097,0.6698341,15.62512,-5.72187,8.496918
06.12.2023 14:47:26,-0.004007213,0.7241737,-0.01715526,0.6893926,-1.10712,-2.802666,6.688324,-0.08516653,0.7360851,0.04693891,0.6698674,15.55637,-5.729881,8.644745
06.12.2023 14:47:26,-0.003816962,0.7241694,-0.01709925,0.6893996,-1.117493,-2.801788,6.668121,-0.08596422,0.7364013,0.04527882,0.6695321,15.47452,-5.798882,8.847168
06.12.2023 14:47:26,-0.003722477,0.7241163,-0.01698919,0.6894586,-1.115695,-2.792885,6.651672,-0.08663161,0.7370274,0.04428286,0.6688234,15.43719,-5.919739,8.991974
06.12.2023 14:47:26,-0.003695925,0.724097,-0.01701606,0.6894783,-1.119976,-2.789658,6.651611,-0.0865921,0.7377286,0.04386178,0.6680827,15.39407,-6.039253,9.031799
06.12.2023 14:47:26,-0.003671892,0.7240996,-0.01703924,0.6894751,-1.123806,-2.790085,6.651459,-0.08574347,0.7385108,0.04473011,0.6672699,15.39862,-6.157501,8.903076
06.12.2023 14:47:26,-0.003751407,0.724063,-0.01716836,0.68951,-1.128151,-2.784065,6.668335,-0.08511528,0.7394277,0.04531763,0.6662946,15.39551,-6.30368,8.817352
06.12.2023 14:47:26,-0.003861097,0.724058,-0.01729478,0.6895114,-1.129964,-2.78334,6.687439,-0.08447721,0.7404943,0.0463132,0.6651217,15.42593,-6.476677,8.702057
06.12.2023 14:47:26,-0.003796269,0.7240164,-0.01757557,0.6895485,-1.158289,-2.776382,6.704315,-0.08455807,0.7410413,0.04656006,0.6644847,15.4502,-6.573837,8.699036
06.12.2023 14:47:26,-0.003743009,0.7239905,-0.0177525,0.6895714,-1.177118,-2.772057,6.713928,-0.085214,0.7413387,0.04624013,0.6640914,15.47107,-6.639053,8.78595
06.12.2023 14:47:26,-0.003629561,0.7239349,-0.01775544,0.6896302,-1.186191,-2.762749,6.704865,-0.08605837,0.7414033,0.04559629,0.6639549,15.47977,-6.667458,8.910492
06.12.2023 14:47:26,-0.003508385,0.7239171,-0.01765584,0.6896521,-1.18746,-2.759689,6.686951,-0.0866596,0.7414284,0.04492297,0.6638946,15.46762,-6.683739,9.015198
06.12.2023 14:47:26,-0.003455254,0.7239252,-0.01766217,0.6896437,-1.192205,-2.760986,6.683044,-0.08668958,0.7415364,0.04452022,0.6637971,15.43472,-6.702431,9.050201
06.12.2023 14:47:26,-0.00337207,0.7239134,-0.0176085,0.6896579,-1.194297,-2.758972,6.671906,-0.08635706,0.7413955,0.0444731,0.6640011,15.40625,-6.670547,9.022186
06.12.2023 14:47:26,-0.003461542,0.7238752,-0.01751192,0.6897001,-1.179118,-2.752663,6.671753,-0.08635594,0.7411743,0.04448919,0.664247,15.40891,-6.632118,9.017365
06.12.2023 14:47:26,-0.003445962,0.7238274,-0.01747288,0.6897512,-1.176995,-2.74472,6.66745,-0.08652422,0.7412474,0.04450409,0.6641426,15.42255,-6.648521,9.032227
06.12.2023 14:47:26,-0.003403666,0.7238355,-0.01743747,0.6897438,-1.17742,-2.746033,6.661133,-0.08684808,0.7411196,0.04455429,0.6642396,15.45224,-6.633522,9.054962
06.12.2023 14:47:26,-0.003420109,0.723811,-0.01743378,0.6897696,-1.175754,-2.741966,6.662262,-0.08714881,0.7409984,0.04458832,0.6643331,15.47879,-6.619164,9.076996
06.12.2023 14:47:26,-0.00334302,0.7238216,-0.01737358,0.6897604,-1.176879,-2.74366,6.651093,-0.08712134,0.7408304,0.04471641,0.6645154,15.48871,-6.589607,9.062134
06.12.2023 14:47:26,-0.003300747,0.7238146,-0.01739255,0.6897674,-1.181779,-2.742485,6.649078,-0.08684188,0.7405835,0.04510897,0.6648005,15.50253,-6.541306,9.003662
06.12.2023 14:47:26,-0.00326542,0.7238321,-0.01751969,0.689746,-1.195162,-2.745377,6.656189,-0.0866539,0.7405615,0.04522289,0.6648418,15.49811,-6.533554,8.978058
06.12.2023 14:47:27,-0.003164593,0.7238146,-0.01755754,0.6897638,-1.206232,-2.742409,6.650848,-0.08664584,0.7404466,0.04538326,0.66496,15.5119,-6.513725,8.963287
06.12.2023 14:47:27,-0.003058105,0.7238116,-0.01764057,0.6897654,-1.221532,-2.741844,6.64859,-0.08656748,0.7403057,0.04542417,0.6651242,15.51028,-6.487633,8.951019
06.12.2023 14:47:27,-0.003014927,0.7238554,-0.0176245,0.68972,-1.223718,-2.7491,6.643646,-0.08651035,0.7402803,0.04533538,0.6651661,15.49847,-6.481789,8.952332
06.12.2023 14:47:27,-0.002894184,0.7238529,-0.01783899,0.6897176,-1.251054,-2.748634,6.650604,-0.08666126,0.7400891,0.04536548,0.6653571,15.51367,-6.451988,8.960297
06.12.2023 14:47:27,-0.00282668,0.7238854,-0.01775891,0.6896858,-1.249823,-2.75399,6.638611,-0.08639371,0.7399559,0.04560477,0.6655236,15.51456,-6.423454,8.916351
06.12.2023 14:47:27,-0.002808335,0.723916,-0.0177398,0.6896543,-1.24976,-2.759056,6.635529,-0.08620349,0.7398735,0.04565686,0.6656363,15.50497,-6.405106,8.894287
06.12.2023 14:47:27,-0.002826626,0.7239377,-0.01779325,0.6896301,-1.252801,-2.762672,6.641235,-0.08618143,0.7398671,0.04543422,0.6656615,15.48428,-6.403114,8.909241
06.12.2023 14:47:27,-0.002990965,0.7239112,-0.01788161,0.689655,-1.247079,-2.758369,6.661896,-0.08628412,0.7397213,0.04516904,0.6658283,15.47031,-6.379608,8.936218
06.12.2023 14:47:27,-0.003067859,0.7239512,-0.01798426,0.6896099,-1.249617,-2.765083,6.676331,-0.08628779,0.7397105,0.0449728,0.6658531,15.45386,-6.377464,8.951324
06.12.2023 14:47:27,-0.003198816,0.7240032,-0.01799228,0.6895545,-1.240059,-2.773804,6.687714,-0.08619424,0.7396399,0.04501069,0.665941,15.45038,-6.363258,8.939087
06.12.2023 14:47:27,-0.003177389,0.7239211,-0.01811311,0.6896377,-1.251579,-2.760155,6.695648,-0.0860811,0.7395231,0.04495795,0.666089,15.43793,-6.340454,8.931305
06.12.2023 14:47:27,-0.003215597,0.7240172,-0.01802695,0.6895388,-1.241644,-2.776138,6.691833,-0.0860476,0.7394371,0.04502502,0.6661842,15.44162,-6.324944,8.921875
06.12.2023 14:47:27,-0.003213491,0.7240294,-0.01802951,0.689526,-1.242053,-2.77816,6.691833,-0.08577793,0.7392008,0.04516105,0.666472,15.43402,-6.278412,8.884033
06.12.2023 14:47:27,-0.003244424,0.7240798,-0.01801677,0.6894732,-1.238675,-2.786568,6.693298,-0.08560723,0.7389962,0.04501095,0.6667309,15.40936,-6.239037,8.877258
06.12.2023 14:47:27,-0.003374168,0.7241035,-0.01804193,0.689447,-1.230569,-2.790596,6.706024,-0.08555332,0.7386989,0.04461236,0.667094,15.37292,-6.185738,8.898315
06.12.2023 14:47:27,-0.003444146,0.7241793,-0.01793159,0.68937,-1.216067,-2.803223,6.702972,-0.08589755,0.738389,0.04414093,0.6674241,15.36081,-6.138771,8.959778
06.12.2023 14:47:27,-0.003438172,0.7242125,-0.01805576,0.6893319,-1.22693,-2.808746,6.712219,-0.08587798,0.7381866,0.04353829,0.66769,15.30911,-6.102371,9.001007
06.12.2023 14:47:27,-0.003484989,0.7241776,-0.0179387,0.6893713,-1.213426,-2.802979,6.706909,-0.08596264,0.7383277,0.04309442,0.6675519,15.27686,-6.127846,9.044617
06.12.2023 14:47:27,-0.003441751,0.7241406,-0.01787442,0.6894121,-1.211415,-2.796791,6.698334,-0.08589501,0.7385312,0.04276888,0.6673564,15.24268,-6.161018,9.066742
06.12.2023 14:47:27,-0.003510773,0.7241434,-0.01792234,0.6894076,-1.209947,-2.79731,6.707825,-0.08551829,0.7386544,0.04257694,0.6672807,15.19675,-6.173874,9.050232
06.12.2023 14:47:27,-0.003480704,0.7241543,-0.0179086,0.6893966,-1.211209,-2.799103,6.704224,-0.08479701,0.738889,0.04281409,0.6670977,15.16046,-6.199387,8.972351
06.12.2023 14:47:27,-0.003562305,0.7241253,-0.01789485,0.689427,-1.203548,-2.794342,6.709961,-0.08411408,0.7391183,0.04331069,0.6668982,15.14935,-6.225334,8.87793
06.12.2023 14:47:27,-0.003699702,0.724047,-0.01782209,0.6895105,-1.186457,-2.781418,6.715759,-0.08356726,0.7390628,0.04389071,0.6669904,15.15741,-6.205162,8.784729
06.12.2023 14:47:27,-0.003716359,0.7240726,-0.01783638,0.6894832,-1.18639,-2.785683,6.718201,-0.08349318,0.7388914,0.04412999,0.6671739,15.17316,-6.174347,8.757294
06.12.2023 14:47:27,-0.003902327,0.7240643,-0.01772339,0.6894937,-1.162295,-2.784447,6.724731,-0.08343297,0.7388293,0.04406333,0.6672546,15.16321,-6.162224,8.756165
06.12.2023 14:47:27,-0.003924517,0.7240357,-0.01759568,0.689527,-1.149871,-2.779694,6.716522,-0.08385068,0.738775,0.04349062,0.6672999,15.14655,-6.160683,8.835785
06.12.2023 14:47:27,-0.003980355,0.7241148,-0.01758625,0.6894436,-1.144873,-2.7929,6.720276,-0.08425924,0.7387025,0.04276336,0.6673756,15.11612,-6.155609,8.926178
06.12.2023 14:47:27,-0.003918455,0.7240953,-0.01751084,0.6894665,-1.143456,-2.789597,6.709198,-0.0843387,0.7386166,0.04244999,0.6674807,15.09598,-6.141937,8.955811
06.12.2023 14:47:27,-0.003953503,0.7240394,-0.01743416,0.689527,-1.134183,-2.780327,6.706146,-0.08368257,0.7386447,0.04220635,0.6675476,15.02484,-6.13253,8.917328
06.12.2023 14:47:27,-0.003867057,0.7240524,-0.01732864,0.6895165,-1.132289,-2.782402,6.690613,-0.0830599,0.7386798,0.04227296,0.6675823,14.9827,-6.125648,8.858154
06.12.2023 14:47:27,-0.003826298,0.7240474,-0.01732894,0.6895218,-1.135523,-2.781555,6.687256,-0.08217617,0.7389225,0.04270021,0.667396,14.95023,-6.149902,8.751648
06.12.2023 14:47:27,-0.003825629,0.7240604,-0.01726144,0.68951,-1.130005,-2.783699,6.681854,-0.08149814,0.7392216,0.0429213,0.6671336,14.91559,-6.188004,8.67981
06.12.2023 14:47:27,-0.003772554,0.7240365,-0.01731599,0.6895341,-1.138669,-2.779678,6.681793,-0.08110334,0.7394854,0.0433924,0.6668589,14.92419,-6.226295,8.613129
06.12.2023 14:47:27,-0.003684739,0.7239874,-0.01727197,0.6895872,-1.141836,-2.771454,6.671112,-0.08095235,0.7398751,0.04354436,0.666435,14.92352,-6.290878,8.594116
06.12.2023 14:47:27,-0.003631928,0.7239611,-0.01724706,0.6896156,-1.143879,-2.767052,6.664795,-0.08072872,0.7400994,0.04360726,0.6662089,14.91061,-6.325256,8.573059
06.12.2023 14:47:27,-0.003512443,0.7239308,-0.01737769,0.6896447,-1.164091,-2.761948,6.665283,-0.08063804,0.7403305,0.04351829,0.6659689,14.89487,-6.363274,8.575378
06.12.2023 14:47:27,-0.003501117,0.7238927,-0.01738863,0.6896845,-1.165802,-2.755608,6.665253,-0.08059535,0.7404935,0.0431134,0.665819,14.85611,-6.389977,8.60498
06.12.2023 14:47:27,-0.003285858,0.7238521,-0.01731821,0.68973,-1.176877,-2.748695,6.641907,-0.08063996,0.7406287,0.04281575,0.6656826,14.83331,-6.413803,8.633636
06.12.2023 14:47:27,-0.003148278,0.7238685,-0.01732354,0.6897132,-1.188234,-2.751343,6.63089,-0.08050073,0.7407451,0.04288955,0.6655651,14.82837,-6.431274,8.617523
06.12.2023 14:47:27,-0.003177383,0.7238277,-0.0172282,0.6897584,-1.177926,-2.74456,6.625824,-0.08048169,0.740739,0.04290935,0.6655729,14.82864,-6.429863,8.614227
06.12.2023 14:47:27,-0.003155655,0.7237495,-0.01729647,0.6898388,-1.185123,-2.73156,6.629578,-0.08066699,0.741006,0.04262926,0.6652712,14.81735,-6.479431,8.655823
06.12.2023 14:47:27,-0.002943159,0.7237524,-0.01727903,0.6898371,-1.200485,-2.731926,6.610565,-0.08074331,0.74121,0.04230498,0.6650553,14.79428,-6.515816,8.690308
06.12.2023 14:47:27,-0.002657275,0.7237053,-0.01725481,0.6898884,-1.220971,-2.723923,6.585022,-0.08086761,0.7415013,0.04241394,0.6647084,14.81146,-6.569069,8.697235
06.12.2023 14:47:27,-0.002547761,0.7237357,-0.01712453,0.6898601,-1.218892,-2.728912,6.565582,-0.08089495,0.7416592,0.04240132,0.6645298,14.81158,-6.597,8.702942
06.12.2023 14:47:27,-0.002361392,0.7237216,-0.01710954,0.689876,-1.232353,-2.726463,6.54895,-0.081112,0.7418056,0.04231194,0.6643456,14.81964,-6.626694,8.731018
06.12.2023 14:47:27,-0.00238884,0.723695,-0.01709022,0.6899043,-1.22852,-2.722069,6.549744,-0.08144121,0.7418684,0.04229197,0.6642364,14.84262,-6.644341,8.762421
06.12.2023 14:47:27,-0.002544076,0.7236523,-0.01722485,0.689945,-1.227315,-2.715073,6.573364,-0.08196866,0.7421053,0.04211719,0.663918,14.86642,-6.696075,8.825653
06.12.2023 14:47:27,-0.002775648,0.7236466,-0.01757033,0.6899414,-1.237648,-2.714279,6.619904,-0.08232229,0.7421842,0.04191428,0.6637989,14.87546,-6.716774,8.873413
06.12.2023 14:47:27,-0.00270689,0.72362,-0.01768667,0.6899667,-1.252673,-2.709824,6.623444,-0.0822339,0.7422449,0.04200646,0.6637361,14.87628,-6.725647,8.859528
06.12.2023 14:47:27,-0.002606394,0.7236224,-0.01769664,0.6899642,-1.261454,-2.710175,6.615906,-0.08170594,0.7424306,0.04235157,0.6635717,14.86469,-6.747566,8.789581
06.12.2023 14:47:27,-0.002487842,0.7236124,-0.01774968,0.6899738,-1.275205,-2.708458,6.610291,-0.08045121,0.7428105,0.04279775,0.6632711,14.80545,-6.788597,8.650909
06.12.2023 14:47:27,-0.002399285,0.723608,-0.01761625,0.6899822,-1.271131,-2.707664,6.592407,-0.08007438,0.7429056,0.04282825,0.6632082,14.7789,-6.797516,8.616852
06.12.2023 14:47:27,-0.002484849,0.7235801,-0.01758891,0.6900119,-1.262031,-2.703079,6.597382,-0.08075589,0.743169,0.04233636,0.6628621,14.78702,-6.856354,8.718109
06.12.2023 14:47:27,-0.002441138,0.7235883,-0.01749165,0.6900058,-1.25744,-2.704407,6.586029,-0.08139904,0.7434801,0.04191367,0.6624612,14.79779,-6.922974,8.811523
06.12.2023 14:47:27,-0.002579861,0.7235805,-0.01742337,0.6900152,-1.240787,-2.703186,6.592163,-0.08176979,0.7438884,0.04180415,0.6619638,14.81412,-7.001572,8.858582
06.12.2023 14:47:27,-0.002784576,0.7235784,-0.01735539,0.6900184,-1.218954,-2.702927,6.60376,-0.08192406,0.7441338,0.04195907,0.6616592,14.83771,-7.047806,8.864136
06.12.2023 14:47:27,-0.002878078,0.7235998,-0.01731876,0.6899965,-1.208571,-2.706535,6.608582,-0.08174589,0.7445115,0.04247876,0.6612229,14.8667,-7.110924,8.814697
06.12.2023 14:47:27,-0.002917769,0.7236089,-0.0172609,0.6899882,-1.200654,-2.708069,6.607269,-0.08139099,0.7446136,0.04313535,0.6611093,14.89569,-7.122589,8.735138
06.12.2023 14:47:27,-0.002994995,0.7236313,-0.01733787,0.6899624,-1.200984,-2.711838,6.61972,-0.08137521,0.7447937,0.04358407,0.660879,14.93207,-7.15451,8.702484
06.12.2023 14:47:27,-0.002980852,0.7236837,-0.01729288,0.6899087,-1.198493,-2.72052,6.614899,-0.08148724,0.7449228,0.04380156,0.6607051,14.95856,-7.179794,8.697876
06.12.2023 14:47:27,-0.00297897,0.7236959,-0.01736371,0.6898941,-1.204546,-2.722557,6.620331,-0.08168124,0.7451526,0.04370393,0.6604285,14.96353,-7.22377,8.725891
06.12.2023 14:47:27,-0.002935104,0.7236354,-0.01743751,0.6899559,-1.213995,-2.712494,6.62262,-0.08203531,0.7453277,0.04328877,0.6602144,14.95358,-7.260956,8.79126
06.12.2023 14:47:27,-0.003042585,0.7237372,-0.01752156,0.6898466,-1.212708,-2.729462,6.638,-0.08234637,0.7455442,0.04293578,0.6599542,14.94547,-7.304634,8.848755
06.12.2023 14:47:27,-0.002908954,0.7238035,-0.017512,0.6897778,-1.222637,-2.740402,6.626068,-0.08250492,0.7458834,0.04257867,0.6595742,14.92468,-7.366562,8.894928
06.12.2023 14:47:27,-0.002856319,0.7237778,-0.01753075,0.6898046,-1.228294,-2.736092,6.62323,-0.08259838,0.7462229,0.04237939,0.6591911,14.91257,-7.427528,8.923401
06.12.2023 14:47:27,-0.002779455,0.7238357,-0.01743879,0.6897464,-1.226877,-2.745674,6.609467,-0.0831669,0.7465083,0.04188929,0.6588277,14.9115,-7.488541,9.015076
06.12.2023 14:47:27,-0.002815703,0.7238064,-0.01743726,0.689777,-1.223816,-2.740822,6.612396,-0.08416639,0.7466148,0.041582,0.6585996,14.95969,-7.527939,9.128448
06.12.2023 14:47:27,-0.00298093,0.7238515,-0.01752137,0.6897269,-1.217838,-2.748421,6.63269,-0.08499705,0.7466199,0.04189145,0.6584675,15.04895,-7.547409,9.178894
06.12.2023 14:47:27,-0.003057597,0.7238947,-0.01761031,0.6896789,-1.21926,-2.755653,6.645996,-0.08528728,0.7464809,0.04264171,0.6585393,15.13641,-7.530914,9.145905
06.12.2023 14:47:27,-0.003169148,0.7239328,-0.01774598,0.689635,-1.221792,-2.762054,6.665924,-0.08524766,0.7463503,0.04341504,0.6586419,15.20096,-7.508751,9.082031
06.12.2023 14:47:27,-0.003091491,0.7239513,-0.01779228,0.6896148,-1.231817,-2.765083,6.663086,-0.08467005,0.7463802,0.04429772,0.6586239,15.23334,-7.503212,8.96463
06.12.2023 14:47:27,-0.003042983,0.7239324,-0.01793479,0.6896311,-1.247433,-2.761925,6.67038,-0.08426376,0.7463723,0.04455865,0.6586673,15.22525,-7.493591,8.908783
06.12.2023 14:47:27,-0.002824548,0.7239424,-0.01788046,0.6896229,-1.260214,-2.763466,6.647949,-0.08446822,0.7463357,0.04443108,0.6586912,15.22989,-7.491341,8.935974
06.12.2023 14:47:27,-0.002783386,0.7239763,-0.01787963,0.6895875,-1.263479,-2.769081,6.644409,-0.0852756,0.7462053,0.04354756,0.6587939,15.21539,-7.484222,9.072235
06.12.2023 14:47:27,-0.002790735,0.7239835,-0.01795711,0.6895779,-1.269345,-2.770271,6.651123,-0.0861565,0.7458302,0.04259139,0.6591665,15.20175,-7.435921,9.216705
06.12.2023 14:47:27,-0.00274733,0.7241181,-0.01803017,0.6894349,-1.279162,-2.792625,6.653046,-0.08665292,0.7453977,0.04238354,0.6596039,15.22409,-7.370781,9.269684
06.12.2023 14:47:27,-0.002855436,0.7240821,-0.01805307,0.6894716,-1.272434,-2.786705,6.66391,-0.08668246,0.7449884,0.04273991,0.6600392,15.25964,-7.300598,9.238983
06.12.2023 14:47:27,-0.002899147,0.7240917,-0.01815008,0.6894588,-1.277054,-2.788338,6.675171,-0.08533196,0.7446069,0.04421674,0.6605482,15.28705,-7.207237,9.001617
06.12.2023 14:47:27,-0.002920842,0.7241068,-0.01820073,0.6894414,-1.279581,-2.790871,6.680969,-0.08486057,0.7442699,0.04489171,0.6609431,15.31146,-7.139481,8.903503
06.12.2023 14:47:27,-0.003032704,0.7241842,-0.01820404,0.6893596,-1.271206,-2.803802,6.690369,-0.08459681,0.7438987,0.04504567,0.6613842,15.30692,-7.06929,8.86264
06.12.2023 14:47:27,-0.002969343,0.7241651,-0.01824594,0.6893789,-1.279644,-2.800583,6.688446,-0.0849816,0.743392,0.0446271,0.6619328,15.30307,-6.988426,8.920441
06.12.2023 14:47:27,-0.00301304,0.7242452,-0.01838172,0.6892909,-1.28766,-2.813934,6.702667,-0.08587699,0.7427307,0.04366586,0.6626233,15.29242,-6.890839,9.062164
06.12.2023 14:47:27,-0.003129287,0.7242863,-0.01833249,0.6892485,-1.274491,-2.820847,6.708344,-0.08613655,0.7419811,0.04326183,0.6634554,15.28207,-6.765305,9.104065
06.12.2023 14:47:27,-0.003207976,0.7243381,-0.01841733,0.6891916,-1.275448,-2.829491,6.721466,-0.08582024,0.7412568,0.04319974,0.6643094,15.25717,-6.632423,9.06958
06.12.2023 14:47:27,-0.003230377,0.7244163,-0.01848837,0.6891073,-1.279773,-2.842522,6.72879,-0.08526742,0.7407451,0.04337194,0.6649399,15.23294,-6.531937,8.999786
06.12.2023 14:47:27,-0.003373404,0.7244482,-0.01848931,0.6890731,-1.268635,-2.847923,6.740692,-0.08496239,0.74034,0.0433394,0.6654321,15.20935,-6.455055,8.969147
06.12.2023 14:47:27,-0.003433607,0.7244835,-0.01850056,0.6890352,-1.264904,-2.853851,6.746521,-0.08425176,0.740355,0.04340717,0.6655014,15.16089,-6.442574,8.901672
06.12.2023 14:47:27,-0.003397602,0.7245239,-0.01851919,0.6889926,-1.269397,-2.860535,6.744934,-0.08373345,0.7403149,0.04357338,0.6656005,15.1358,-6.424927,8.842804
06.12.2023 14:47:27,-0.003401631,0.7245074,-0.01850268,0.6890103,-1.267666,-2.857788,6.743988,-0.08301804,0.7405561,0.04372369,0.6654119,15.09274,-6.45192,8.772125
06.12.2023 14:47:28,-0.003352581,0.7245784,-0.0184637,0.6889369,-1.268481,-2.86956,6.736694,-0.0824233,0.7406693,0.04382982,0.6653529,15.05585,-6.45929,8.71347
06.12.2023 14:47:28,-0.003474209,0.7245111,-0.01851396,0.6890056,-1.262881,-2.858482,6.750885,-0.08155458,0.7411171,0.04381571,0.6649621,14.98593,-6.518913,8.64502
06.12.2023 14:47:28,-0.003465024,0.7245167,-0.01856409,0.6889985,-1.267784,-2.859398,6.754089,-0.08094615,0.7412653,0.04383576,0.6648699,14.94049,-6.53215,8.592255
06.12.2023 14:47:28,-0.003457692,0.7244543,-0.01853894,0.6890649,-1.266115,-2.849007,6.751587,-0.08034651,0.741596,0.0436369,0.6645868,14.87601,-6.576965,8.559692
06.12.2023 14:47:28,-0.003421738,0.7243955,-0.01861037,0.6891249,-1.274737,-2.839211,6.754364,-0.0801857,0.7418201,0.04324156,0.664382,14.82867,-6.611908,8.57901
06.12.2023 14:47:28,-0.003329519,0.7243533,-0.0187096,0.6891671,-1.290154,-2.83213,6.754639,-0.08003853,0.7421359,0.04258264,0.6640896,14.75931,-6.662613,8.620941
06.12.2023 14:47:28,-0.003300779,0.7242953,-0.01871491,0.689228,-1.292718,-2.822487,6.752777,-0.08014789,0.7426192,0.04180024,0.6635855,14.69791,-6.747437,8.697235
06.12.2023 14:47:28,-0.003209583,0.7242105,-0.01859025,0.6893209,-1.289358,-2.808319,6.735504,-0.07989579,0.7430402,0.04124471,0.6631794,14.62875,-6.814522,8.72348
06.12.2023 14:47:28,-0.003119933,0.7241933,-0.01842481,0.6893439,-1.282664,-2.805374,6.715027,-0.07982793,0.7434753,0.04099597,0.6627151,14.59979,-6.88839,8.742767
06.12.2023 14:47:28,-0.003016179,0.7240986,-0.01825519,0.6894482,-1.276548,-2.789566,6.693176,-0.07969854,0.743857,0.04125642,0.6622861,14.6102,-6.952637,8.717163
06.12.2023 14:47:28,-0.002881903,0.7240503,-0.018044,0.6895052,-1.269512,-2.781433,6.665436,-0.07966858,0.7443176,0.04181701,0.6617368,14.6535,-7.033249,8.678741
06.12.2023 14:47:28,-0.002829873,0.7239486,-0.01798277,0.6896137,-1.268298,-2.764503,6.656464,-0.07954842,0.7447786,0.04222091,0.6612068,14.67657,-7.1119,8.644348
06.12.2023 14:47:28,-0.002652192,0.7238612,-0.01779646,0.689711,-1.266675,-2.749855,6.627167,-0.07922698,0.7455306,0.04276754,0.6603622,14.69516,-7.237633,8.585693
06.12.2023 14:47:28,-0.002392045,0.7238559,-0.01777139,0.6897181,-1.285148,-2.748863,6.603607,-0.07894045,0.7464104,0.04263981,0.6594102,14.65771,-7.385338,8.583069
06.12.2023 14:47:28,-0.002259266,0.7237547,-0.01773224,0.6898259,-1.292163,-2.731979,6.589691,-0.07887143,0.7471886,0.04227824,0.6585599,14.6171,-7.519409,8.615723
06.12.2023 14:47:28,-0.002092612,0.7236727,-0.01766997,0.689914,-1.299987,-2.718277,6.571106,-0.07927574,0.7480726,0.04095552,0.6575907,14.52844,-7.679878,8.76416
06.12.2023 14:47:28,-0.002154016,0.7236794,-0.01755859,0.6899096,-1.285907,-2.719414,6.567352,-0.0793147,0.7487178,0.04043432,0.6568835,14.48264,-7.792801,8.816254
06.12.2023 14:47:28,-0.002290816,0.7237048,-0.01776704,0.6898772,-1.29244,-2.723709,6.595154,-0.07935841,0.7491882,0.04003642,0.6563661,14.44879,-7.875473,8.856873
06.12.2023 14:47:28,-0.002422678,0.7236374,-0.01804645,0.6899402,-1.305034,-2.712601,6.628326,-0.07907122,0.7495058,0.03993746,0.6560442,14.41681,-7.925201,8.843445
06.12.2023 14:47:28,-0.002494005,0.7236772,-0.01830334,0.6898915,-1.320798,-2.719269,6.65448,-0.07859412,0.7493932,0.03991945,0.6562311,14.38007,-7.89576,8.800903
06.12.2023 14:47:28,-0.002410756,0.7236772,-0.0184656,0.6898873,-1.340842,-2.719246,6.6604,-0.07885101,0.7495897,0.03967262,0.6559908,14.37686,-7.934959,8.845032
06.12.2023 14:47:28,-0.002268178,0.7236812,-0.01848688,0.6898832,-1.353891,-2.719833,6.650269,-0.07942346,0.7500159,0.03888552,0.6554815,14.34918,-8.019913,8.961029
06.12.2023 14:47:28,-0.001970669,0.7237111,-0.01838049,0.6898555,-1.368661,-2.724678,6.617126,-0.08088774,0.7507846,0.03763134,0.6544948,14.34549,-8.182693,9.196136
06.12.2023 14:47:28,-0.001768758,0.7237501,-0.01816521,0.6898208,-1.366857,-2.731071,6.583252,-0.08157728,0.7513799,0.03726993,0.6537465,14.36188,-8.301147,9.29306
06.12.2023 14:47:28,-0.001660818,0.7237353,-0.01807604,0.6898389,-1.36796,-2.728577,6.567291,-0.08170731,0.7520157,0.03772691,0.6529726,14.40707,-8.416946,9.279663
06.12.2023 14:47:28,-0.001538627,0.7236952,-0.01796878,0.6898841,-1.368633,-2.72187,6.548737,-0.08182485,0.7526123,0.0381889,0.6522431,14.45206,-8.525749,9.264313
06.12.2023 14:47:28,-0.001618355,0.723658,-0.0178608,0.6899258,-1.353288,-2.715698,6.546906,-0.08223218,0.7531481,0.0392128,0.6515123,14.56793,-8.631325,9.232117
06.12.2023 14:47:28,-0.001597684,0.723628,-0.01792248,0.6899556,-1.359972,-2.710732,6.55011,-0.08264273,0.7534468,0.03959824,0.6510915,14.63007,-8.693787,9.244476
06.12.2023 14:47:28,-0.001693245,0.723638,-0.01793622,0.6899446,-1.353577,-2.71241,6.559113,-0.08285608,0.7535833,0.04029643,0.6508636,14.70581,-8.724106,9.213593
06.12.2023 14:47:28,-0.00160458,0.7235481,-0.01800014,0.6900374,-1.365688,-2.697456,6.556976,-0.08283203,0.7534129,0.04097279,0.6510216,14.76398,-8.694969,9.158478
06.12.2023 14:47:28,-0.001570213,0.7235233,-0.01802044,0.690063,-1.370034,-2.693329,6.555786,-0.08314928,0.7532126,0.04123952,0.6511961,14.81207,-8.666924,9.16394
06.12.2023 14:47:28,-0.001550962,0.7235204,-0.01809483,0.6900641,-1.37772,-2.692863,6.560089,-0.08383745,0.7526917,0.04090036,0.6517313,14.83722,-8.588844,9.242798
06.12.2023 14:47:28,-0.001503352,0.7235382,-0.01824785,0.6900415,-1.394217,-2.695801,6.568207,-0.08456793,0.7520791,0.04044049,0.6523724,14.85577,-8.495384,9.333069
06.12.2023 14:47:28,-0.001432194,0.7235057,-0.01830547,0.6900743,-1.404551,-2.690399,6.566956,-0.08508672,0.7514564,0.04002094,0.6530482,14.86221,-8.395805,9.401245
06.12.2023 14:47:28,-0.001488557,0.7236062,-0.0184397,0.6899651,-1.411456,-2.707123,6.582031,-0.08548739,0.7509196,0.03968745,0.6536334,14.86685,-8.309151,9.453766
06.12.2023 14:47:28,-0.001476317,0.7236153,-0.01855944,0.6899523,-1.422377,-2.708649,6.590485,-0.08600768,0.7503432,0.03893448,0.6542721,14.84442,-8.217369,9.547791
06.12.2023 14:47:28,-0.001586943,0.7237068,-0.01861026,0.6898548,-1.418056,-2.723877,6.603485,-0.08666708,0.749797,0.03866154,0.6548271,14.8739,-8.135208,9.618744
06.12.2023 14:47:28,-0.001682698,0.7237643,-0.01855809,0.6897956,-1.406291,-2.733444,6.607178,-0.08721796,0.7492637,0.03845759,0.6553762,14.90128,-8.053215,9.675018
06.12.2023 14:47:28,-0.00189929,0.7238306,-0.01858059,0.6897249,-1.391188,-2.744537,6.62677,-0.08755553,0.7487231,0.03871708,0.6559336,14.95288,-7.96627,9.677399
06.12.2023 14:47:28,-0.002162019,0.7239264,-0.01867591,0.689621,-1.378556,-2.760544,6.655914,-0.08779459,0.7480605,0.0391216,0.6566331,15.01047,-7.856117,9.658142
06.12.2023 14:47:28,-0.002468027,0.7240579,-0.01880769,0.6894784,-1.365626,-2.782547,6.691467,-0.08858363,0.7474482,0.03918801,0.6572203,15.07983,-7.766571,9.713959
06.12.2023 14:47:28,-0.002663611,0.7241428,-0.01897703,0.6893839,-1.364436,-2.796768,6.720917,-0.09002458,0.7466563,0.03877647,0.6579486,15.15829,-7.659721,9.860931
06.12.2023 14:47:28,-0.002686049,0.7242348,-0.01916922,0.6892818,-1.37885,-2.812088,6.737793,-0.09110368,0.7459632,0.03849597,0.6586024,15.2204,-7.562645,9.967285
06.12.2023 14:47:28,-0.002752337,0.724335,-0.01920072,0.6891754,-1.376481,-2.828789,6.745575,-0.09181938,0.745247,0.03852817,0.6593116,15.28247,-7.454063,10.0173
06.12.2023 14:47:28,-0.002791791,0.724391,-0.01925894,0.6891146,-1.378342,-2.838135,6.753326,-0.0917543,0.744462,0.03944389,0.6601528,15.36234,-7.3172,9.930023
06.12.2023 14:47:28,-0.002701041,0.7244232,-0.01923191,0.6890819,-1.383347,-2.843445,6.743622,-0.09123581,0.7438069,0.04033863,0.6609086,15.40503,-7.192543,9.805939
06.12.2023 14:47:28,-0.002805144,0.724433,-0.01929412,0.6890695,-1.380316,-2.845123,6.757141,-0.08986311,0.7435402,0.0414275,0.6613293,15.39679,-7.116592,9.597504
06.12.2023 14:47:28,-0.002937221,0.7245407,-0.01927155,0.6889563,-1.368285,-2.863113,6.766113,-0.08885296,0.7432964,0.04217117,0.6616928,15.38596,-7.052589,9.447754
06.12.2023 14:47:28,-0.003025285,0.724548,-0.01937461,0.6889454,-1.36991,-2.86438,6.781555,-0.08791824,0.7432386,0.04231332,0.6618734,15.32779,-7.021797,9.353302
06.12.2023 14:47:28,-0.00307692,0.7245722,-0.01930859,0.6889216,-1.360411,-2.868439,6.780579,-0.08802427,0.7433519,0.04173026,0.6617692,15.28497,-7.042786,9.408661
06.12.2023 14:47:28,-0.003235648,0.7246103,-0.01930543,0.6888808,-1.347714,-2.874878,6.793427,-0.08778121,0.7434806,0.04122631,0.6616884,15.22241,-7.05883,9.427338
06.12.2023 14:47:28,-0.003221666,0.7246915,-0.01916679,0.6887994,-1.337511,-2.888351,6.781158,-0.08703567,0.7435966,0.04105516,0.6616672,15.15048,-7.06218,9.376129
06.12.2023 14:47:28,-0.00339349,0.7246749,-0.01920012,0.688815,-1.326672,-2.885719,6.798096,-0.08614253,0.7436163,0.04124615,0.66175,15.09915,-7.046349,9.282928
06.12.2023 14:47:28,-0.003514325,0.7247045,-0.01918466,0.6887838,-1.315924,-2.890717,6.806854,-0.08497203,0.7438764,0.04084527,0.6616339,14.97443,-7.065491,9.213806
06.12.2023 14:47:28,-0.00361989,0.7246982,-0.01939068,0.6887841,-1.32469,-2.889771,6.831909,-0.08441116,0.7438548,0.04035158,0.6617602,14.88965,-7.048752,9.201355
06.12.2023 14:47:28,-0.003704274,0.7247337,-0.01936601,0.688747,-1.316072,-2.895729,6.836884,-0.08441141,0.7438261,0.03966317,0.6618341,14.83072,-7.04248,9.253113
06.12.2023 14:47:28,-0.003874893,0.7247638,-0.01933777,0.6887152,-1.300339,-2.900864,6.848755,-0.08371361,0.7439267,0.0397083,0.6618069,14.7811,-7.045219,9.189606
06.12.2023 14:47:28,-0.004032517,0.7247678,-0.01932806,0.6887103,-1.2871,-2.901657,6.861084,-0.08279053,0.7441499,0.03995476,0.6616573,14.73099,-7.065048,9.092743
06.12.2023 14:47:28,-0.003952496,0.7247319,-0.01924405,0.688751,-1.28634,-2.895607,6.84787,-0.08185948,0.7446392,0.04020414,0.6612074,14.67896,-7.131325,8.998932
06.12.2023 14:47:28,-0.003985005,0.7247753,-0.01920015,0.6887062,-1.280243,-2.90287,6.847015,-0.08168077,0.7451724,0.039971,0.6606427,14.64215,-7.220192,9.008636
06.12.2023 14:47:28,-0.003923024,0.7248018,-0.01911654,0.6886811,-1.278259,-2.907204,6.835236,-0.08171537,0.7459376,0.03950767,0.6598022,14.60022,-7.35363,9.057953
06.12.2023 14:47:28,-0.003934941,0.7247064,-0.01902005,0.688784,-1.269048,-2.891342,6.828766,-0.08164887,0.746645,0.03893682,0.6590437,14.54163,-7.474815,9.10553
06.12.2023 14:47:28,-0.003849412,0.7247359,-0.01887977,0.6887573,-1.264224,-2.896164,6.810516,-0.08237061,0.7475528,0.0381083,0.6579725,14.5188,-7.647163,9.245117
06.12.2023 14:47:28,-0.003796414,0.7246358,-0.01883819,0.6888641,-1.264691,-2.879471,6.80304,-0.08271648,0.7480061,0.03766693,0.6574391,14.50375,-7.733009,9.315613
06.12.2023 14:47:28,-0.003594849,0.72464,-0.01870647,0.6888643,-1.269674,-2.880005,6.775879,-0.08327314,0.748351,0.03746768,0.6569876,14.52609,-7.804871,9.384979
06.12.2023 14:47:28,-0.003421037,0.7245421,-0.01865958,0.6889695,-1.279253,-2.863586,6.757935,-0.08327079,0.7485336,0.03774092,0.6567641,14.54831,-7.837402,9.366913
06.12.2023 14:47:28,-0.003211145,0.7244265,-0.01869808,0.689091,-1.298733,-2.844231,6.743774,-0.08317914,0.7486659,0.03808159,0.6566052,14.57001,-7.85936,9.335114
06.12.2023 14:47:28,-0.00306952,0.7244375,-0.01855011,0.689084,-1.297659,-2.845963,6.720276,-0.08274358,0.7488565,0.03891412,0.656394,14.60803,-7.885254,9.236664
06.12.2023 14:47:28,-0.002921912,0.7243662,-0.01846696,0.6891619,-1.302235,-2.834007,6.701599,-0.0824261,0.7490678,0.03955908,0.6561542,14.63861,-7.916962,9.163147
06.12.2023 14:47:28,-0.002661723,0.724236,-0.01838372,0.689302,-1.315561,-2.81221,6.673676,-0.08248297,0.7493678,0.03990721,0.6557835,14.67111,-7.971581,9.146484
06.12.2023 14:47:28,-0.002520424,0.7241689,-0.01826849,0.689376,-1.316997,-2.80098,6.652985,-0.08287188,0.7496204,0.04008345,0.655435,14.71393,-8.024605,9.1716
06.12.2023 14:47:28,-0.002273001,0.7241189,-0.01812666,0.6894332,-1.324656,-2.792549,6.621338,-0.08421,0.7496907,0.03985536,0.6551979,14.79404,-8.065178,9.308777
06.12.2023 14:47:28,-0.002148172,0.7239754,-0.018061,0.689586,-1.328736,-2.768631,6.606049,-0.08487768,0.7496478,0.03996641,0.655154,14.85394,-8.072357,9.359253
06.12.2023 14:47:28,-0.001880882,0.7239154,-0.01805871,0.6896499,-1.349536,-2.75856,6.583801,-0.08546202,0.7493285,0.04017343,0.6554306,14.91779,-8.029404,9.3909
06.12.2023 14:47:28,-0.001674749,0.7238557,-0.01802956,0.6897137,-1.363276,-2.748589,6.564514,-0.08573363,0.7489738,0.04042663,0.6557848,14.96243,-7.973526,9.390656
06.12.2023 14:47:28,-0.00137669,0.7237829,-0.01801863,0.6897911,-1.38577,-2.736412,6.539093,-0.08604144,0.7485831,0.04072353,0.6561721,15.01382,-7.91227,9.389771
06.12.2023 14:47:28,-0.00125329,0.7237355,-0.01814098,0.6898379,-1.405573,-2.728508,6.538635,-0.08562532,0.7482052,0.04115524,0.6566305,15.02243,-7.837646,9.314514
06.12.2023 14:47:28,-0.001306425,0.7237036,-0.01826969,0.6898679,-1.411978,-2.723244,6.553284,-0.08511078,0.7479863,0.0414663,0.6569271,15.01205,-7.788597,9.242004
06.12.2023 14:47:28,-0.001367604,0.7237133,-0.0185236,0.6898507,-1.428227,-2.724899,6.57843,-0.08473369,0.7478797,0.04170752,0.657082,15.00525,-7.762184,9.18869
06.12.2023 14:47:28,-0.001421056,0.7237403,-0.01888508,0.6898125,-1.454052,-2.729431,6.611389,-0.08480242,0.7477595,0.04161115,0.6572159,15.00287,-7.742401,9.200226
06.12.2023 14:47:28,-0.001384381,0.7237822,-0.01926958,0.689758,-1.488952,-2.73642,6.638672,-0.0851552,0.747654,0.04103472,0.6573266,14.98029,-7.730354,9.273315
06.12.2023 14:47:28,-0.001275373,0.7238262,-0.01939762,0.6897085,-1.508299,-2.743713,6.639648,-0.08547819,0.7474498,0.0404155,0.6575552,14.95242,-7.700333,9.34552
06.12.2023 14:47:28,-0.001100837,0.7237831,-0.01942645,0.6897532,-1.524388,-2.736526,6.627563,-0.08530487,0.7471855,0.04032338,0.6578837,14.93317,-7.650017,9.333038
06.12.2023 14:47:28,-0.0008684273,0.7238041,-0.01943391,0.6897314,-1.543432,-2.739983,6.608826,-0.08434134,0.7470898,0.04073821,0.658091,14.89706,-7.613213,9.214813
06.12.2023 14:47:28,-0.0007047957,0.7238174,-0.01936664,0.6897194,-1.550819,-2.74218,6.589905,-0.08338342,0.7470222,0.04117745,0.6582624,14.86325,-7.581718,9.095734
06.12.2023 14:47:28,-0.0006429909,0.7238199,-0.01932728,0.6897179,-1.552446,-2.742592,6.581665,-0.08253936,0.7469757,0.04151651,0.6584004,14.82919,-7.556335,8.994659
06.12.2023 14:47:28,-0.0006723918,0.7237856,-0.0192427,0.6897563,-1.543025,-2.736877,6.577484,-0.08241648,0.7469932,0.0412151,0.6584148,14.79382,-7.556229,9.006775
06.12.2023 14:47:28,-0.0006272417,0.7237027,-0.01937526,0.6898396,-1.557403,-2.723114,6.584412,-0.08253045,0.7469903,0.0407658,0.6584318,14.76367,-7.557236,9.05069
06.12.2023 14:47:28,-0.0006723551,0.7236975,-0.01934089,0.6898459,-1.550972,-2.722267,6.585449,-0.08250056,0.746958,0.04050232,0.6584885,14.73889,-7.550423,9.067444
06.12.2023 14:47:28,-0.0006730234,0.7235934,-0.01933701,0.6899553,-1.550358,-2.704956,6.585419,-0.08246469,0.7467611,0.04027799,0.65873,14.71805,-7.514771,9.078247
06.12.2023 14:47:29,-0.0005696086,0.7235323,-0.01919516,0.6900234,-1.546632,-2.694794,6.565765,-0.08207142,0.7465294,0.04027944,0.6590416,14.68994,-7.465981,9.039886
06.12.2023 14:47:29,-0.0004869563,0.7233974,-0.01921312,0.6901643,-1.554355,-2.672401,6.560638,-0.08138549,0.7464189,0.04032696,0.6592488,14.64297,-7.432449,8.973999
06.12.2023 14:47:29,-0.0005073285,0.7232598,-0.01905288,0.690313,-1.539146,-2.649529,6.549957,-0.08076261,0.7462983,0.04038648,0.6594582,14.60181,-7.398605,8.912659
06.12.2023 14:47:29,-0.0004004535,0.7231354,-0.01904539,0.6904436,-1.546704,-2.628891,6.540771,-0.08051953,0.7461897,0.04018872,0.659623,14.56708,-7.37426,8.90451
06.12.2023 14:47:29,-0.0003324689,0.7229484,-0.01899298,0.6906409,-1.547326,-2.597847,6.531433,-0.08080229,0.7460492,0.03954422,0.6597863,14.53375,-7.354301,8.976135
06.12.2023 14:47:29,-0.0003242136,0.7228464,-0.01891406,0.6907498,-1.541214,-2.58091,6.524719,-0.0813745,0.746113,0.03879145,0.6596884,14.51172,-7.375862,9.084503
06.12.2023 14:47:29,-0.0002898748,0.7227834,-0.01878025,0.6908194,-1.532708,-2.570457,6.511414,-0.08141411,0.7462463,0.03884131,0.6595299,14.51819,-7.400055,9.086182
06.12.2023 14:47:29,-0.0002183756,0.7227128,-0.0186225,0.6908976,-1.525147,-2.558739,6.493134,-0.08095413,0.7463176,0.03930334,0.6594784,14.52283,-7.403877,9.011658
06.12.2023 14:47:29,-0.0001181067,0.722664,-0.01844468,0.6909534,-1.518252,-2.550629,6.470856,-0.08010276,0.7464728,0.04043619,0.6593382,14.55527,-7.415672,8.853119
06.12.2023 14:47:29,-9.77485E-05,0.7226072,-0.01823106,0.6910185,-1.502049,-2.541183,6.452362,-0.07972397,0.7465383,0.0409247,0.6592798,14.56839,-7.420334,8.783722
06.12.2023 14:47:29,-0.0001078002,0.7225921,-0.01803952,0.6910393,-1.485355,-2.538658,6.438049,-0.08027256,0.7465906,0.04086324,0.6591578,14.60419,-7.440559,8.837616
06.12.2023 14:47:29,-0.0002307746,0.7225349,-0.01789195,0.6911029,-1.463272,-2.52916,6.436676,-0.08069769,0.7464719,0.04050088,0.6592627,14.60574,-7.427834,8.900818
06.12.2023 14:47:29,-0.0002029915,0.7225237,-0.01774765,0.6911183,-1.453498,-2.52729,6.422974,-0.08099075,0.7463127,0.04019457,0.6594258,14.60242,-7.405457,8.94751
06.12.2023 14:47:29,-6.169333E-05,0.7224553,-0.01762105,0.691193,-1.454068,-2.515953,6.401367,-0.08148352,0.7461428,0.03957547,0.6595947,14.58728,-7.384796,9.03537
06.12.2023 14:47:29,0.0001474626,0.722254,-0.01739711,0.6914091,-1.451697,-2.48259,6.36673,-0.08198491,0.7460281,0.03898536,0.6596975,14.57501,-7.374069,9.122589
06.12.2023 14:47:29,0.0003568374,0.7221177,-0.01705875,0.6915598,-1.440017,-2.459984,6.322876,-0.08219801,0.74593,0.03876719,0.6597947,14.57294,-7.360985,9.156464
06.12.2023 14:47:29,0.0004928004,0.7218738,-0.01666299,0.691824,-1.417586,-2.419579,6.280731,-0.08216682,0.7458235,0.03897158,0.659907,14.58884,-7.34211,9.136719
06.12.2023 14:47:29,0.000583455,0.7216696,-0.01648508,0.6920412,-1.409682,-2.385757,6.259521,-0.08176074,0.7457356,0.03963004,0.6600175,14.61542,-7.319519,9.049774
06.12.2023 14:47:29,0.000580264,0.7213424,-0.0162305,0.6923882,-1.387784,-2.331573,6.240265,-0.08122381,0.7456825,0.04041152,0.6600963,14.64246,-7.300591,8.942474
06.12.2023 14:47:29,0.0004584756,0.7210757,-0.01620698,0.6926666,-1.375693,-2.287399,6.248993,-0.08112098,0.7458008,0.04041793,0.6599751,14.63455,-7.319115,8.934631
06.12.2023 14:47:29,0.0004723549,0.7207701,-0.01637181,0.6929807,-1.389862,-2.236877,6.261536,-0.08132812,0.7458543,0.03991334,0.6599199,14.60641,-7.331795,8.991852
06.12.2023 14:47:29,0.0004099247,0.7205042,-0.01646131,0.6932551,-1.391808,-2.192917,6.274353,-0.08146173,0.7458512,0.0393915,0.6599382,14.57159,-7.333054,9.04306
06.12.2023 14:47:29,0.0003966991,0.7201818,-0.01649398,0.6935892,-1.392862,-2.139633,6.278687,-0.08140267,0.7460203,0.03881563,0.6597884,14.51651,-7.360298,9.083832
06.12.2023 14:47:29,0.0003880621,0.7200263,-0.01679426,0.6937435,-1.41667,-2.11396,6.303589,-0.08119632,0.7460646,0.03841366,0.6597872,14.46603,-7.363022,9.096619
06.12.2023 14:47:29,0.0004378291,0.7197866,-0.01704741,0.6939859,-1.441066,-2.074409,6.320129,-0.08130048,0.7458847,0.03773231,0.6600171,14.41635,-7.332497,9.154724
06.12.2023 14:47:29,0.0004489907,0.7195444,-0.01732006,0.6942303,-1.463981,-2.034447,6.3414,-0.08161298,0.7455266,0.03738804,0.6604027,14.41257,-7.275826,9.203186
06.12.2023 14:47:29,0.0005124335,0.7194156,-0.01744288,0.6943607,-1.47891,-2.013199,6.346222,-0.08247987,0.745078,0.03697461,0.6608244,14.44537,-7.214874,9.304565
06.12.2023 14:47:29,0.0006544557,0.7191817,-0.01760332,0.6945988,-1.502991,-1.974648,6.347778,-0.08360918,0.7446133,0.03684204,0.6612135,14.5224,-7.15741,9.407593
06.12.2023 14:47:29,0.000622326,0.7190131,-0.01767215,0.6947716,-1.505778,-1.946831,6.356293,-0.08389962,0.7443786,0.03753924,0.6614017,14.60587,-7.123947,9.377014
06.12.2023 14:47:29,0.0007883281,0.7187045,-0.01776574,0.6950883,-1.526113,-1.895981,6.350739,-0.08332326,0.7442723,0.03895041,0.6615126,14.68423,-7.095772,9.217682
06.12.2023 14:47:29,0.0009001733,0.7183175,-0.01781103,0.6954869,-1.538007,-1.832237,6.346008,-0.08265573,0.7441753,0.04016363,0.6616329,14.73859,-7.067039,9.065399
06.12.2023 14:47:29,0.0008809381,0.7179581,-0.01789599,0.6958558,-1.542769,-1.773033,6.355164,-0.08214577,0.744131,0.04108648,0.6616895,14.77954,-7.050346,8.949799
06.12.2023 14:47:29,0.0010058,0.7174985,-0.01790429,0.6963292,-1.552524,-1.697411,6.346558,-0.08265565,0.7439918,0.04102561,0.6617864,14.81375,-7.036636,8.997314
06.12.2023 14:47:29,0.0009750589,0.7169645,-0.01798259,0.6968771,-1.55547,-1.609558,6.356537,-0.08436573,0.7437005,0.03916436,0.6620107,14.78522,-7.018723,9.285034
06.12.2023 14:47:29,0.0009214263,0.7164477,-0.01816736,0.6974036,-1.565352,-1.524612,6.376862,-0.08525798,0.7431965,0.03823864,0.6625164,14.77661,-6.948479,9.426514
06.12.2023 14:47:29,0.0008914559,0.7157632,-0.01811499,0.6981075,-1.557305,-1.412178,6.376678,-0.0856307,0.7425729,0.03797251,0.6631826,14.78619,-6.84761,9.470337
06.12.2023 14:47:29,0.0008929849,0.7150352,-0.01815591,0.6988521,-1.559346,-1.29274,6.381439,-0.08532734,0.7416352,0.03841221,0.6642447,14.80713,-6.678993,9.39624
06.12.2023 14:47:29,0.0008440316,0.7142804,-0.01806711,0.699626,-1.546657,-1.169014,6.380005,-0.08525643,0.7407197,0.03870564,0.6652576,14.83289,-6.519211,9.354034
06.12.2023 14:47:29,0.0007876143,0.7135316,-0.01805016,0.7003901,-1.539264,-1.046425,6.384918,-0.08537088,0.7399146,0.03885023,0.6661298,14.85922,-6.382492,9.341064
06.12.2023 14:47:29,0.0006779608,0.7127352,-0.01788156,0.701205,-1.515101,-0.9161606,6.38208,-0.08584367,0.7389993,0.0389917,0.6670762,14.91333,-6.234596,9.358124
06.12.2023 14:47:29,0.0006463539,0.7118641,-0.01777152,0.7020921,-1.501861,-0.7738876,6.377655,-0.08573821,0.7383184,0.03939666,0.6678195,14.94424,-6.115356,9.307709
06.12.2023 14:47:29,0.0004712233,0.7109188,-0.01756834,0.7030545,-1.469334,-0.6196747,6.377563,-0.08559747,0.737632,0.03972232,0.6685764,14.96567,-5.9944,9.260132
06.12.2023 14:47:29,0.0003013663,0.7099947,-0.01733624,0.7039936,-1.434928,-0.4691238,6.374603,-0.08542021,0.7370214,0.03985224,0.6692643,14.96701,-5.885567,9.225494
06.12.2023 14:47:29,0.0001466523,0.7089093,-0.017248,0.7050887,-1.413134,-0.292572,6.382233,-0.08564384,0.7362772,0.03968991,0.670064,14.97504,-5.761948,9.246338
06.12.2023 14:47:29,0.0001026363,0.7078727,-0.01720352,0.7061305,-1.403931,-0.1242218,6.384277,-0.08572923,0.7355267,0.03950354,0.6708879,14.97052,-5.634415,9.256897
06.12.2023 14:47:29,7.316222E-05,0.7068262,-0.0172173,0.7071778,-1.400607,0.04548645,6.389862,-0.08586167,0.7346842,0.03919515,0.6718115,14.95984,-5.492104,9.279602
06.12.2023 14:47:29,1.178336E-05,0.7057495,-0.01724786,0.7082515,-1.395979,0.2198105,6.399445,-0.08642336,0.7336758,0.03831061,0.6728916,14.93451,-5.329964,9.381744
06.12.2023 14:47:29,0.0001204394,0.7046521,-0.01719837,0.7093445,-1.398649,0.3972244,6.388794,-0.0869457,0.7326217,0.03733225,0.6740268,14.8988,-5.159416,9.487152
06.12.2023 14:47:29,8.877362E-05,0.7035012,-0.01719595,0.7104861,-1.393622,0.5830154,6.393402,-0.08694549,0.7314104,0.03707247,0.6753554,14.88486,-4.952103,9.489319
06.12.2023 14:47:29,-9.481174E-05,0.7023886,-0.0173229,0.7115828,-1.386687,0.7622986,6.420715,-0.08596492,0.7303104,0.03792772,0.6766227,14.8884,-4.744659,9.321686
06.12.2023 14:47:29,-0.0002984007,0.7012607,-0.01746447,0.7126909,-1.379183,0.9437943,6.450836,-0.08539192,0.7293124,0.03844841,0.6777414,14.8942,-4.563271,9.216888
06.12.2023 14:47:29,-0.0005204123,0.7001353,-0.01780201,0.7137881,-1.385816,1.12458,6.498474,-0.08502764,0.7284145,0.03870023,0.6787378,14.89264,-4.40329,9.152588
06.12.2023 14:47:29,-0.0006748119,0.698988,-0.01794528,0.7149079,-1.382235,1.308594,6.52478,-0.08554076,0.7274868,0.03831724,0.6796893,14.90604,-4.256111,9.213165
06.12.2023 14:47:29,-0.0005908911,0.6977228,-0.01807948,0.7161394,-1.397159,1.511238,6.531555,-0.0863528,0.7263737,0.03753516,0.6808199,14.91055,-4.083702,9.327972
06.12.2023 14:47:29,-0.0004425704,0.6965358,-0.01793238,0.7172979,-1.395071,1.701035,6.509918,-0.08713347,0.7251719,0.03672035,0.6820449,14.9108,-3.896065,9.441376
06.12.2023 14:47:29,-0.0002959943,0.6953287,-0.01782012,0.7184709,-1.395655,1.893715,6.491333,-0.08736701,0.7237398,0.03655115,0.6835436,14.92422,-3.659073,9.453796
06.12.2023 14:47:29,-0.0001440062,0.6940715,-0.01761653,0.7196906,-1.389386,2.094078,6.464874,-0.08726358,0.7221688,0.03670738,0.6852079,14.93933,-3.392372,9.409698
06.12.2023 14:47:29,-6.278475E-05,0.6927589,-0.01751938,0.7209566,-1.385712,2.302887,6.452942,-0.08721352,0.7207205,0.0368544,0.6867297,14.95691,-3.148003,9.372681
06.12.2023 14:47:29,4.532525E-05,0.6915342,-0.01743978,0.7221332,-1.385883,2.497383,6.440125,-0.08702566,0.719328,0.03718299,0.6881942,14.97827,-2.910774,9.310333
06.12.2023 14:47:29,7.788136E-08,0.6901317,-0.0174887,0.7234724,-1.383204,2.719719,6.450439,-0.08708037,0.7179593,0.03723192,0.6896124,14.99518,-2.682854,9.291168
06.12.2023 14:47:29,-6.428464E-05,0.6885326,-0.01738462,0.724997,-1.366436,2.972717,6.449921,-0.0870763,0.7165521,0.03729472,0.6910717,15.00879,-2.447739,9.265289
06.12.2023 14:47:29,1.344588E-05,0.6870067,-0.01725757,0.7264462,-1.359852,3.213646,6.436096,-0.08725529,0.7151629,0.03706862,0.6924987,15.01282,-2.219795,9.278229
06.12.2023 14:47:29,5.094467E-05,0.6856865,-0.01711226,0.7276959,-1.34895,3.421715,6.423492,-0.08751216,0.7138417,0.03680356,0.6938424,15.0195,-2.005203,9.30191
06.12.2023 14:47:29,4.897781E-05,0.6840725,-0.01709754,0.7292137,-1.344474,3.675606,6.425385,-0.0877714,0.712269,0.03635881,0.6954474,15.01321,-1.749329,9.336517
06.12.2023 14:47:29,8.368305E-05,0.6824101,-0.01713124,0.7307689,-1.346768,3.936569,6.428558,-0.08775781,0.710807,0.03593627,0.6969653,14.98648,-1.506737,9.347992
06.12.2023 14:47:29,7.591E-05,0.6808454,-0.01720989,0.7322249,-1.349195,4.181679,6.43866,-0.08779137,0.70931,0.03549369,0.6985072,14.96216,-1.259888,9.364716
06.12.2023 14:47:29,2.7626E-05,0.679249,-0.01730087,0.733704,-1.349081,4.431259,6.453003,-0.08779994,0.7079046,0.03508215,0.6999511,14.93793,-1.028214,9.378326
06.12.2023 14:47:29,0.0001130096,0.6776674,-0.0173862,0.735163,-1.359773,4.678047,6.456451,-0.08810604,0.70658,0.03454287,0.7012767,14.9267,-0.8164444,9.428528
06.12.2023 14:47:29,0.0001295339,0.6761328,-0.01744036,0.7365733,-1.362325,4.917038,6.462585,-0.08834816,0.7052354,0.03411197,0.7026194,14.91949,-0.6005554,9.464447
06.12.2023 14:47:29,0.0001821563,0.6744443,-0.01743857,0.7381198,-1.363286,5.179451,6.461487,-0.08829533,0.7036994,0.03418346,0.704161,14.93076,-0.3477097,9.432434
06.12.2023 14:47:29,0.0001689564,0.67273,-0.01729582,0.7396858,-1.347766,5.445259,6.453552,-0.08808113,0.7022805,0.03420381,0.7056019,14.92401,-0.1112366,9.392761
06.12.2023 14:47:29,0.0001373729,0.6714316,-0.01709524,0.7408693,-1.327096,5.64621,6.441315,-0.08753873,0.7009899,0.03474828,0.7069249,14.93222,0.1105347,9.285065
06.12.2023 14:47:29,0.0001109544,0.6697106,-0.01705012,0.7424265,-1.318036,5.912102,6.442566,-0.08694855,0.6995268,0.03512965,0.7084266,14.92398,0.3608932,9.184235
06.12.2023 14:47:29,-3.05945E-05,0.6682477,-0.01693977,0.743746,-1.294675,6.137642,6.446594,-0.08669893,0.6981345,0.03508501,0.7098314,14.90826,0.5922928,9.147522
06.12.2023 14:47:29,-0.0001825697,0.6667885,-0.0169456,0.7450544,-1.279305,6.362228,6.461243,-0.08760367,0.6968226,0.03385539,0.7110681,14.89056,0.7868118,9.304504
06.12.2023 14:47:29,-0.000270603,0.6653268,-0.01696292,0.7463595,-1.270227,6.586815,6.471924,-0.08828812,0.6955997,0.03295266,0.7122222,14.88116,0.9708557,9.417847
06.12.2023 14:47:29,-0.000373417,0.6638209,-0.0169651,0.7476991,-1.258613,6.817772,6.482483,-0.08881941,0.6942802,0.03200756,0.7134856,14.85684,1.173187,9.520782
06.12.2023 14:47:29,-0.0003467786,0.6623148,-0.01697944,0.7490332,-1.259002,7.048393,6.484222,-0.08830673,0.6929982,0.03222086,0.7147847,14.84006,1.390579,9.443176
06.12.2023 14:47:29,-0.0004285586,0.6609114,-0.01693164,0.7502728,-1.245569,7.262863,6.488678,-0.08780304,0.6917348,0.0326299,0.7160509,14.83929,1.604439,9.350586
06.12.2023 14:47:29,-0.0005394426,0.6593143,-0.01694896,0.7516762,-1.234155,7.506516,6.50119,-0.08701842,0.6903747,0.03333065,0.7174258,14.83899,1.839119,9.209625
06.12.2023 14:47:29,-0.0005938132,0.6580074,-0.01701047,0.7528191,-1.231493,7.705582,6.512726,-0.08709852,0.6891314,0.03322964,0.718615,14.84479,2.037117,9.207367
06.12.2023 14:47:29,-0.0007354698,0.6565459,-0.01720659,0.7540895,-1.231072,7.927834,6.542725,-0.08776605,0.6876016,0.03234337,0.7200384,14.83832,2.268623,9.314178
06.12.2023 14:47:29,-0.0009271779,0.6552141,-0.01723628,0.7552461,-1.213983,8.129974,6.561859,-0.08829847,0.6861881,0.03162537,0.7213523,14.83377,2.483704,9.397705
06.12.2023 14:47:29,-0.001075056,0.6538645,-0.01743509,0.75641,-1.213272,8.334534,6.592346,-0.08853462,0.6847913,0.0309715,0.7226779,14.81003,2.701599,9.452087
06.12.2023 14:47:29,-0.001262771,0.6526338,-0.01766574,0.7574664,-1.211639,8.520775,6.628387,-0.0883643,0.6833009,0.03083683,0.7241138,14.7944,2.942375,9.429108
06.12.2023 14:47:29,-0.001356385,0.6513457,-0.01778869,0.7585714,-1.20991,8.715469,6.648132,-0.08793455,0.6820022,0.03087736,0.7253876,14.76981,3.157448,9.373199
06.12.2023 14:47:29,-0.001490284,0.6500953,-0.01789899,0.7596404,-1.203755,8.904152,6.669708,-0.08772372,0.680632,0.03076334,0.7267038,14.7515,3.379028,9.347107
06.12.2023 14:47:29,-0.001591312,0.6489094,-0.0181371,0.7606478,-1.210052,9.082893,6.69986,-0.08773194,0.6794043,0.0307006,0.7278534,14.75458,3.573395,9.336456
06.12.2023 14:47:29,-0.001690283,0.6478056,-0.01840796,0.7615814,-1.219059,9.249069,6.732605,-0.0877801,0.6782583,0.03056306,0.7289213,14.75461,3.753677,9.336395
06.12.2023 14:47:29,-0.001709244,0.6465561,-0.01864325,0.7626367,-1.231997,9.436974,6.756592,-0.08799587,0.6770583,0.03035187,0.7300189,14.76324,3.938881,9.355316
06.12.2023 14:47:30,-0.001825281,0.6454427,-0.01889892,0.7635727,-1.238194,9.604126,6.789337,-0.08841172,0.6759869,0.03019261,0.7309675,14.79199,4.099663,9.387726
06.12.2023 14:47:30,-0.001878309,0.6444486,-0.01911967,0.7644063,-1.247526,9.753227,6.814209,-0.08857495,0.6748601,0.03027491,0.7319848,14.81885,4.274124,9.378693
06.12.2023 14:47:30,-0.001879873,0.6433367,-0.01936519,0.7653361,-1.262855,9.919853,6.837708,-0.08846524,0.6736615,0.03036172,0.7330977,14.82355,4.464973,9.346405
06.12.2023 14:47:30,-0.001857147,0.6422548,-0.0196481,0.7662371,-1.283082,10.08183,6.862671,-0.08831347,0.6724849,0.03057429,0.7341866,14.83426,4.653038,9.300446
06.12.2023 14:47:30,-0.001910228,0.6412568,-0.01980964,0.7670683,-1.287864,10.231,6.882446,-0.08846639,0.6712886,0.03046735,0.7352667,14.84583,4.837654,9.305573
06.12.2023 14:47:30,-0.002054884,0.6401924,-0.01988217,0.7679545,-1.277843,10.38978,6.901215,-0.08878525,0.670126,0.03012338,0.7363023,14.85284,5.013229,9.344421
06.12.2023 14:47:30,-0.002047774,0.6390871,-0.02005644,0.7688701,-1.2885,10.55465,6.917908,-0.08937144,0.6689028,0.02942556,0.737371,14.85559,5.192322,9.433807
06.12.2023 14:47:30,-0.002236326,0.6380225,-0.02023912,0.7697484,-1.282571,10.71309,6.949585,-0.08957312,0.667709,0.02920971,0.7384363,14.86313,5.374611,9.452118
06.12.2023 14:47:30,-0.002232393,0.6368613,-0.02046151,0.7707037,-1.296213,10.8859,6.970886,-0.08979298,0.6664,0.02927577,0.7395886,14.89471,5.574593,9.44632
06.12.2023 14:47:30,-0.002326632,0.6356063,-0.02059764,0.7717351,-1.294587,11.0723,6.991913,-0.08973963,0.6652315,0.02957245,0.7406344,14.92004,5.758034,9.401093
06.12.2023 14:47:30,-0.002520272,0.6343455,-0.02074434,0.7727672,-1.28485,11.2592,7.021088,-0.08985204,0.664161,0.02952717,0.7415827,14.93246,5.922318,9.399384
06.12.2023 14:47:30,-0.002572813,0.6331477,-0.02095375,0.7737431,-1.292258,11.4367,7.045471,-0.08976007,0.6633285,0.02995885,0.7423213,14.96268,6.054085,9.344025
06.12.2023 14:47:30,-0.002470184,0.6318078,-0.02106632,0.7748349,-1.305984,11.6351,7.050293,-0.08968122,0.6623201,0.03005992,0.7432266,14.9696,6.212303,9.315521
06.12.2023 14:47:30,-0.002467899,0.6305397,-0.02133168,0.77586,-1.322014,11.82259,7.075867,-0.0896782,0.6612615,0.0301234,0.7441664,14.98032,6.376587,9.295563
06.12.2023 14:47:30,-0.002434363,0.6291447,-0.02134113,0.7769914,-1.321952,12.02847,7.07666,-0.08975147,0.6598806,0.02982771,0.7453943,14.97195,6.588516,9.308044
06.12.2023 14:47:30,-0.002471798,0.6277261,-0.02136046,0.7781372,-1.316214,12.23744,7.083466,-0.08969072,0.6583497,0.02946879,0.7467683,14.94821,6.825714,9.313507
06.12.2023 14:47:30,-0.002591355,0.6264577,-0.02129907,0.7791601,-1.297733,12.42393,7.088715,-0.08977832,0.6570429,0.02916619,0.7479197,14.94025,7.025146,9.328888
06.12.2023 14:47:30,-0.0025396,0.6249343,-0.02137648,0.7803805,-1.303825,12.64785,7.094482,-0.09002322,0.6555901,0.0286177,0.7491853,14.92804,7.243309,9.375885
06.12.2023 14:47:30,-0.002540366,0.6236013,-0.02138425,0.7814459,-1.300736,12.84341,7.097443,-0.09011055,0.6541117,0.02851118,0.7504699,14.9361,7.468758,9.372162
06.12.2023 14:47:30,-0.002481129,0.6221844,-0.02131336,0.7825766,-1.297192,13.05103,7.089203,-0.08973681,0.6528043,0.02870751,0.7516447,14.9263,7.676949,9.308685
06.12.2023 14:47:30,-0.002456542,0.6208298,-0.02133015,0.7836514,-1.29698,13.24924,7.091217,-0.08934525,0.6515682,0.02903932,0.7527503,14.92456,7.874443,9.233124
06.12.2023 14:47:30,-0.0024156,0.6194886,-0.02126188,0.784714,-1.292237,13.44521,7.084381,-0.08928837,0.6503446,0.02899151,0.7538164,14.92291,8.062729,9.216644
06.12.2023 14:47:30,-0.002444817,0.6180615,-0.0211815,0.7858406,-1.280121,13.65334,7.081543,-0.08987332,0.6489837,0.02824443,0.7549471,14.92505,8.25827,9.308746
06.12.2023 14:47:30,-0.002539343,0.6166382,-0.02126961,0.7869552,-1.274054,13.86063,7.09848,-0.09026898,0.6475735,0.02770958,0.7561299,14.92728,8.464935,9.367157
06.12.2023 14:47:30,-0.002764274,0.6153252,-0.02150607,0.7879751,-1.266919,14.05149,7.137817,-0.09045912,0.6462169,0.02736914,0.7572793,14.92615,8.667366,9.393555
06.12.2023 14:47:30,-0.002858358,0.6141627,-0.02180706,0.788873,-1.27645,14.22043,7.173553,-0.09044205,0.6450199,0.02744155,0.7582984,14.93698,8.84993,9.370117
06.12.2023 14:47:30,-0.002983907,0.6128792,-0.02209527,0.789862,-1.281797,14.40668,7.210541,-0.09024624,0.6437193,0.02789116,0.7594098,14.96088,9.052185,9.298615
06.12.2023 14:47:30,-0.002957113,0.6115925,-0.02209132,0.7908589,-1.28035,14.5932,7.210388,-0.09005342,0.6426827,0.02809134,0.7603027,14.96481,9.213516,9.252625
06.12.2023 14:47:30,-0.002891944,0.6103619,-0.02194495,0.7918134,-1.272584,14.77138,7.194519,-0.09019297,0.6415452,0.02808372,0.7612466,14.98279,9.383308,9.248962
06.12.2023 14:47:30,-0.002786873,0.6090899,-0.02171236,0.7927991,-1.262368,14.95535,7.168091,-0.09035379,0.64029,0.02792555,0.7622893,14.9921,9.569946,9.258514
06.12.2023 14:47:30,-0.002538522,0.607895,-0.02141886,0.7937245,-1.261243,15.12809,7.125977,-0.09042449,0.6391752,0.02769075,0.7632246,14.98712,9.736641,9.269836
06.12.2023 14:47:30,-0.002606782,0.6066446,-0.02120906,0.794686,-1.237088,15.3083,7.113586,-0.09047274,0.6378377,0.02729263,0.7643513,14.96942,9.936768,9.290955
06.12.2023 14:47:30,-0.002680631,0.6053274,-0.02102896,0.7956943,-1.214354,15.49791,7.104309,-0.09042861,0.636261,0.02690493,0.7656832,14.9458,10.17434,9.301117
06.12.2023 14:47:30,-0.002716897,0.6040168,-0.02100867,0.79669,-1.206173,15.68644,7.106964,-0.09024454,0.6346977,0.02656291,0.7670131,14.91321,10.41216,9.296997
06.12.2023 14:47:30,-0.002781847,0.6026158,-0.02103319,0.7977493,-1.198224,15.8877,7.115814,-0.09028005,0.6333889,0.02596439,0.7681106,14.87976,10.60667,9.335632
06.12.2023 14:47:30,-0.002736529,0.6011961,-0.0209252,0.7988228,-1.191167,16.09146,7.104919,-0.09041876,0.6320443,0.0253117,0.7692228,14.85181,10.80419,9.386536
06.12.2023 14:47:30,-0.002696562,0.5998082,-0.02095968,0.7998647,-1.193546,16.29044,7.107391,-0.0903286,0.6308746,0.02505296,0.7702015,14.8316,10.9804,9.387634
06.12.2023 14:47:30,-0.002605149,0.59851,-0.02093338,0.8008376,-1.196713,16.47637,7.100647,-0.0898151,0.6298602,0.02542419,0.7710792,14.819,11.14249,9.303101
06.12.2023 14:47:30,-0.002576582,0.5971535,-0.02098515,0.8018484,-1.199326,16.67036,7.105469,-0.08900002,0.6287754,0.02646538,0.7720234,14.82861,11.32199,9.13559
06.12.2023 14:47:30,-0.002364677,0.5958266,-0.02103797,0.8028341,-1.218949,16.86011,7.097839,-0.08843396,0.6275752,0.02710853,0.7730421,14.83151,11.51292,9.02063
06.12.2023 14:47:30,-0.002301845,0.5945312,-0.02101707,0.8037945,-1.219931,17.04491,7.093597,-0.08813211,0.6262085,0.02761693,0.774166,14.84863,11.7233,8.935272
06.12.2023 14:47:30,-0.002170396,0.5932526,-0.02110597,0.8047367,-1.234771,17.22723,7.094818,-0.08817748,0.6247433,0.02745847,0.7753493,14.84863,11.94016,8.934021
06.12.2023 14:47:30,-0.00213887,0.5920577,-0.0210662,0.8056174,-1.231873,17.39727,7.09082,-0.08877558,0.623168,0.02598939,0.7765985,14.80396,12.1597,9.089752
06.12.2023 14:47:30,-0.002053807,0.5907445,-0.02109869,0.8065802,-1.238531,17.58401,7.090088,-0.08920416,0.6217105,0.02468001,0.7777594,14.75565,12.36472,9.220337
06.12.2023 14:47:30,-0.001940986,0.589586,-0.0210389,0.8074293,-1.241929,17.74859,7.078705,-0.08948573,0.6203401,0.02361513,0.7788536,14.71173,12.55974,9.319427
06.12.2023 14:47:30,-0.001894965,0.5885479,-0.02094313,0.8081888,-1.23706,17.89581,7.068298,-0.08960432,0.619262,0.02333988,0.7797056,14.70859,12.71631,9.339386
06.12.2023 14:47:30,-0.001889899,0.5875134,-0.02087102,0.808943,-1.230027,18.04237,7.062866,-0.0894246,0.6182055,0.0234602,0.7805606,14.70697,12.87593,9.302094
06.12.2023 14:47:30,-0.001987735,0.5864992,-0.02084236,0.8096792,-1.216435,18.18583,7.068298,-0.08922562,0.617132,0.02439976,0.7814035,14.76215,13.04057,9.189392
06.12.2023 14:47:30,-0.001898445,0.5854734,-0.02092794,0.8104192,-1.227853,18.33104,7.071808,-0.08913888,0.6159599,0.02481337,0.7823248,14.7901,13.21612,9.130981
06.12.2023 14:47:30,-0.001841704,0.5845003,-0.02097058,0.8111204,-1.233498,18.46863,7.073456,-0.08923003,0.6148056,0.02545544,0.7832012,14.85007,13.3864,9.065094
06.12.2023 14:47:30,-0.001787712,0.5835482,-0.0209436,0.8118064,-1.234284,18.6031,7.068787,-0.08934646,0.6135603,0.02531315,0.7841685,14.85687,13.56715,9.070679
06.12.2023 14:47:30,-0.001646794,0.5826105,-0.02090986,0.8124808,-1.242765,18.73552,7.057648,-0.0894989,0.6123934,0.02504958,0.7850713,14.85797,13.73516,9.090881
06.12.2023 14:47:30,-0.001611173,0.5816165,-0.02079642,0.8131957,-1.236005,18.87561,7.046204,-0.08951417,0.611102,0.02483399,0.786082,14.8508,13.92378,9.095215
06.12.2023 14:47:30,-0.001666849,0.5806258,-0.0206851,0.813906,-1.22091,19.015,7.041016,-0.08952666,0.6100138,0.02427762,0.7869427,14.8183,14.08138,9.132904
06.12.2023 14:47:30,-0.001696045,0.5794867,-0.02072182,0.8147165,-1.217767,19.17525,7.048096,-0.08967324,0.6090661,0.02349574,0.7876835,14.78137,14.21518,9.202667
06.12.2023 14:47:30,-0.001661117,0.5784009,-0.02079907,0.8154858,-1.223425,19.32795,7.054626,-0.08978154,0.6080672,0.02280321,0.7884628,14.74774,14.35725,9.261017
06.12.2023 14:47:30,-0.00165653,0.5773748,-0.02082997,0.8162118,-1.223314,19.47206,7.058746,-0.08977436,0.6072503,0.02260696,0.7890986,14.7377,14.47614,9.268188
06.12.2023 14:47:30,-0.001642964,0.5762194,-0.02089186,0.8170264,-1.225759,19.6342,7.065399,-0.08944017,0.6064413,0.02276315,0.7897539,14.72275,14.6006,9.219788
06.12.2023 14:47:30,-0.001602352,0.5751736,-0.02090996,0.8177625,-1.228116,19.78084,7.065979,-0.08923078,0.6055256,0.02297092,0.7904739,14.72318,14.73849,9.174408
06.12.2023 14:47:30,-0.001627,0.5740733,-0.02096242,0.818534,-1.226476,19.93493,7.074158,-0.08906428,0.604702,0.02322206,0.7911156,14.72998,14.86224,9.129333
06.12.2023 14:47:30,-0.001502095,0.5727512,-0.02096062,0.8194599,-1.234741,20.12,7.06778,-0.08903912,0.6037161,0.02344331,0.7918645,14.74829,15.00697,9.095093
06.12.2023 14:47:30,-0.001434876,0.5717564,-0.02103045,0.8201526,-1.243127,20.25913,7.071442,-0.08894867,0.6028427,0.02368696,0.7925325,14.76157,15.13642,9.055481
06.12.2023 14:47:30,-0.001393075,0.570546,-0.02087,0.8209993,-1.233511,20.42809,7.05545,-0.08888827,0.6016955,0.02358288,0.7934136,14.75467,15.30389,9.046478
06.12.2023 14:47:30,-0.001292982,0.5694314,-0.02087954,0.8217727,-1.240772,20.58368,7.051483,-0.08902942,0.6005927,0.02338578,0.7942388,14.75943,15.46099,9.060974
06.12.2023 14:47:30,-0.001286247,0.5682233,-0.0208494,0.8226092,-1.236429,20.75201,7.050018,-0.0890762,0.5996051,0.02309267,0.794988,14.74841,15.60251,9.078979
06.12.2023 14:47:30,-0.001219323,0.5670556,-0.02081395,0.8234156,-1.237531,20.9146,7.044067,-0.08950568,0.5981994,0.02250739,0.7960149,14.7543,15.79689,9.145935
06.12.2023 14:47:30,-0.00104905,0.5657992,-0.02079741,0.8242801,-1.249428,21.0895,7.033356,-0.0896699,0.596844,0.02221501,0.7970214,14.75616,15.98923,9.167786
06.12.2023 14:47:30,-0.00104506,0.5645594,-0.02061231,0.8251344,-1.234769,21.26163,7.017456,-0.08986185,0.595439,0.02210518,0.7980531,14.7735,16.18866,9.174164
06.12.2023 14:47:30,-0.0008919812,0.5632956,-0.02051465,0.8260003,-1.239867,21.43713,7.000214,-0.08983129,0.5941893,0.0222066,0.7989845,14.78418,16.36994,9.147247
06.12.2023 14:47:30,-0.0009794383,0.5619954,-0.0204905,0.8268859,-1.226875,21.61727,7.005493,-0.08985669,0.5930134,0.02209749,0.7998579,14.7851,16.5387,9.144623
06.12.2023 14:47:30,-0.0009009272,0.560679,-0.02043198,0.8277807,-1.227371,21.79962,6.996857,-0.09005091,0.5917631,0.02205372,0.8007628,14.80643,16.71535,9.146942
06.12.2023 14:47:30,-0.0008380541,0.559202,-0.02034746,0.8287813,-1.224364,22.00395,6.986969,-0.09022722,0.590516,0.02198722,0.8016648,14.82455,16.89154,9.150116
06.12.2023 14:47:30,-0.0007661734,0.5578235,-0.02023946,0.8297125,-1.22099,22.19442,6.974152,-0.09032129,0.5892903,0.02219921,0.8025498,14.854,17.06689,9.121948
06.12.2023 14:47:30,-0.0007579033,0.5564373,-0.02025425,0.8306424,-1.219424,22.38574,6.977051,-0.09023072,0.5879442,0.0222817,0.8035444,14.85815,17.26199,9.091309
06.12.2023 14:47:30,-0.0006898268,0.5550029,-0.02018813,0.8316032,-1.218293,22.5835,6.968536,-0.09003493,0.5865999,0.02250388,0.804542,14.86197,17.45892,9.040375
06.12.2023 14:47:30,-0.0005976768,0.5535509,-0.02009464,0.8325727,-1.217718,22.78346,6.955872,-0.08987168,0.5851671,0.02250241,0.805603,14.85394,17.66689,9.011444
06.12.2023 14:47:30,-0.0004527743,0.5521376,-0.02003588,0.8335121,-1.224523,22.97795,6.943146,-0.08959921,0.5836196,0.02224688,0.8067622,14.81909,17.89182,8.997284
06.12.2023 14:47:30,-0.0002919313,0.5506347,-0.02006606,0.8345051,-1.23831,23.18459,6.93811,-0.08938541,0.5822017,0.02159189,0.8078275,14.76212,18.09541,9.026184
06.12.2023 14:47:30,-0.0003124154,0.5491827,-0.01998686,0.8354632,-1.227992,23.38376,6.93396,-0.08918335,0.580844,0.02088039,0.8088453,14.70221,18.2897,9.062134
06.12.2023 14:47:30,-0.0002728891,0.5476658,-0.01987245,0.8364611,-1.221089,23.59163,6.922729,-0.08907289,0.5794048,0.0204029,0.8099012,14.66711,18.4947,9.081787
06.12.2023 14:47:30,-0.0002818338,0.5460878,-0.01974866,0.8374951,-1.208855,23.80755,6.913696,-0.08885645,0.5780213,0.02027867,0.810916,14.6456,18.69456,9.06192
06.12.2023 14:47:30,-0.0002672435,0.5447153,-0.01960493,0.8383918,-1.198148,23.99514,6.90094,-0.08889822,0.5765952,0.02045288,0.8119217,14.66824,18.89714,9.031372
06.12.2023 14:47:30,-0.0002525169,0.5433636,-0.01945178,0.8392721,-1.186962,24.1797,6.887207,-0.08887097,0.5751817,0.0203692,0.8129287,14.66711,19.09782,9.020416
06.12.2023 14:47:30,-0.0001907793,0.5419303,-0.01928195,0.8402022,-1.179136,24.37521,6.869049,-0.0891218,0.5736885,0.0204031,0.8139549,14.70016,19.30547,9.016479
06.12.2023 14:47:30,-4.908779E-05,0.5404132,-0.01930178,0.8411784,-1.190651,24.58212,6.864319,-0.0889714,0.5721049,0.02042197,0.8150847,14.69513,19.53212,8.985474
06.12.2023 14:47:30,0.0001016369,0.5389746,-0.01928022,0.8421013,-1.200679,24.77808,6.85495,-0.08857329,0.570435,0.02054895,0.8162944,14.67432,19.77509,8.926483
06.12.2023 14:47:30,0.0004125467,0.5375513,-0.01925895,0.843011,-1.226276,24.97189,6.835785,-0.08814468,0.5688993,0.02040204,0.8174154,14.63174,19.99811,8.893036
06.12.2023 14:47:30,0.0006731283,0.5360855,-0.01924887,0.843944,-1.247671,25.17122,6.820923,-0.08788455,0.567206,0.01995382,0.8186303,14.58588,20.23904,8.897797
06.12.2023 14:47:30,0.0007940197,0.5345853,-0.0191924,0.8448962,-1.252682,25.37483,6.810272,-0.08779911,0.5657391,0.01949285,0.819665,14.5546,20.44492,8.918396
06.12.2023 14:47:30,0.0008365851,0.5331447,-0.01911849,0.8458076,-1.249205,25.57007,6.802612,-0.08775941,0.5641772,0.01914773,0.8207532,14.53577,20.66361,8.930115
06.12.2023 14:47:31,0.0008883121,0.5317298,-0.01927983,0.8466942,-1.261043,25.76179,6.81723,-0.08783072,0.5628202,0.01893849,0.8216816,14.53534,20.85207,8.938873
06.12.2023 14:47:31,0.0008621574,0.5301533,-0.01942475,0.8476788,-1.263925,25.97507,6.835236,-0.0878634,0.5612522,0.01868264,0.8227557,14.52927,21.07027,8.947052
06.12.2023 14:47:31,0.0008620233,0.5286772,-0.01958169,0.8485966,-1.270226,26.17458,6.852722,-0.08804327,0.5595422,0.01868059,0.8239005,14.55435,21.30682,8.93927
06.12.2023 14:47:31,0.001044458,0.5272629,-0.01968054,0.8494737,-1.290875,26.36565,6.853455,-0.08819629,0.5580609,0.01853256,0.8248915,14.56635,21.51089,8.946228
06.12.2023 14:47:31,0.0012116,0.5258338,-0.01957434,0.8503613,-1.297648,26.55838,6.835175,-0.08840571,0.5563637,0.01842033,0.8260173,14.58707,21.74409,8.950958
06.12.2023 14:47:31,0.001337238,0.5242251,-0.01942237,0.8513572,-1.297306,26.77499,6.815247,-0.08846909,0.5546906,0.01837683,0.827136,14.59827,21.97623,8.939758
06.12.2023 14:47:31,0.001502327,0.5226899,-0.01927107,0.8523037,-1.301096,26.98152,6.792908,-0.08844654,0.5530656,0.01830817,0.8282273,14.59943,22.20258,8.925842
06.12.2023 14:47:31,0.001640404,0.5209659,-0.01914393,0.8533612,-1.303384,27.21315,6.774872,-0.08840849,0.5514955,0.01846495,0.8292742,14.61322,22.42226,8.890015
06.12.2023 14:47:31,0.001628987,0.5193792,-0.01913633,0.8543281,-1.298514,27.42606,6.777222,-0.08816013,0.5498465,0.01837563,0.8303969,14.59155,22.65478,8.863098
06.12.2023 14:47:31,0.001660408,0.5177968,-0.01917796,0.8552871,-1.300773,27.63822,6.78183,-0.08808431,0.5482384,0.01817513,0.8314719,14.57904,22.87814,8.858734
06.12.2023 14:47:31,0.001636188,0.5161456,-0.01934987,0.8562807,-1.305126,27.85939,6.802643,-0.08815705,0.5465696,0.01767936,0.8325728,14.56232,23.10595,8.891785
06.12.2023 14:47:31,0.001524076,0.5145541,-0.01949076,0.857235,-1.299069,28.07225,6.825531,-0.08852959,0.5448347,0.01681409,0.8336876,14.55148,23.33628,8.979218
06.12.2023 14:47:31,0.001432789,0.5130736,-0.01956468,0.8581204,-1.291285,28.27,6.840393,-0.08892503,0.543191,0.01586397,0.834736,14.53745,23.55287,9.077454
06.12.2023 14:47:31,0.001280292,0.5115067,-0.01969741,0.8590525,-1.28069,28.47906,6.864777,-0.08912221,0.541602,0.0152982,0.8357574,14.52863,23.76644,9.126526
06.12.2023 14:47:31,0.001351076,0.5100922,-0.01978973,0.859891,-1.289993,28.66776,6.871826,-0.08917667,0.5399877,0.01495808,0.8368017,14.52051,23.98647,9.144379
06.12.2023 14:47:31,0.001367662,0.508728,-0.02000454,0.8606939,-1.301185,28.84962,6.894104,-0.08853372,0.538498,0.01576457,0.8378145,14.5163,24.20518,9.008057
06.12.2023 14:47:31,0.001390025,0.5074533,-0.02022317,0.8614408,-1.313304,29.01941,6.916351,-0.08800394,0.5371466,0.01632568,0.8387266,14.50659,24.4017,8.904388
06.12.2023 14:47:31,0.001568431,0.506219,-0.02039814,0.8621623,-1.338341,29.18379,6.925171,-0.087819,0.53569,0.01618227,0.8396798,14.4866,24.60385,8.889893
06.12.2023 14:47:31,0.001754951,0.5051026,-0.02058802,0.8628119,-1.365288,29.3324,6.934906,-0.08809587,0.5344495,0.01522098,0.8404589,14.45956,24.76529,8.986755
06.12.2023 14:47:31,0.002077984,0.5040826,-0.02073216,0.8634041,-1.403298,29.4682,6.932129,-0.0880278,0.533116,0.01444349,0.8413262,14.41129,24.94535,9.042908
06.12.2023 14:47:31,0.00244473,0.5030944,-0.02080908,0.8639774,-1.441843,29.59964,6.920227,-0.0876891,0.5317735,0.01403112,0.8422177,14.35956,25.13226,9.046509
06.12.2023 14:47:31,0.002688557,0.502206,-0.02086301,0.8644922,-1.467134,29.71767,6.913025,-0.08705892,0.5304229,0.01383565,0.8431375,14.29297,25.3254,9.010742
06.12.2023 14:47:31,0.002968179,0.5012237,-0.02088076,0.8650607,-1.493708,29.84802,6.900391,-0.08656942,0.5291322,0.0136849,0.8440009,14.2424,25.50821,8.980347
06.12.2023 14:47:31,0.00313133,0.5002425,-0.02103676,0.8656241,-1.516686,29.9782,6.908234,-0.08605561,0.5276867,0.01361687,0.8449591,14.19516,25.71262,8.938873
06.12.2023 14:47:31,0.003170041,0.499457,-0.02112949,0.8660752,-1.524106,30.08225,6.916595,-0.08572554,0.5264082,0.01312463,0.8457975,14.13904,25.88931,8.952332
06.12.2023 14:47:31,0.003246952,0.4987244,-0.02124759,0.8664941,-1.536875,30.1793,6.925232,-0.08588123,0.5253319,0.01266576,0.8464576,14.13129,26.03138,8.995209
06.12.2023 14:47:31,0.003123204,0.4979392,-0.02133382,0.8669439,-1.527754,30.2831,6.942261,-0.08585315,0.5240507,0.01208946,0.8472626,14.09961,26.20328,9.03598
06.12.2023 14:47:31,0.003116174,0.4971225,-0.02140851,0.8674107,-1.529481,30.39107,6.951508,-0.08633363,0.522597,0.01082885,0.8481284,14.07703,26.38774,9.173584
06.12.2023 14:47:31,0.002983765,0.4962671,-0.02140959,0.8679008,-1.514445,30.50394,6.960663,-0.08681303,0.5210851,0.00955664,0.8490244,14.05441,26.57975,9.311737
06.12.2023 14:47:31,0.00286949,0.4954973,-0.02143558,0.8683402,-1.502808,30.60546,6.971069,-0.08748928,0.5196,0.009177127,0.849869,14.10507,26.76922,9.374847
06.12.2023 14:47:31,0.002603726,0.494678,-0.02168461,0.8688019,-1.4886,30.71354,7.01236,-0.08781203,0.5183939,0.009660522,0.8505666,14.17184,26.93017,9.334259
06.12.2023 14:47:31,0.0022774,0.4937801,-0.02192351,0.8693075,-1.467523,30.83184,7.056183,-0.0882808,0.5171063,0.01063584,0.8512899,14.28265,27.10234,9.253174
06.12.2023 14:47:31,0.001924602,0.4929094,-0.02222393,0.8697947,-1.447261,30.94649,7.107513,-0.08846242,0.5158405,0.01120709,0.8520314,14.34088,27.27374,9.194183
06.12.2023 14:47:31,0.001531692,0.4919232,-0.0226747,0.870342,-1.431089,31.07632,7.1763,-0.08857736,0.5146492,0.01176582,0.852732,14.3913,27.43591,9.133026
06.12.2023 14:47:31,0.001134216,0.4910701,-0.02296634,0.8708166,-1.405696,31.18839,7.229187,-0.08912984,0.5135421,0.01177563,0.8533415,14.45139,27.57731,9.153564
06.12.2023 14:47:31,0.0008165298,0.4902714,-0.02320071,0.8712606,-1.385095,31.29325,7.271729,-0.08968522,0.5123569,0.01135853,0.8540012,14.48688,27.72686,9.215424
06.12.2023 14:47:31,0.0005442839,0.4894005,-0.02353053,0.8717415,-1.374122,31.40765,7.32135,-0.09003419,0.5113226,0.01079006,0.8545915,14.49255,27.85817,9.281281
06.12.2023 14:47:31,0.0002742693,0.4885769,-0.02379101,0.8721964,-1.359522,31.51571,7.3638,-0.09007299,0.5102017,0.01072336,0.8552579,14.49802,28.00832,9.27771
06.12.2023 14:47:31,-6.08769E-05,0.4878971,-0.02402852,0.8725704,-1.337442,31.60469,7.407349,-0.09014697,0.5091879,0.01052112,0.8558566,14.49841,28.14268,9.290894
06.12.2023 14:47:31,-0.0003937367,0.4871178,-0.02428158,0.8729986,-1.316115,31.70668,7.452454,-0.09023456,0.5082074,0.01001013,0.8564361,14.48181,28.27063,9.335846
06.12.2023 14:47:31,-0.000811181,0.4865113,-0.02445351,0.8733317,-1.282212,31.78572,7.493866,-0.09036476,0.5072971,0.009591986,0.8569667,14.47464,28.38889,9.375
06.12.2023 14:47:31,-0.001166146,0.4859013,-0.02470786,0.8736636,-1.259092,31.86534,7.539978,-0.09020639,0.5062764,0.009456798,0.8575883,14.4563,28.52772,9.367493
06.12.2023 14:47:31,-0.00152995,0.4853418,-0.02489917,0.8739685,-1.231665,31.93819,7.5802,-0.09011263,0.5052858,0.00959187,0.8581806,14.45999,28.66287,9.337463
06.12.2023 14:47:31,-0.001894204,0.4848151,-0.02515626,0.8742528,-1.207898,32.00676,7.626953,-0.08993075,0.504263,0.009686268,0.8588001,14.45273,28.80333,9.305817
06.12.2023 14:47:31,-0.002321954,0.4842699,-0.0252381,0.8745515,-1.167928,32.07743,7.659637,-0.08990011,0.5031397,0.01003508,0.8594579,14.47568,28.95632,9.256866
06.12.2023 14:47:31,-0.002701773,0.4837364,-0.02526292,0.874845,-1.129598,32.14658,7.683868,-0.08985515,0.5021749,0.01000531,0.860027,14.47427,29.08613,9.246429
06.12.2023 14:47:31,-0.00311686,0.4831888,-0.02540366,0.875142,-1.09408,32.21751,7.72168,-0.08967531,0.5011958,0.009950006,0.8606173,14.4581,29.21959,9.230347
06.12.2023 14:47:31,-0.003420768,0.4827153,-0.02533128,0.8754042,-1.058112,32.27879,7.731812,-0.0895846,0.5001863,0.009634402,0.8612175,14.43576,29.35433,9.245209
06.12.2023 14:47:31,-0.003683787,0.4820704,-0.02535332,0.8757578,-1.030919,32.36261,7.749329,-0.08959479,0.4991412,0.0090219,0.8618292,14.40646,29.49062,9.295319
06.12.2023 14:47:31,-0.004038043,0.4814501,-0.02528978,0.8760993,-0.9898958,32.44292,7.763184,-0.08990274,0.4980659,0.008302281,0.8624262,14.40076,29.62589,9.373566
06.12.2023 14:47:31,-0.004320761,0.4808385,-0.02527007,0.8764343,-0.9584841,32.52222,7.777466,-0.09022737,0.4969586,0.007771,0.8630359,14.40793,29.76607,9.433685
06.12.2023 14:47:31,-0.004583327,0.4801783,-0.02511263,0.8767994,-0.9213421,32.60778,7.776794,-0.09058412,0.4959058,0.007571265,0.8636056,14.43726,29.9002,9.463165
06.12.2023 14:47:31,-0.004795433,0.4795337,-0.0249271,0.8771563,-0.8877809,32.69137,7.770477,-0.09067497,0.4950023,0.007822289,0.8641121,14.46533,30.02072,9.433533
06.12.2023 14:47:31,-0.004780469,0.4788407,-0.02466148,0.8775424,-0.8725173,32.78173,7.743622,-0.09073117,0.493961,0.008079087,0.8646995,14.49097,30.16011,9.399689
06.12.2023 14:47:31,-0.004759897,0.4780017,-0.02432416,0.8780091,-0.8534817,32.89108,7.709351,-0.09061574,0.4928516,0.008666193,0.8653387,14.51868,30.31285,9.321869
06.12.2023 14:47:31,-0.004724032,0.4771531,-0.023908,0.8784822,-0.8317117,33.00161,7.66629,-0.09064157,0.4916399,0.008691927,0.8660247,14.52875,30.4739,9.307404
06.12.2023 14:47:31,-0.004480231,0.4760531,-0.02338909,0.8790941,-0.8246185,33.14524,7.601715,-0.0905591,0.4901381,0.008783402,0.8668832,14.53317,30.67535,9.276764
06.12.2023 14:47:31,-0.004353771,0.4749646,-0.02294055,0.8796951,-0.8097264,33.28707,7.550598,-0.09042648,0.4886948,0.008641791,0.867713,14.51901,30.86823,9.267273
06.12.2023 14:47:31,-0.004207016,0.4737865,-0.02244764,0.8803436,-0.7943477,33.44047,7.493958,-0.09031639,0.4872595,0.008092751,0.8685365,14.48404,31.05721,9.300201
06.12.2023 14:47:31,-0.003986541,0.4722773,-0.02209727,0.881164,-0.7933707,33.63702,7.447968,-0.09030375,0.4858517,0.007125165,0.8693346,14.43518,31.23856,9.381287
06.12.2023 14:47:31,-0.003640933,0.4707336,-0.02171896,0.8820006,-0.8036041,33.8381,7.392456,-0.09013977,0.4845475,0.006589604,0.8700834,14.39526,31.41064,9.411469
06.12.2023 14:47:31,-0.003305308,0.4691752,-0.02149707,0.8828372,-0.8214025,34.04092,7.353363,-0.08995721,0.4835059,0.006362886,0.8706833,14.36954,31.54985,9.412476
06.12.2023 14:47:31,-0.002866518,0.4675018,-0.02117466,0.8837339,-0.8441061,34.25859,7.298767,-0.0896393,0.4823163,0.006260584,0.8713763,14.33801,31.71114,9.391602
06.12.2023 14:47:31,-0.002413805,0.46578,-0.02078737,0.8846531,-0.8648507,34.48225,7.236938,-0.0893996,0.4813181,0.006322641,0.8719522,14.32248,31.84682,9.36084
06.12.2023 14:47:31,-0.001954035,0.4640366,-0.02038371,0.8855793,-0.8856372,34.70843,7.173218,-0.08902297,0.4802898,0.006283594,0.8725578,14.28766,31.98774,9.332153
06.12.2023 14:47:31,-0.001596091,0.462363,-0.02007772,0.886462,-0.9016805,34.92521,7.124817,-0.08880124,0.4793334,0.006434684,0.873105,14.27856,32.11794,9.293976
06.12.2023 14:47:31,-0.001301701,0.4606295,-0.0198697,0.8873692,-0.9164831,35.14945,7.089905,-0.08853257,0.4783793,0.00630389,0.8736564,14.24899,32.2468,9.281677
06.12.2023 14:47:31,-0.0009870528,0.45902,-0.01968779,0.8882073,-0.9351526,35.3575,7.056488,-0.08835604,0.4773566,0.006418182,0.8742326,14.24258,32.3847,9.249207
06.12.2023 14:47:31,-0.0006298912,0.4571528,-0.0195722,0.8891726,-0.961171,35.59864,7.027954,-0.08820584,0.4761365,0.006472611,0.8749125,14.23642,32.5478,9.222198
06.12.2023 14:47:31,-0.0001507199,0.4555173,-0.01953829,0.8900126,-1.004548,35.80991,7.001251,-0.08797332,0.474965,0.006425945,0.8755727,14.21609,32.70492,9.201324
06.12.2023 14:47:31,0.000249032,0.4540879,-0.01938643,0.8907459,-1.034241,35.99424,6.966553,-0.0878888,0.4738829,0.006076511,0.8761699,14.19354,32.84637,9.22052
06.12.2023 14:47:31,0.0007772638,0.4524144,-0.01916333,0.8916016,-1.072958,36.20988,6.918304,-0.0878742,0.4725331,0.005729686,0.8769024,14.17957,33.02195,9.240631
06.12.2023 14:47:31,0.001296198,0.4508956,-0.01886724,0.8923764,-1.107465,36.40534,6.863037,-0.08765396,0.4711188,0.004954248,0.8776898,14.12183,33.20619,9.292084
06.12.2023 14:47:31,0.001664591,0.4493024,-0.01861107,0.8931844,-1.128661,36.60999,6.819824,-0.08740846,0.4697712,0.004580892,0.8784384,14.08328,33.38416,9.302185
06.12.2023 14:47:31,0.001926879,0.4478427,-0.01822843,0.8939245,-1.132921,36.79714,6.768982,-0.08719765,0.4682127,0.004341324,0.8792922,14.05658,33.58985,9.298584
06.12.2023 14:47:31,0.002242543,0.4463271,-0.01797085,0.8946866,-1.149116,36.9914,6.728363,-0.0869679,0.4666619,0.004075455,0.8801401,14.02652,33.79442,9.296814
06.12.2023 14:47:31,0.002460895,0.4448156,-0.01776742,0.8954425,-1.158234,37.18493,6.698273,-0.0866676,0.4649525,0.00426845,0.8810731,14.01483,34.02311,9.242889
06.12.2023 14:47:31,0.002712562,0.443294,-0.01766362,0.8961981,-1.175926,37.37967,6.676788,-0.08632504,0.4634135,0.004308918,0.8819169,13.98969,34.22896,9.204041
06.12.2023 14:47:31,0.003046644,0.441658,-0.01751185,0.8970074,-1.19953,37.58889,6.646423,-0.08603162,0.4615298,0.00431293,0.8829327,13.96909,34.47868,9.168213
06.12.2023 14:47:31,0.003295337,0.4402885,-0.01737817,0.8976821,-1.215859,37.76384,6.621948,-0.08580299,0.4599574,0.00441559,0.8837746,13.95874,34.68726,9.12915
06.12.2023 14:47:31,0.003590372,0.4388122,-0.01731576,0.8984048,-1.240433,37.95236,6.602692,-0.0855443,0.4581945,0.004383305,0.8847151,13.93893,34.92002,9.100403
06.12.2023 14:47:31,0.003949499,0.4373317,-0.01726033,0.8991259,-1.272023,38.1413,6.581024,-0.08522413,0.4564309,0.004416337,0.885657,13.91623,35.15379,9.061707
06.12.2023 14:47:31,0.004313735,0.4358632,-0.01732287,0.8998359,-1.310131,38.32866,6.571381,-0.08506085,0.4545719,0.004433684,0.8866282,13.909,35.39756,9.032288
06.12.2023 14:47:31,0.004636036,0.4344896,-0.01738068,0.9004972,-1.343877,38.50374,6.563293,-0.08491339,0.4526835,0.004359116,0.8876082,13.89859,35.64412,9.012939
06.12.2023 14:47:31,0.004866923,0.4330401,-0.01737272,0.9011942,-1.364815,38.68824,6.553192,-0.08474021,0.4507947,0.004157246,0.8885865,13.87888,35.89003,9.005371
06.12.2023 14:47:31,0.005231014,0.4316501,-0.01738211,0.9018584,-1.40052,38.86511,6.538269,-0.0845683,0.448915,0.004042264,0.8895545,13.86377,36.13497,8.989136
06.12.2023 14:47:31,0.005487682,0.4301869,-0.01733361,0.9025568,-1.422186,39.05103,6.522858,-0.08469173,0.4469196,0.003800953,0.8905481,13.8728,36.39013,9.000549
06.12.2023 14:47:31,0.005655181,0.4288597,-0.01728035,0.9031881,-1.434669,39.21949,6.5112,-0.08469334,0.4449898,0.003590237,0.8915147,13.87076,36.63823,9.003021
06.12.2023 14:47:31,0.005769677,0.4274938,-0.01725574,0.9038352,-1.443039,39.39276,6.505219,-0.08478087,0.4430498,0.003639367,0.8924717,13.89093,36.88784,8.983124
06.12.2023 14:47:31,0.005933048,0.4260063,-0.01732091,0.9045349,-1.460681,39.5814,6.506378,-0.08473973,0.4407639,0.003770625,0.8936063,13.90356,37.18391,8.944519
06.12.2023 14:47:32,0.00606591,0.4246967,-0.01744536,0.9051473,-1.478341,39.74745,6.514954,-0.08517293,0.4387615,0.003999687,0.894549,13.96857,37.43781,8.92334
06.12.2023 14:47:32,0.006094266,0.4235298,-0.01742851,0.905694,-1.478513,39.89512,6.513733,-0.08561361,0.4366405,0.00409932,0.8955438,14.02823,37.70586,8.91452
06.12.2023 14:47:32,0.006238335,0.4222188,-0.01747887,0.9063039,-1.493725,40.06104,6.51413,-0.08620474,0.4347093,0.004268629,0.8964253,14.10611,37.9478,8.907959
06.12.2023 14:47:32,0.006411554,0.4209197,-0.01750694,0.9069063,-1.510915,40.22535,6.510834,-0.08637762,0.4327557,0.004697776,0.8973513,14.15396,38.19928,8.852325
06.12.2023 14:47:32,0.006498571,0.4196873,-0.01745991,0.9074776,-1.515651,40.381,6.503815,-0.08669048,0.4308343,0.005129731,0.8982429,14.21609,38.44472,8.803772
06.12.2023 14:47:32,0.006571746,0.418485,-0.01742601,0.9080328,-1.519649,40.53277,6.498779,-0.08654933,0.4291212,0.005431834,0.8990744,14.22375,38.66805,8.747406
06.12.2023 14:47:32,0.006673238,0.4172011,-0.01751526,0.9086209,-1.532367,40.69487,6.505371,-0.08654703,0.4274947,0.005341447,0.8998497,14.2258,38.87584,8.739929
06.12.2023 14:47:32,0.006701284,0.4161723,-0.01774634,0.9090879,-1.544605,40.82486,6.529846,-0.08667027,0.4261722,0.005081802,0.9004664,14.2312,39.04191,8.759583
06.12.2023 14:47:32,0.006760516,0.4149078,-0.0178452,0.9096633,-1.553354,40.98433,6.53949,-0.08667389,0.4245836,0.004871536,0.9012173,14.22784,39.24367,8.76532
06.12.2023 14:47:32,0.006878837,0.4137639,-0.01790791,0.9101821,-1.566735,41.1285,6.542389,-0.08638906,0.4233984,0.004496746,0.9018041,14.18484,39.39618,8.777863
06.12.2023 14:47:32,0.006954546,0.4126348,-0.01802131,0.9106918,-1.578087,41.27079,6.552612,-0.08615065,0.4220956,0.004184468,0.9024389,14.15024,39.56342,8.785156
06.12.2023 14:47:32,0.007180704,0.4115909,-0.01815411,0.9111596,-1.606192,41.40234,6.557617,-0.08603991,0.420849,0.003996229,0.9030323,14.13477,39.72262,8.78656
06.12.2023 14:47:32,0.007446385,0.4105703,-0.01831658,0.9116146,-1.639854,41.53097,6.563904,-0.08610682,0.4193495,0.003787291,0.9037241,14.13782,39.91166,8.796478
06.12.2023 14:47:32,0.007642199,0.4095093,-0.01842493,0.9120879,-1.663592,41.6645,6.567963,-0.08629196,0.4177689,0.003584292,0.904439,14.15387,40.10949,8.810852
06.12.2023 14:47:32,0.007800526,0.4085343,-0.0186069,0.91252,-1.686996,41.78726,6.58139,-0.08644944,0.4162709,0.003566063,0.9051145,14.17569,40.29822,8.805328
06.12.2023 14:47:32,0.007961959,0.4074349,-0.01876116,0.9130068,-1.709189,41.92553,6.592041,-0.08629815,0.4146203,0.003687612,0.9058858,14.17267,40.51084,8.76828
06.12.2023 14:47:32,0.008111346,0.406482,-0.01894378,0.9134263,-1.731676,42.04538,6.605988,-0.08591759,0.4133762,0.003904854,0.9064895,14.14856,40.675,8.71405
06.12.2023 14:47:32,0.008307964,0.4055383,-0.01905124,0.9138418,-1.755608,42.16396,6.609894,-0.08540624,0.4120453,0.003830328,0.9071438,14.09711,40.84963,8.683289
06.12.2023 14:47:32,0.00841942,0.4047055,-0.01930731,0.9142045,-1.777697,42.26874,6.633179,-0.085136,0.4110297,0.00352864,0.907631,14.05862,40.97973,8.691498
06.12.2023 14:47:32,0.008667148,0.4038008,-0.01950288,0.914598,-1.811104,42.38246,6.644012,-0.08506519,0.4099098,0.00301111,0.9081458,14.03116,41.11925,8.731201
06.12.2023 14:47:32,0.008737253,0.4029693,-0.01968401,0.9149601,-1.825327,42.48689,6.661407,-0.0851326,0.4090382,0.002346411,0.9085344,14.01025,41.2246,8.795654
06.12.2023 14:47:32,0.008911633,0.4022672,-0.0198404,0.9152639,-1.849558,42.57508,6.671204,-0.0850606,0.4079406,0.002013601,0.9090353,13.99158,41.36236,8.816223
06.12.2023 14:47:32,0.009060157,0.4014719,-0.0201029,0.9156058,-1.875773,42.67505,6.693542,-0.08493934,0.407072,0.002122851,0.9094357,13.98767,41.47453,8.790192
06.12.2023 14:47:32,0.009137787,0.4006267,-0.0203307,0.9159702,-1.892819,42.78117,6.715637,-0.08485619,0.4061823,0.002417716,0.9098404,13.99655,41.5901,8.746277
06.12.2023 14:47:32,0.009349074,0.3999332,-0.02058521,0.9162654,-1.925379,42.86836,6.734161,-0.08480848,0.4052241,0.00259013,0.9102715,14.0036,41.71307,8.716278
06.12.2023 14:47:32,0.009366816,0.3991886,-0.02079423,0.9165851,-1.935396,42.96177,6.756897,-0.08501425,0.4042195,0.002653018,0.9106987,14.0322,41.8382,8.709564
06.12.2023 14:47:32,0.009496628,0.3984017,-0.02102544,0.9169208,-1.958089,43.06052,6.776947,-0.08526281,0.4031285,0.002364895,0.9111598,14.04922,41.97136,8.740997
06.12.2023 14:47:32,0.009678322,0.3976106,-0.02131978,0.9172555,-1.989075,43.15988,6.801331,-0.08533918,0.4022234,0.001934503,0.9115536,14.04086,42.08198,8.781006
06.12.2023 14:47:32,0.009776571,0.3969339,-0.02141097,0.9175454,-2.002229,43.24458,6.807922,-0.0854435,0.4012389,0.001606022,0.9119782,14.04059,42.20294,8.810852
06.12.2023 14:47:32,0.009810126,0.3961538,-0.02146578,0.9178808,-2.006711,43.34209,6.813873,-0.08549724,0.4003878,0.001306162,0.9123476,14.03586,42.30777,8.836578
06.12.2023 14:47:32,0.009880581,0.3954474,-0.02156533,0.9181823,-2.017243,43.43044,6.822723,-0.08550554,0.3996187,0.001064557,0.9126843,14.02875,42.40312,8.854858
06.12.2023 14:47:32,0.009815066,0.3947878,-0.0215668,0.9184667,-2.009101,43.51273,6.827271,-0.08566438,0.3987861,0.0008083826,0.9130338,14.03708,42.5046,8.881165
06.12.2023 14:47:32,0.009724514,0.3940819,-0.02163778,0.9187692,-2.001364,43.60087,6.840393,-0.08581542,0.3981045,0.0004750258,0.9133172,14.04044,42.58656,8.916809
06.12.2023 14:47:32,0.009666146,0.3935508,-0.02174496,0.9189948,-1.998984,43.66723,6.855469,-0.08594187,0.3975417,0.0002609557,0.9135505,14.04626,42.6546,8.939819
06.12.2023 14:47:32,0.009713206,0.3928955,-0.02181181,0.9192731,-2.00563,43.74906,6.861847,-0.08605962,0.3967811,0.0002057945,0.91387,14.05939,42.74872,8.943665
06.12.2023 14:47:32,0.009795364,0.3923343,-0.0218523,0.9195109,-2.014975,43.8191,6.863647,-0.0860552,0.3961075,0.0004539604,0.9141625,14.07321,42.83534,8.910461
06.12.2023 14:47:32,0.009852698,0.3917892,-0.02179976,0.919744,-2.017557,43.88698,6.85672,-0.08607712,0.395618,0.0006640743,0.9143723,14.08725,42.89819,8.884369
06.12.2023 14:47:32,0.009891141,0.3912714,-0.02176107,0.9199648,-2.018832,43.95144,6.852051,-0.0859969,0.3949709,0.0007572405,0.9146595,14.08585,42.98127,8.864258
06.12.2023 14:47:32,0.009700029,0.3908664,-0.02168726,0.9201408,-1.99455,44.00169,6.853699,-0.08584096,0.3945259,0.0008980221,0.9148661,14.07776,43.04007,8.837555
06.12.2023 14:47:32,0.009586237,0.3904511,-0.02174884,0.9203169,-1.984462,44.05345,6.86618,-0.08568771,0.3940837,0.001048619,0.9150708,14.07034,43.09853,8.809998
06.12.2023 14:47:32,0.009473074,0.3900855,-0.02189983,0.9204694,-1.978528,44.09914,6.88797,-0.08544724,0.393567,0.001184484,0.9153155,14.05338,43.16725,8.779175
06.12.2023 14:47:32,0.009476816,0.3896976,-0.02220146,0.9206265,-1.991597,44.14788,6.920502,-0.08522631,0.3929391,0.001324441,0.9156056,14.03909,43.24974,8.747742
06.12.2023 14:47:32,0.009544954,0.3894565,-0.02244757,0.9207218,-2.00927,44.1783,6.94397,-0.084881,0.3922537,0.001422559,0.9159313,14.00998,43.34054,8.714417
06.12.2023 14:47:32,0.009623281,0.3891213,-0.02245292,0.9208626,-2.017071,44.22006,6.941772,-0.08452813,0.3916366,0.001234075,0.9162284,13.96674,43.42083,8.711823
06.12.2023 14:47:32,0.009822696,0.3889221,-0.02254779,0.9209424,-2.041935,44.24511,6.943359,-0.08419603,0.3910509,0.001076549,0.9165092,13.92694,43.49712,8.707306
06.12.2023 14:47:32,0.009878791,0.3886021,-0.02253216,0.9210772,-2.046487,44.28493,6.939911,-0.08393242,0.390802,0.0006593184,0.9166399,13.88126,43.52853,8.736877
06.12.2023 14:47:32,0.009918462,0.3884386,-0.02245611,0.9211476,-2.046947,44.30517,6.930481,-0.08373325,0.390597,0.0001383636,0.9167457,13.83749,43.55301,8.780884
06.12.2023 14:47:32,0.009972596,0.3882616,-0.02246354,0.9212214,-2.052625,44.32722,6.92926,-0.08397616,0.3906999,-0.0003988145,0.9166796,13.83832,43.53376,8.850159
06.12.2023 14:47:32,0.01001562,0.3880343,-0.02244443,0.9213172,-2.055844,44.3555,6.925812,-0.08394448,0.3903985,-0.0004470478,0.9168109,13.83408,43.57166,8.850891
06.12.2023 14:47:32,0.009986153,0.3879018,-0.0225816,0.92137,-2.058551,44.37217,6.941925,-0.08378042,0.3900394,-7.509661E-05,0.9169788,13.83508,43.62109,8.800323
06.12.2023 14:47:32,0.01009676,0.3877482,-0.0227772,0.9214286,-2.078604,44.39164,6.958038,-0.08345183,0.3892684,0.0004105881,0.9173362,13.82556,43.72482,8.726074
06.12.2023 14:47:32,0.01019882,0.3876532,-0.0230045,0.9214618,-2.099282,44.40387,6.977753,-0.08329435,0.3881905,0.0006007968,0.917807,13.82184,43.86311,8.688171
06.12.2023 14:47:32,0.01023922,0.3874128,-0.02298437,0.921563,-2.102141,44.43376,6.974396,-0.08344178,0.3873233,0.0002619745,0.9181602,13.82568,43.968,8.722565
06.12.2023 14:47:32,0.01040207,0.3873511,-0.02303354,0.9215858,-2.121398,44.44159,6.972504,-0.08342091,0.3862801,7.926875E-05,0.9186015,13.81952,44.09781,8.730957
06.12.2023 14:47:32,0.01053973,0.3871474,-0.02312068,0.9216676,-2.139376,44.46712,6.976074,-0.08347706,0.3850436,0.0003241326,0.9191153,13.8414,44.2538,8.695557
06.12.2023 14:47:32,0.01071889,0.38713,-0.02320962,0.9216707,-2.162217,44.46952,6.9776,-0.08343187,0.3840773,0.0007616861,0.9195234,13.85999,44.37831,8.637573
06.12.2023 14:47:32,0.01076571,0.3869458,-0.02320538,0.9217476,-2.166582,44.49243,6.975494,-0.08334434,0.3832894,0.001402956,0.9198592,13.88232,44.48229,8.557678
06.12.2023 14:47:32,0.01091455,0.386994,-0.02331793,0.9217227,-2.187407,44.48669,6.980682,-0.08334428,0.3824171,0.001847775,0.9202214,13.9054,44.59454,8.501801
06.12.2023 14:47:32,0.01095126,0.3869674,-0.02337718,0.921732,-2.193857,44.49012,6.985413,-0.08367603,0.3818911,0.001963212,0.9204095,13.94763,44.65759,8.499451
06.12.2023 14:47:32,0.01102991,0.386946,-0.02332744,0.9217413,-2.199917,44.49273,6.976715,-0.08388942,0.3814938,0.001823464,0.9205551,13.96558,44.70403,8.520142
06.12.2023 14:47:32,0.01099919,0.3869769,-0.02322866,0.9217312,-2.192356,44.48871,6.96756,-0.0838983,0.3811527,0.001947313,0.9206954,13.9733,44.74747,8.503998
06.12.2023 14:47:32,0.01087581,0.3870026,-0.02317229,0.9217233,-2.176872,44.48536,6.96698,-0.08373509,0.3807025,0.002486434,0.9208952,13.98151,44.80928,8.434723
06.12.2023 14:47:32,0.01067892,0.3869803,-0.02322377,0.9217336,-2.1583,44.48814,6.981201,-0.08377246,0.3801945,0.00305903,0.9210999,14.0126,44.8764,8.370361
06.12.2023 14:47:32,0.01039304,0.3870279,-0.02323235,0.9217167,-2.12857,44.48208,6.994659,-0.08381701,0.3797464,0.0033591,0.9212796,14.03217,44.93406,8.335968
06.12.2023 14:47:32,0.01020088,0.387118,-0.02330349,0.9216792,-2.111615,44.47089,7.010498,-0.08404367,0.379463,0.003075714,0.9213767,14.04477,44.9651,8.373627
06.12.2023 14:47:32,0.01004787,0.3871451,-0.02329653,0.9216697,-2.095195,44.46744,7.016479,-0.08433025,0.3793656,0.002848474,0.9213914,14.06549,44.97261,8.409851
06.12.2023 14:47:32,0.009958804,0.3871224,-0.02313801,0.9216842,-2.078701,44.46996,7.003723,-0.08437471,0.3791947,0.002945565,0.9214574,14.07513,44.99418,8.39978
06.12.2023 14:47:32,0.009841062,0.3871217,-0.02293755,0.9216908,-2.057365,44.46966,6.987732,-0.08423758,0.3794608,0.00337538,0.9213589,14.07852,44.9654,8.350372
06.12.2023 14:47:32,0.009689351,0.3872045,-0.02262231,0.9216654,-2.027525,44.45879,6.960938,-0.08386035,0.3798859,0.003968247,0.9212157,14.06308,44.92041,8.274323
06.12.2023 14:47:32,0.009573364,0.3872231,-0.02241297,0.9216639,-2.006019,44.4561,6.943909,-0.08360267,0.3803358,0.004267954,0.9210522,14.04739,44.86897,8.235168
06.12.2023 14:47:32,0.009360903,0.3872373,-0.02209524,0.9216678,-1.9695,44.45373,6.919708,-0.08353279,0.3808425,0.004132814,0.9208497,14.03223,44.80537,8.251434
06.12.2023 14:47:32,0.009169275,0.3872264,-0.02192838,0.9216783,-1.941825,44.45473,6.910583,-0.08337849,0.3813538,0.003854482,0.9206533,14.00177,44.74109,8.279144
06.12.2023 14:47:32,0.008901666,0.387132,-0.02157846,0.9217288,-1.897827,44.4658,6.885651,-0.08306125,0.3818169,0.003596533,0.920491,13.95511,44.68471,8.296783
06.12.2023 14:47:32,0.008746553,0.3871491,-0.02126244,0.9217305,-1.867451,44.46313,6.85907,-0.08272246,0.382071,0.00347832,0.9204166,13.91309,44.65569,8.296509
06.12.2023 14:47:32,0.008523603,0.387045,-0.02097838,0.9217827,-1.831082,44.47555,6.839142,-0.08221943,0.3822052,0.003430696,0.9204062,13.85724,44.64387,8.28006
06.12.2023 14:47:32,0.008378323,0.3869309,-0.02075226,0.9218371,-1.805476,44.48933,6.821899,-0.08178718,0.382397,0.003357935,0.9203652,13.80756,44.6239,8.27005
06.12.2023 14:47:32,0.008181019,0.3868365,-0.02045154,0.9218852,-1.771107,44.50054,6.799011,-0.08165955,0.3824856,0.003228561,0.9203402,13.78799,44.61327,8.27887
06.12.2023 14:47:32,0.008086817,0.3866523,-0.02017567,0.9219694,-1.748568,44.52302,6.774353,-0.08174966,0.3825291,0.003192458,0.9203143,13.79578,44.60663,8.287231
06.12.2023 14:47:32,0.007973857,0.3865501,-0.01987935,0.9220197,-1.723307,44.53527,6.74823,-0.0818735,0.3826877,0.00336975,0.9202366,13.81619,44.58669,8.275513
06.12.2023 14:47:32,0.007880255,0.3862874,-0.01948206,0.922139,-1.695328,44.56734,6.710846,-0.08193883,0.382913,0.003797359,0.9201355,13.84128,44.56071,8.235107
06.12.2023 14:47:32,0.007826454,0.3860557,-0.01919576,0.9222425,-1.676544,44.59573,6.68335,-0.08195447,0.3829731,0.004405421,0.9201064,13.86969,44.55716,8.171661
06.12.2023 14:47:32,0.007789942,0.3857564,-0.01878377,0.9223766,-1.653925,44.63238,6.641937,-0.0821928,0.3831364,0.004577515,0.9200163,13.90201,44.5354,8.165741
06.12.2023 14:47:32,0.007717662,0.3854369,-0.01835847,0.9225193,-1.626929,44.67151,6.600708,-0.08241208,0.3831151,0.004498539,0.9200059,13.92178,44.53524,8.183929
06.12.2023 14:47:32,0.00763903,0.385019,-0.01785252,0.9227044,-1.595564,44.72274,6.551392,-0.08272967,0.3830157,0.004030104,0.9200209,13.93497,44.54113,8.247284
06.12.2023 14:47:32,0.007466684,0.3845096,-0.01741574,0.9229265,-1.55723,44.7854,6.513611,-0.08294749,0.3829411,0.003562848,0.9200343,13.93756,44.54496,8.306213
06.12.2023 14:47:32,0.007384694,0.3837883,-0.0169399,0.9232362,-1.526443,44.87435,6.468079,-0.08311144,0.382796,0.003251692,0.9200811,13.94162,44.55924,8.345398
06.12.2023 14:47:32,0.007254823,0.3830343,-0.01648418,0.9235585,-1.491493,44.96733,6.426758,-0.08321798,0.3826819,0.003143846,0.9201193,13.94852,44.57165,8.360596
06.12.2023 14:47:32,0.007158611,0.3818838,-0.0161405,0.9240417,-1.464485,45.10963,6.396393,-0.08316416,0.3826244,0.003372562,0.9201472,13.95319,44.58099,8.333252
06.12.2023 14:47:32,0.007104579,0.3803471,-0.01579763,0.9246816,-1.441491,45.29973,6.364838,-0.08329345,0.3825392,0.003560593,0.9201702,13.97552,44.59158,8.318268
06.12.2023 14:47:32,0.007104214,0.3784878,-0.01562,0.9254472,-1.431003,45.52986,6.348907,-0.0832409,0.3826133,0.00408988,0.9201421,13.99316,44.58652,8.260223
06.12.2023 14:47:33,0.007001309,0.3761144,-0.01532457,0.9264201,-1.403881,45.82322,6.325623,-0.08320747,0.3827371,0.004559823,0.9200913,14.01004,44.57462,8.209839
06.12.2023 14:47:33,0.00680898,0.3732186,-0.01484855,0.9275996,-1.358927,46.18061,6.287598,-0.08311206,0.3828978,0.004818333,0.9200318,14.01083,44.5573,8.179565
06.12.2023 14:47:33,0.006650987,0.3699391,-0.01446985,0.9289196,-1.321495,46.58501,6.258759,-0.08300623,0.3831138,0.004701166,0.919952,13.99368,44.53056,8.189362
06.12.2023 14:47:33,0.006477871,0.3664207,-0.01409632,0.93032,-1.282579,47.01827,6.231171,-0.08296594,0.3832721,0.004522611,0.9198906,13.98096,44.50991,8.208099
06.12.2023 14:47:33,0.006149335,0.3624931,-0.01383023,0.9318635,-1.231233,47.50126,6.221771,-0.08298437,0.3835748,0.004144276,0.9197646,13.96503,44.46921,8.252197
06.12.2023 14:47:33,0.005995833,0.3580168,-0.0136326,0.9335964,-1.200823,48.05094,6.21283,-0.08299674,0.3838577,0.003800792,0.9196469,13.95004,44.43127,8.292084
06.12.2023 14:47:33,0.005811821,0.3532877,-0.01345907,0.9353999,-1.167918,48.63058,6.207733,-0.08291617,0.384129,0.00378007,0.919541,13.93964,44.39801,8.293274
06.12.2023 14:47:33,0.005746787,0.3482663,-0.01327291,0.9372841,-1.14701,49.2449,6.196564,-0.08277111,0.3843561,0.003807157,0.919459,13.92468,44.37127,8.286011
06.12.2023 14:47:33,0.005775079,0.3429929,-0.01313278,0.9392284,-1.137805,49.88883,6.186798,-0.08271273,0.384521,0.003755092,0.9193956,13.91559,44.35088,8.290497
06.12.2023 14:47:33,0.005810651,0.3378339,-0.01282606,0.9411004,-1.123239,50.51736,6.158539,-0.08276393,0.3846633,0.003459466,0.9193326,13.90732,44.33049,8.325684
06.12.2023 14:47:33,0.005944955,0.3327304,-0.01252484,0.9429201,-1.119976,51.13795,6.126923,-0.08271354,0.384764,0.003171682,0.919296,13.88879,44.31644,8.35498
06.12.2023 14:47:33,0.005891758,0.3277471,-0.0124931,0.9446645,-1.107059,51.74295,6.131378,-0.08275147,0.384765,0.003085405,0.9192924,13.88895,44.31533,8.365906
06.12.2023 14:47:33,0.005823437,0.322733,-0.01255608,0.9463889,-1.095963,52.35065,6.146606,-0.08268588,0.3848491,0.003258864,0.9192626,13.88943,44.30667,8.345245
06.12.2023 14:47:33,0.005729074,0.3178934,-0.01265226,0.9480247,-1.083342,52.93616,6.166077,-0.08259141,0.3849659,0.003730815,0.9192203,13.90009,44.29625,8.29187
06.12.2023 14:47:33,0.005828807,0.3129932,-0.01275554,0.9496518,-1.091864,53.52811,6.179321,-0.08254246,0.3850632,0.004245062,0.9191818,13.91751,44.28809,8.23587
06.12.2023 14:47:33,0.006138199,0.3079905,-0.01262682,0.9512859,-1.114831,54.13129,6.160095,-0.08256843,0.38528,0.004307634,0.9190882,13.92227,44.26106,8.232513
06.12.2023 14:47:33,0.006537004,0.3033001,-0.01232823,0.9527929,-1.142274,54.69576,6.11911,-0.08284963,0.3853782,0.004228674,0.9190221,13.94815,44.24524,8.25473
06.12.2023 14:47:33,0.007038134,0.2986468,-0.01165712,0.9542666,-1.168642,55.25453,6.034119,-0.08294471,0.3853636,0.004264134,0.9190196,13.95984,44.2463,8.255188
06.12.2023 14:47:33,0.00750165,0.2943892,-0.0108439,0.9555947,-1.187353,55.76478,5.934631,-0.08295708,0.3851889,0.004458144,0.9190907,13.97043,44.2694,8.233398
06.12.2023 14:47:33,0.007975672,0.2905013,-0.009984399,0.9567893,-1.206913,56.22996,5.829407,-0.08294532,0.3850659,0.004629067,0.9191425,13.97723,44.28612,8.21344
06.12.2023 14:47:33,0.008309834,0.286684,-0.009113008,0.9579458,-1.211658,56.68601,5.727539,-0.08292131,0.3848282,0.004665154,0.9192441,13.97714,44.31642,8.206177
06.12.2023 14:47:33,0.008609457,0.2829662,-0.008240134,0.9590559,-1.213458,57.1296,5.626587,-0.08294188,0.3845984,0.004557474,0.9193389,13.97531,44.34425,8.216309
06.12.2023 14:47:33,0.008946517,0.2794513,-0.007284979,0.9600906,-1.217657,57.54833,5.515106,-0.08296974,0.3843603,0.004171608,0.9194378,13.96191,44.37114,8.256317
06.12.2023 14:47:33,0.009146106,0.2761894,-0.006350803,0.9610387,-1.208319,57.93647,5.410034,-0.08307308,0.384008,0.003950001,0.9195766,13.96423,44.41267,8.281158
06.12.2023 14:47:33,0.009395439,0.2730792,-0.005309032,0.961931,-1.201873,58.306,5.29126,-0.08301869,0.3836633,0.003935922,0.9197255,13.95908,44.45631,8.276794
06.12.2023 14:47:33,0.009670484,0.270396,-0.004405706,0.9626905,-1.203411,58.62448,5.186432,-0.08297407,0.3833621,0.003996722,0.9198548,13.95813,44.49494,8.26535
06.12.2023 14:47:33,0.009896223,0.2677832,-0.003519396,0.9634219,-1.200626,58.93434,5.0849,-0.08296631,0.3830048,0.0038617,0.920005,13.95258,44.53885,8.275879
06.12.2023 14:47:33,0.01011103,0.2650939,-0.002586596,0.9641662,-1.195782,59.253,-0.02137197,-0.08288782,0.3825734,0.003632437,0.9201924,13.93564,44.59211,8.292511
06.12.2023 14:47:33,0.01038915,0.2627443,-0.001709866,0.964808,-1.200181,59.53104,-0.1237859,-0.08278383,0.3821552,0.003422565,0.9203764,13.91681,44.64412,8.306061
06.12.2023 14:47:33,0.01044431,0.2606012,-0.001030933,0.9653895,-1.186278,59.78477,-0.1978905,-0.08262333,0.3818319,0.003386791,0.920525,13.89941,44.68602,8.299438
06.12.2023 14:47:33,0.01057946,0.2584094,-0.0002548004,0.9659775,-1.178699,60.04395,-0.2851309,-0.08250495,0.3815117,0.003310579,0.9206687,13.88464,44.72682,8.299072
06.12.2023 14:47:33,0.01081153,0.2563407,0.0006714594,0.9665259,-1.177798,60.28811,-0.3920368,-0.0823928,0.3814392,0.003473943,0.9207082,13.88025,44.73819,8.275879
06.12.2023 14:47:33,0.01098395,0.2542239,0.001574744,0.9670818,-1.171441,60.53788,-0.4946052,-0.08249515,0.381444,0.003644224,0.9206964,13.89859,44.73767,8.262421
06.12.2023 14:47:33,0.0111233,0.2520521,0.002587282,0.9676463,-1.158747,60.79395,-0.6082988,-0.08244035,0.3814483,0.003823148,0.9206988,13.90067,44.73895,8.240906
06.12.2023 14:47:33,0.01116347,0.2500189,0.003575081,0.96817,-1.13617,61.0336,-0.716628,-0.08240772,0.3814769,0.004073838,0.9206887,13.9082,44.73742,8.212982
06.12.2023 14:47:33,0.01110227,0.248029,0.004259262,0.9686796,-1.111393,61.26846,-0.7885112,-0.08239157,0.3815582,0.004022932,0.9206567,13.90396,44.72707,8.218475
06.12.2023 14:47:33,0.01091063,0.2461582,0.004934778,0.9691557,-1.072567,61.48932,-0.855987,-0.08235389,0.3815691,0.003821582,0.9206565,13.89102,44.72473,8.238342
06.12.2023 14:47:33,0.0105826,0.2441625,0.005504459,0.969661,-1.02193,61.72516,-0.9079002,-0.08234248,0.3814823,0.003517708,0.9206946,13.87668,44.73362,8.269348
06.12.2023 14:47:33,0.01021499,0.2424004,0.005820343,0.9701051,-0.9739333,61.93359,-0.930941,-0.08219662,0.3812608,0.003288646,0.9208003,13.8519,44.7613,8.285004
06.12.2023 14:47:33,0.009911504,0.2405939,0.006329451,0.9705546,-0.9278688,62.14693,-0.9773809,-0.08198046,0.3811252,0.00302693,0.9208766,13.81793,44.77875,8.301819
06.12.2023 14:47:33,0.009584093,0.23877,0.006802683,0.971005,-0.8803185,62.3623,-1.019332,-0.08188573,0.3810389,0.002833199,0.9209213,13.79965,44.78922,8.317322
06.12.2023 14:47:33,0.009398651,0.2369423,0.007184926,0.9714517,-0.8512086,62.57793,-1.055192,-0.08178158,0.380973,0.002680529,0.9209583,13.7821,44.79751,8.328278
06.12.2023 14:47:33,0.009334293,0.2352008,0.007566873,0.9718726,-0.8356323,62.7831,-1.094471,-0.08168217,0.3808951,0.002591097,0.9209996,13.76791,44.80769,8.33255
06.12.2023 14:47:33,0.009277427,0.2336642,0.007791285,0.9722419,-0.8250142,62.96415,-1.116631,-0.08162254,0.3807453,0.002847849,0.921066,13.77347,44.82878,8.301056
06.12.2023 14:47:33,0.009268252,0.2322861,0.00791363,0.9725712,-0.8223152,63.12646,-1.128854,-0.08143345,0.3805922,0.003145581,0.9211451,13.76709,44.85191,8.259308
06.12.2023 14:47:33,0.009321307,0.2310019,0.008064856,0.9728752,-0.8257148,63.27755,-1.146035,-0.08131665,0.3802915,0.003755797,0.9212773,13.78268,44.89485,8.186127
06.12.2023 14:47:33,0.009214138,0.2299033,0.008050988,0.9731366,-0.8154228,63.4071,-1.140729,-0.08130672,0.3798898,0.004062915,0.9214426,13.79651,44.94725,8.149048
06.12.2023 14:47:33,0.00915762,0.228845,0.008106058,0.973386,-0.8089137,63.53174,-1.144501,-0.08137567,0.3792742,0.004272136,0.9216891,13.81512,45.02491,8.123932
06.12.2023 14:47:33,0.009115164,0.2280194,0.008011007,0.973581,-0.8076319,63.62905,-1.132098,-0.08132909,0.378788,0.004187004,0.9218936,13.80811,45.08557,8.126251
06.12.2023 14:47:33,0.009251636,0.2272795,0.007888156,0.9737537,-0.8269212,63.71601,-1.121332,-0.08121467,0.3784842,0.004200016,0.9220284,13.79755,45.12479,8.116791
06.12.2023 14:47:33,0.009348973,0.2267713,0.007813049,0.9738719,-0.8403216,63.77572,-1.11505,-0.08115795,0.3782001,0.004291084,0.9221495,13.79648,45.16147,8.101807
06.12.2023 14:47:33,0.009482585,0.2264289,0.007684152,0.9739512,-0.8589716,63.8159,-1.103837,-0.08103263,0.3780102,0.004324857,0.9222382,13.78531,45.1867,8.090759
06.12.2023 14:47:33,0.009576312,0.2261405,0.007526257,0.9740186,-0.8738534,63.84982,-1.088389,-0.08105684,0.3778149,0.004319923,0.9223161,13.78833,45.2108,8.090515
06.12.2023 14:47:33,0.009606399,0.2260763,0.007356528,0.9740345,-0.8816824,63.85746,-1.070164,-0.08108357,0.3774665,0.004304433,0.9224565,13.79166,45.25394,8.089996
06.12.2023 14:47:33,0.009775624,0.2261388,0.007134288,0.9740199,-0.9062636,63.85004,-1.049801,-0.08106346,0.377085,0.004542249,0.9226131,13.80118,45.3034,8.060059
06.12.2023 14:47:33,0.01000029,0.2264236,0.007085317,0.9739519,-0.9323027,63.81625,-1.050436,-0.08098322,0.3767528,0.005050389,0.9227533,13.81592,45.34916,7.999023
06.12.2023 14:47:33,0.01008513,0.2267445,0.006944623,0.9738773,-0.9450825,63.77848,-1.037247,-0.08093482,0.3763673,0.005408306,0.9229128,13.82764,45.40023,7.954926
06.12.2023 14:47:33,0.01024017,0.2269897,0.006951751,0.9738185,-0.9619371,63.74939,-1.042318,-0.08110559,0.3761742,0.005310375,0.9229771,13.84213,45.42195,7.97113
06.12.2023 14:47:33,0.01032444,0.2275155,0.006973246,0.9736948,-0.9702161,63.68737,-1.047436,-0.08131088,0.3762106,0.005134841,0.9229451,13.85617,45.41413,7.99939
06.12.2023 14:47:33,0.01036939,0.2279159,0.007066913,0.9736,-0.9723535,63.64009,-1.059462,-0.08119185,0.3760104,0.005292126,0.9230363,13.85101,45.44139,7.975342
06.12.2023 14:47:33,0.01047091,0.22833,0.007116724,0.9735015,-0.9819244,63.59115,-1.068093,-0.08093259,0.3756553,0.005965787,0.9231996,13.85394,45.49295,7.888397
06.12.2023 14:47:33,0.01056134,0.2287759,0.007129052,0.9733957,-0.9911984,63.53851,-1.072292,-0.08044791,0.3752149,0.00676884,0.9234155,13.83868,45.55822,7.776764
06.12.2023 14:47:33,0.01068783,0.2293833,0.007063619,0.9732519,-1.006357,63.46686,-1.068941,-0.08004531,0.374686,0.00689089,0.9236643,13.8028,45.62896,7.740784
06.12.2023 14:47:33,0.01076867,0.2297765,0.006841987,0.9731598,-1.020779,63.42065,-1.046758,-0.07970332,0.3742351,0.006636644,0.9238785,13.75674,45.68678,7.748474
06.12.2023 14:47:33,0.01070231,0.2302615,0.006675246,0.973047,-1.01726,63.36378,-1.026918,-0.07937068,0.3737847,0.006010708,0.9240937,13.69562,45.74187,7.796387
06.12.2023 14:47:33,0.01068824,0.2307979,0.006377662,0.9729221,-1.022999,63.30091,-0.9939223,-0.07914273,0.3732949,0.005479618,0.9243146,13.6499,45.80153,7.83847
06.12.2023 14:47:33,0.01064605,0.2312068,0.006205852,0.9728266,-1.022431,63.25298,-0.9740763,-0.07915359,0.3725133,0.005280763,0.92463,13.6449,45.89746,7.852875
06.12.2023 14:47:33,0.01063299,0.2316612,0.006007889,0.9727198,-1.025778,63.19965,-0.9521364,-0.07945722,0.3715086,0.005004134,0.9250097,13.6684,46.01777,7.886383
06.12.2023 14:47:33,0.01056869,0.232174,0.00596758,0.9725986,-1.019182,63.13937,-0.9464707,-0.07987171,0.3702994,0.004849005,0.9254596,13.70966,46.16321,7.90976
06.12.2023 14:47:33,0.01055617,0.2326031,0.00590284,0.9724966,-1.019096,63.08889,-0.9393705,-0.08021177,0.3686171,0.00497954,0.9261009,13.75671,46.37011,7.894684
06.12.2023 14:47:33,0.01060138,0.2330667,0.005728098,0.9723861,-1.028355,63.03436,-0.9215905,-0.08013994,0.3663477,0.00545384,0.9270045,13.77625,46.65624,7.819092
06.12.2023 14:47:33,0.01056798,0.2333788,0.005541643,0.9723127,-1.029325,62.9978,-0.9002476,-0.08004889,0.3641458,0.005807413,0.9278773,13.78809,46.93307,7.756195
06.12.2023 14:47:33,0.01059573,0.2339421,0.00537943,0.9721779,-1.036246,62.93152,-0.8835143,-0.08017457,0.3616999,0.005817757,0.9288226,13.8092,47.23549,7.737152
06.12.2023 14:47:33,0.01049391,0.2344847,0.005075078,0.97205,-1.032592,62.86799,-0.847446,-0.08058175,0.359725,0.005256776,0.9295574,13.83517,47.47255,7.796021
06.12.2023 14:47:33,0.01039626,0.2350151,0.004768464,0.9719245,-1.029513,62.80587,-0.8112215,-0.08098876,0.3577618,0.004884082,0.9302814,13.8692,47.70926,7.834625
06.12.2023 14:47:33,0.01014833,0.2354386,0.004355649,0.9718265,-1.01269,62.75665,-0.7589937,-0.08153792,0.3560694,0.004925448,0.9308823,13.93491,47.91384,7.837128
06.12.2023 14:47:33,0.009853078,0.2360635,0.003826681,0.9716802,-0.993639,62.6838,-0.6927424,-0.08199138,0.3544492,0.005643415,0.9314566,14.01791,48.11521,7.763092
06.12.2023 14:47:33,0.009639676,0.2366159,0.003325418,0.9715497,-0.9830809,62.61934,-0.6317012,-0.08244994,0.3529535,0.006390032,0.9319791,14.10208,48.30132,7.687103
06.12.2023 14:47:33,0.009563533,0.2372234,0.002899873,0.9714037,-0.9857806,62.54815,-0.5828679,-0.08289904,0.3513804,0.007488945,0.9325253,14.19958,48.49973,7.571625
06.12.2023 14:47:33,0.009464693,0.2377608,0.002469716,0.9712745,-0.9861794,62.48523,-0.5328348,-0.08321892,0.3494822,0.008308461,0.933203,14.27234,48.73747,7.477386
06.12.2023 14:47:33,0.009475429,0.2385051,0.002211091,0.9710925,-0.9940355,62.39763,-0.5051003,-0.08343282,0.3471746,0.009211176,0.9340364,14.33777,49.02733,7.365326
06.12.2023 14:47:33,0.009362964,0.2392074,0.001920732,0.9709215,-0.9891175,62.31512,-0.4704244,-0.0836354,0.3447542,0.009968215,0.9349066,14.39594,49.32996,7.267181
06.12.2023 14:47:33,0.009263538,0.2399411,0.001621461,0.9707419,-0.9859313,62.22888,-0.4351411,-0.08411337,0.3420744,0.009989355,0.9358473,14.45477,49.65621,7.257111
06.12.2023 14:47:33,0.009174173,0.2408608,0.001312879,0.9705154,-0.9840983,62.12064,-0.399284,-0.08497366,0.3391701,0.009583476,0.9368305,14.53864,50.00299,7.306274
06.12.2023 14:47:33,0.009001996,0.2417286,0.0009273226,0.9703017,-0.9752776,62.01865,-0.3525166,-0.08562808,0.3365189,0.009058723,0.9377317,14.59537,50.31915,7.362305
06.12.2023 14:47:33,0.00885553,0.24253,0.0006924208,0.9701033,-0.9652327,61.92432,-0.3231329,-0.0861795,0.3341096,0.008732276,0.9385455,14.64841,50.60775,7.394897
06.12.2023 14:47:33,0.008680006,0.2434315,0.0004814296,0.9698792,-0.9513097,61.81815,-0.2956786,-0.08644791,0.3318227,0.009030867,0.939329,14.69476,50.88869,7.349213
06.12.2023 14:47:33,0.008524278,0.244379,0.0001703974,0.9696423,-0.9424274,61.70656,-0.257681,-0.08671308,0.3295152,0.009345504,0.9401134,14.74127,51.17216,7.30127
06.12.2023 14:47:33,0.008314976,0.2453962,-8.331575E-05,0.9693872,-0.9260407,61.58669,-0.2245948,-0.08711246,0.3273613,0.009528358,0.9408269,14.79675,51.43431,7.274323
06.12.2023 14:47:33,0.008234896,0.24662,-0.0002482517,0.9690772,-0.9215248,61.44218,-0.2051819,-0.08764882,0.3253598,0.00961817,0.9414703,14.86319,51.67564,7.264252
06.12.2023 14:47:34,0.008182361,0.2480031,-0.0003019206,0.9687247,-0.9169243,61.27867,-0.1990454,-0.08820387,0.3234672,0.009654479,0.94207,14.92938,51.90288,7.261627
06.12.2023 14:47:34,0.008048603,0.2493217,-0.0002405354,0.9683872,-0.9000547,61.12269,-0.2032834,-0.08897774,0.3219133,0.009384303,0.9425321,15.00711,52.08395,7.304352
06.12.2023 14:47:34,0.0078896,0.2508057,-0.0002113566,0.9680053,-0.8812649,60.94712,-0.2033285,-0.08973061,0.320354,0.009575379,0.9429899,15.09991,52.26966,7.295471
06.12.2023 14:47:34,0.007456292,0.2524277,-0.0001472574,0.9675871,-0.8310223,60.75529,-0.1993752,-0.09004986,0.3188799,0.01033364,0.943451,15.16629,52.45373,7.208527
06.12.2023 14:47:34,0.007152047,0.2538546,-0.0001142328,0.967216,-0.7960442,60.58642,-0.1954084,-0.09038226,0.317751,0.01124104,0.9437897,15.23859,52.59677,7.109283
06.12.2023 14:47:34,0.006803425,0.2554807,0.0001119612,0.9667903,-0.750468,60.39377,-0.2115989,-0.09110725,0.3165818,0.01193038,0.9441044,15.34549,52.73938,7.048187
06.12.2023 14:47:34,0.006380002,0.2570012,0.0002214947,0.96639,-0.7000167,60.21368,-0.2124368,-0.09172042,0.3154993,0.01216249,0.9444044,15.42316,52.8684,7.033752
06.12.2023 14:47:34,0.005796318,0.2586906,0.0006201189,0.9659427,-0.6232176,60.01341,-0.2404798,-0.09241946,0.3146921,0.01207683,0.9446067,15.49799,52.96009,7.060425
06.12.2023 14:47:34,0.004989715,0.2603925,0.0009347261,0.9654895,-0.5241631,59.81174,-0.2523136,-0.09302423,0.3139529,0.01207365,0.9447933,15.56543,53.04502,7.075134
06.12.2023 14:47:34,0.004138756,0.2620045,0.001197788,0.9650571,-0.4217363,59.6207,-0.256728,-0.09309054,0.3138846,0.01185657,0.9448122,15.56491,53.05081,7.100708
06.12.2023 14:47:34,0.003089884,0.2636502,0.00157604,0.9646121,-0.2939305,59.4256,-0.2675661,-0.09290026,0.3140112,0.0119267,0.944788,15.54645,53.03769,7.087311
06.12.2023 14:47:34,0.001941074,0.2651413,0.002069878,0.9642054,-0.15158,59.24879,-0.2876782,-0.09237185,0.3142876,0.01183207,0.9447491,15.48474,53.00779,7.080994
06.12.2023 14:47:34,0.0006725522,0.2667486,0.002625913,0.9637623,5.005981,59.05814,-0.3105628,-0.09198575,0.3146318,0.01156753,0.9446754,15.43222,52.96682,7.099426
06.12.2023 14:47:34,-0.0005919837,0.2682103,0.003239033,0.9633548,5.164886,58.88472,-0.3393733,-0.09178673,0.3149115,0.01100076,0.9446083,15.38919,52.92935,7.157349
06.12.2023 14:47:34,-0.001746497,0.2697306,0.003832917,0.9629266,5.311188,58.70425,-0.3689623,-0.09159866,0.3151577,0.01048518,0.9445504,15.34927,52.8964,7.209625
06.12.2023 14:47:34,-0.002932284,0.2712562,0.004342442,0.9624929,5.458405,58.52304,-0.3878126,-0.09136427,0.3153769,0.01035083,0.9445014,15.3183,52.87052,7.217987
06.12.2023 14:47:34,-0.004044169,0.2729414,0.004856324,0.9620099,5.597717,58.32274,-0.4088896,-0.09089584,0.3159886,0.01014436,0.9443443,15.25824,52.79815,7.229736
06.12.2023 14:47:34,-0.004849862,0.274499,0.005153242,0.9615614,5.696503,58.13738,-0.4152999,-0.09024987,0.3168317,0.01009961,0.9441243,15.18423,52.70048,7.219482
06.12.2023 14:47:34,-0.005570203,0.276367,0.005400104,0.9610209,5.784454,57.91488,-0.4183241,-0.08928482,0.3179923,0.01005148,0.9438263,15.07465,52.56676,7.200836
06.12.2023 14:47:34,-0.006007812,0.2780085,0.005741734,0.9605427,5.844238,57.71934,-0.4406518,-0.08843493,0.3188991,0.01002559,0.9436007,14.9791,52.46318,7.181152
06.12.2023 14:47:34,-0.006375787,0.2796714,0.005959148,0.9600561,5.892456,57.52106,-0.45132,-0.08773562,0.3203039,0.009601005,0.9431944,14.884,52.29393,7.216003
06.12.2023 14:47:34,-0.006613816,0.2812359,0.006298465,0.9595952,5.930298,57.33453,-0.4795124,-0.08739222,0.3216979,0.009113136,0.9427566,14.8252,52.1223,7.270996
06.12.2023 14:47:34,-0.006763578,0.2828843,0.006626072,0.9591073,5.958191,57.13789,-0.5090711,-0.08700615,0.3231794,0.008743219,0.942289,14.76578,51.94131,7.312195
06.12.2023 14:47:34,-0.006654824,0.2844599,0.006903344,0.95864,5.956116,56.94982,-0.5415047,-0.08668656,0.3245922,0.008563824,0.9418344,14.72086,51.76966,7.334229
06.12.2023 14:47:34,-0.00665893,0.2859049,0.007180927,0.958208,5.966492,56.77728,-0.5704129,-0.08627567,0.3260007,0.00858713,0.9413853,14.67365,51.60094,7.330444
06.12.2023 14:47:34,-0.006462088,0.2874215,0.00740847,0.9577538,5.953278,56.59604,-0.6003416,-0.08578912,0.3274277,0.009008837,0.9409305,14.63336,51.43379,7.280243
06.12.2023 14:47:34,-0.006196047,0.2887106,0.007646188,0.9573659,5.932739,56.44194,-0.6339412,-0.08546782,0.3284535,0.009246509,0.9405999,14.60507,51.31276,7.25235
06.12.2023 14:47:34,-0.005872187,0.2901289,0.007763936,0.9569381,5.9021,56.27218,-0.6562372,-0.08519478,0.3294518,0.009052224,0.9402773,14.56567,51.19118,7.273132
06.12.2023 14:47:34,-0.005602288,0.2916331,0.007960903,0.9564807,5.880127,56.09211,-0.6854277,-0.0850841,0.3303077,0.008198377,0.9399949,14.51892,51.08035,7.370697
06.12.2023 14:47:34,-0.005371121,0.2928078,0.007879077,0.9561238,5.852875,55.95123,-0.683134,-0.08511276,0.3310268,0.007195265,0.9397475,14.48169,50.98388,7.488495
06.12.2023 14:47:34,-0.004996249,0.2939797,0.00774509,0.9557673,5.808136,55.81057,-0.6800364,-0.08446041,0.3309803,0.006142448,0.9398302,14.37079,50.98725,7.577118
06.12.2023 14:47:34,-0.004497642,0.2951902,0.007508879,0.9553984,5.746429,55.66512,-0.67001,-0.08445252,0.3320386,0.005535405,0.9394613,14.34366,50.85272,7.653564
06.12.2023 14:47:34,-0.003830526,0.2963721,0.007214821,0.9550377,5.664246,55.52297,-0.6595522,-0.08377329,0.3328857,0.00618856,0.9392183,14.293,50.76003,7.564056
06.12.2023 14:47:34,-0.003087642,0.2974898,0.006899628,0.9546951,5.572998,55.38844,-0.6496085,-0.08296784,0.3335294,0.007121732,0.9390547,14.24017,50.69543,7.437012
06.12.2023 14:47:34,-0.002244958,0.2986635,0.006439346,0.9543341,5.465881,55.24702,-0.6273993,-0.08250465,0.3340735,0.008273604,0.9388927,14.23325,50.64157,7.298676
06.12.2023 14:47:34,-0.001616579,0.2997049,0.006024861,0.9540116,5.383636,55.12155,-0.6031532,-0.08304524,0.3344786,0.007987412,0.9387033,14.27963,50.58485,7.355286
06.12.2023 14:47:34,-0.0007533209,0.3007523,0.005509929,0.9536861,5.272217,54.99522,-0.5762032,-0.08373184,0.3352029,0.00723898,0.9383899,14.32297,50.48392,7.471252
06.12.2023 14:47:34,0.000257786,0.3016469,0.004948497,0.9534069,5.142883,54.88714,-0.5495558,-0.08447699,0.3356692,0.006092926,0.9381646,14.35767,50.41094,7.63028
06.12.2023 14:47:34,0.001369653,0.3027051,0.004244479,0.9530739,-0.002355455,54.75932,-0.5110741,-0.08472276,0.3363858,0.005658341,0.9378884,14.36526,50.3172,7.69458
06.12.2023 14:47:34,0.002564276,0.303612,0.003641859,0.9527854,-0.1532655,54.64963,-0.4868447,-0.0844383,0.337081,0.006449812,0.9376593,14.36346,50.24049,7.604126
06.12.2023 14:47:34,0.003443142,0.3044678,0.002998891,0.9525117,-0.2711897,54.54627,-0.4474672,-0.08403848,0.3376791,0.007463499,0.9374725,14.35831,50.17847,7.483948
06.12.2023 14:47:34,0.004136761,0.3052935,0.002565341,0.9522459,-0.361657,54.44658,-0.4246613,-0.08374106,0.337967,0.008107118,0.93739,14.35065,50.15072,7.404938
06.12.2023 14:47:34,0.004851711,0.3060715,0.00216005,0.9519937,-0.4535202,54.35258,-0.405822,-0.08364727,0.3381654,0.008292142,0.9373252,14.34726,50.1286,7.383057
06.12.2023 14:47:34,0.005548349,0.3067645,0.00176548,0.9517676,-0.543075,54.26883,-0.3876107,-0.08362532,0.3382979,0.008065036,0.9372814,14.33563,50.11074,7.408203
06.12.2023 14:47:34,0.00643904,0.3074621,0.001566512,0.9515373,-0.6469225,54.18424,-0.3977019,-0.08325816,0.338461,0.007406961,0.9372606,14.26978,50.08896,7.466583
06.12.2023 14:47:34,0.007629526,0.3079927,0.001351048,0.9513572,-0.7840933,54.11942,-0.4166022,-0.08266877,0.338881,0.006517656,0.9371676,14.17014,50.03587,7.543671
06.12.2023 14:47:34,0.008937848,0.3084357,0.00117452,0.9512025,-0.9327522,54.06491,-0.4439861,-0.08193396,0.3393064,0.006378504,0.9370792,14.0842,49.98915,7.533386
06.12.2023 14:47:34,0.01040744,0.3088453,0.001129317,0.9510547,-1.094331,54.01395,-0.4915021,-0.08076106,0.3395879,0.006696441,0.9370768,13.96939,49.96738,7.454407
06.12.2023 14:47:34,0.0119779,0.3090943,0.0009304631,0.9509555,-1.272397,53.98215,-0.5257833,-0.07969485,0.3398474,0.0073891,0.9370688,13.88092,49.9499,7.338837
06.12.2023 14:47:34,0.01369793,0.3092111,0.000838869,0.9508944,-1.463023,53.96574,-0.5769632,-0.07896296,0.3398227,0.007937759,0.9371352,13.82361,49.96323,7.249664
06.12.2023 14:47:34,0.01553638,0.3091985,0.0007562168,0.9508703,-1.666311,53.96442,-0.633157,-0.07860976,0.3397929,0.0082416,0.9371731,13.79752,49.9721,7.202209
06.12.2023 14:47:34,0.0175933,0.3090976,0.0005423911,0.9508674,-1.898126,53.97321,-0.6826448,-0.07834182,0.3397642,0.008105373,0.9372071,13.76331,49.97691,7.205963
06.12.2023 14:47:34,0.01962458,0.309041,0.00026642,0.9508463,-2.129329,53.97647,-0.7245231,-0.07862981,0.3398831,0.00734868,0.9371461,13.76434,49.95439,7.300751
06.12.2023 14:47:34,0.02174938,0.3088053,-4.793946E-05,0.9508766,-2.37224,54.00087,-0.7650889,-0.07846814,0.3399589,0.00709142,0.9371342,13.73657,49.9446,7.322876
06.12.2023 14:47:34,0.02381766,0.3085544,-0.0002434292,0.9509085,-2.604821,54.02663,-0.8164839,-0.0781704,0.3399637,0.007082265,0.9371574,13.7041,49.94649,7.311951
06.12.2023 14:47:34,0.02593071,0.3083128,-0.0004886662,0.9509314,-2.844069,54.05089,-0.8639809,-0.07746219,0.3399904,0.007771964,0.937201,13.65475,49.95411,7.208954
06.12.2023 14:47:34,0.02803426,0.3079433,-0.0006201215,0.9509914,-3.078413,54.08995,-0.9230583,-0.07675464,0.339726,0.008489143,0.9373489,13.60721,49.99757,7.100311
06.12.2023 14:47:34,0.02994005,0.3075053,-0.0005661485,0.9510751,-3.284771,54.13695,-0.9949957,-0.07652346,0.3394412,0.008597725,0.93747,13.58716,50.03523,7.07666
06.12.2023 14:47:34,0.03169651,0.3071078,-0.0006655762,0.9511465,-3.480272,54.17962,-1.044904,-0.07668734,0.3389381,0.008393195,0.9376404,13.59793,50.09426,7.100769
06.12.2023 14:47:34,0.03307855,0.3067289,-0.0006975792,0.9512217,-3.632579,54.22082,-1.088878,-0.07720507,0.3381576,0.008020452,0.937883,13.64102,50.18324,7.154663
06.12.2023 14:47:34,0.03440598,0.3063781,-0.0007617424,0.9512876,-3.780065,54.25875,-1.127425,-0.07745843,0.3375949,0.007873709,0.9380661,13.66394,50.24921,7.175476
06.12.2023 14:47:34,0.03563064,0.305989,-0.0009499945,0.9513676,-3.920775,54.30192,-1.148542,-0.07832,0.3366434,0.008137331,0.9383342,13.76947,50.36078,7.172241
06.12.2023 14:47:34,0.03666293,0.3056771,-0.0009875129,0.9514286,-4.035126,54.33586,-1.179572,-0.07873554,0.3360368,0.008654006,0.9385122,13.83588,50.43557,7.126892
06.12.2023 14:47:34,0.03766605,0.3054152,-0.001126971,0.9514734,-4.149829,54.36416,-1.198591,-0.07926925,0.3355239,0.009302192,0.9386445,13.91989,50.49886,7.072723
06.12.2023 14:47:34,0.0382297,0.3052672,-0.001190771,0.9514983,-4.213777,54.38007,-1.210844,-0.0796827,0.3351336,0.009740237,0.9387445,13.98245,50.5466,7.03772
06.12.2023 14:47:34,0.03880759,0.3051513,-0.001305194,0.9515119,-4.281017,54.39222,-1.218193,-0.0801207,0.3349907,0.01007548,0.9387547,14.04312,50.56301,7.017242
06.12.2023 14:47:34,0.03908383,0.3052074,-0.001423933,0.9514825,-4.315262,54.38481,-1.215207,-0.08052354,0.3349914,0.01018374,0.9387189,14.09088,50.56037,7.021423
06.12.2023 14:47:34,0.03947489,0.3053246,-0.001472915,0.9514287,-4.359516,54.36932,-1.224181,-0.08076365,0.3349952,0.01013241,0.9386974,14.11484,50.55748,7.03656
06.12.2023 14:47:34,0.03955745,0.3056513,-0.001472071,0.9513203,-4.368076,54.32957,-1.22869,-0.0809622,0.3349803,0.01005331,0.9386865,14.13327,50.55704,7.052887
06.12.2023 14:47:34,0.03965071,0.305974,-0.001431311,0.9512128,-4.376404,54.29013,-1.237926,-0.08111913,0.3351622,0.009803755,0.9386106,14.14017,50.53148,7.088043
06.12.2023 14:47:34,0.03950153,0.3065528,-0.001401956,0.9510326,-4.358339,54.22079,-1.238516,-0.08120953,0.3355536,0.009700693,0.938464,14.14508,50.48186,7.106659
06.12.2023 14:47:34,0.03903027,0.3072826,-0.00127975,0.9508168,-4.301669,54.13415,-1.238483,-0.08116687,0.3360309,0.009824279,0.9382956,14.1442,50.42451,7.096222
06.12.2023 14:47:34,0.03821933,0.3080982,-0.001145954,0.9505858,-4.207436,54.03842,-1.227926,-0.0812598,0.3365892,0.009910983,0.9380865,14.15637,50.35577,7.095978
06.12.2023 14:47:34,0.03683302,0.3092334,-0.0009232713,0.9502721,-4.046945,53.90593,-1.207761,-0.08142879,0.337725,0.01000363,0.9376626,14.17569,50.21539,7.103851
06.12.2023 14:47:34,0.0352726,0.3104802,-0.0007282944,0.9499249,-3.868392,53.76054,-1.178433,-0.08155959,0.3387927,0.01016761,0.9372642,14.19385,50.0842,7.101807
06.12.2023 14:47:34,0.03353199,0.3118993,-0.0006352682,0.9495231,-3.673748,53.59507,-1.131745,-0.08149608,0.3401149,0.0104507,0.9367876,14.19516,49.9242,7.081604
06.12.2023 14:47:34,0.0317947,0.3134367,-0.0005664041,0.9490765,-3.480353,53.41505,-1.082437,-0.08116528,0.3413273,0.01083643,0.9363709,14.17203,49.78071,7.038361
06.12.2023 14:47:34,0.03005756,0.3151537,-0.0005069271,0.9485644,-3.287291,53.21298,-1.03215,-0.08060958,0.3425018,0.01120796,0.9359856,14.12427,49.64361,6.987152
06.12.2023 14:47:34,0.02842817,0.3169644,-0.0004601785,0.9480112,-3.106504,52.99894,-0.9840555,-0.08029261,0.3435642,0.01120899,0.9356234,14.08789,49.51544,6.984619
06.12.2023 14:47:34,0.02686928,0.3189792,-0.0005179342,0.9473807,-2.937196,52.75989,-0.927165,-0.08034717,0.3447074,0.01029563,0.9352086,14.0549,49.36729,7.097015
06.12.2023 14:47:34,0.02535521,0.321051,-0.0005337193,0.9467223,-2.77141,52.51331,-0.8759688,-0.08042974,0.3457747,0.009726653,0.9348136,14.0386,49.23079,7.172424
06.12.2023 14:47:34,0.02391443,0.32311,-0.0007896009,0.9460589,-2.622724,52.26826,-0.8007118,-0.08065901,0.3469456,0.009114869,0.934366,14.03598,49.07984,7.25946
06.12.2023 14:47:34,0.0225282,0.3253703,-0.001078266,0.9453177,-2.481355,51.99826,-0.7238513,-0.08091269,0.3482556,0.009107009,0.9338567,14.05978,48.91589,7.283508
06.12.2023 14:47:34,0.0212854,0.3278747,-0.00151945,0.9444802,-2.361464,51.69818,-0.6358318,-0.08122166,0.349591,0.009280554,0.933329,14.09674,48.74952,7.290588
06.12.2023 14:47:34,0.02013656,0.3302675,-0.002021355,0.9436705,-2.254582,51.41107,-0.5439321,-0.08141743,0.3513649,0.009875126,0.9326395,14.13757,48.53298,7.251923
06.12.2023 14:47:34,0.01907151,0.3328158,-0.002655082,0.9427953,-2.162189,51.10463,-0.4408197,-0.08167008,0.3534009,0.01045138,0.9318415,14.18335,48.28318,7.220367
06.12.2023 14:47:34,0.01805936,0.3354347,-0.003167981,0.9418851,-2.071406,50.78881,-0.3524711,-0.0820271,0.3555139,0.01099258,0.9309998,14.23886,48.02242,7.197998
06.12.2023 14:47:34,0.01708444,0.3380937,-0.003681995,0.9409502,-1.985177,50.46758,-0.2650462,-0.08264652,0.3578989,0.01160025,0.9300233,14.32474,47.72575,7.182617
06.12.2023 14:47:34,0.01619148,0.3409826,-0.004275428,0.9399205,-1.911346,50.11779,-0.1722641,-0.08342491,0.3605944,0.01225357,0.9289036,14.42896,47.38902,7.17276
06.12.2023 14:47:34,0.01544467,0.3436375,-0.004852755,0.9389629,-1.853218,49.79582,-0.08608158,-0.08399298,0.3628941,0.0129388,0.927947,14.51309,47.10317,7.147003
06.12.2023 14:47:35,0.01471699,0.3464617,-0.005375525,0.9379333,-1.795482,49.4526,-0.006533829,-0.08446252,0.3652907,0.01332519,0.926958,14.57401,46.80359,7.150574
06.12.2023 14:47:35,0.014038,0.349396,-0.006031641,0.9368506,-1.748817,49.09557,5.08551,-0.08501405,0.3676569,0.01322576,0.9259731,14.62311,46.50293,7.20993
06.12.2023 14:47:35,0.01326016,0.3527034,-0.006784653,0.9356167,-1.696134,48.69253,5.191559,-0.08559319,0.3702134,0.01322958,0.9249005,14.67886,46.17863,7.26178
06.12.2023 14:47:35,0.01261626,0.3557141,-0.007375561,0.9344805,-1.651864,48.32487,5.275665,-0.08627184,0.3723646,0.01304736,0.9239759,14.73801,45.90203,7.334015
06.12.2023 14:47:35,0.01197277,0.3588723,-0.007981365,0.9332758,-1.608869,47.9386,5.361359,-0.08702608,0.3744771,0.01318945,0.923049,14.81903,45.6316,7.374817
06.12.2023 14:47:35,0.01136023,0.3620478,-0.00856054,0.932051,-1.568684,47.54954,5.443176,-0.08776334,0.3765379,0.01370293,0.9221328,14.91449,45.37027,7.375
06.12.2023 14:47:35,0.01080194,0.365252,-0.009071464,0.9308018,-1.532024,47.15623,5.515656,-0.08837079,0.3786256,0.0143729,0.9212094,15.00302,45.10778,7.353363
06.12.2023 14:47:35,0.01018687,0.368692,-0.009480874,0.9294475,-1.485695,46.73317,5.57959,-0.08910309,0.3809035,0.01524565,0.9201852,15.1134,44.82139,7.318268
06.12.2023 14:47:35,0.009734259,0.3718287,-0.009877292,0.9281978,-1.456384,46.34679,5.636047,-0.08961556,0.3830996,0.01581587,0.9192136,15.1875,44.54479,7.305115
06.12.2023 14:47:35,0.009220056,0.3751694,-0.01018741,0.9268544,-1.417374,45.93454,5.685852,-0.0902376,0.3855073,0.01606722,0.9181412,15.25851,44.23755,7.333801
06.12.2023 14:47:35,0.008715165,0.3784669,-0.01050034,0.9255143,-1.379821,45.527,5.735901,-0.09076601,0.3878332,0.01623252,0.917106,15.31589,43.94048,7.366852
06.12.2023 14:47:35,0.008239632,0.381841,-0.01072538,0.9241291,-1.341975,45.10922,5.775482,-0.09133695,0.3902761,0.01615956,0.9160137,15.36658,43.62588,7.428925
06.12.2023 14:47:35,0.007759909,0.3853102,-0.01104465,0.9226884,-1.308244,44.67907,5.825409,-0.09175941,0.3928106,0.016097,0.9148885,15.40152,43.30097,7.484344
06.12.2023 14:47:35,0.007231471,0.3891204,-0.011279,0.9210895,-1.266308,44.2057,5.868286,-0.09225155,0.3955529,0.01629769,0.9136531,15.45511,42.9506,7.517761
06.12.2023 14:47:35,0.006706596,0.3926369,-0.01140259,0.9195985,-1.219857,43.76796,5.900085,-0.09271127,0.3981977,0.01674267,0.9124489,15.51672,42.61432,7.52301
06.12.2023 14:47:35,0.006242198,0.3959983,-0.01152814,0.9181577,-1.17997,43.34883,5.929901,-0.0932392,0.4006816,0.0171431,0.9112995,15.58392,42.29676,7.53479
06.12.2023 14:47:35,0.005568836,0.3995268,-0.01160524,0.9166312,-1.116327,42.90806,5.964264,-0.09399698,0.4033529,0.01756967,0.9100343,15.67596,41.95245,7.557526
06.12.2023 14:47:35,0.005052425,0.4028926,-0.01161091,0.9151597,-1.065961,42.48685,5.984589,-0.09473704,0.4059292,0.01805198,0.9088017,15.76901,41.62022,7.572998
06.12.2023 14:47:35,0.004435258,0.4062676,-0.0114684,0.9136714,-0.9983268,42.06364,5.994446,-0.09533556,0.4085767,0.01852438,0.9075423,15.84656,41.27996,7.584106
06.12.2023 14:47:35,0.003715635,0.4096969,-0.01139371,0.9121431,-0.9233223,41.63291,6.016663,-0.09596779,0.4111367,0.01904985,0.9063079,15.93042,40.95028,7.590759
06.12.2023 14:47:35,0.0029133,0.413035,-0.01122187,0.9106414,-0.8351724,41.21278,6.033295,-0.09658379,0.4136352,0.01947451,0.9050957,16.008,40.62726,7.607025
06.12.2023 14:47:35,0.002019689,0.4162668,-0.01105062,0.9091731,-0.7375607,40.80524,6.055115,-0.09730768,0.4161401,0.02000725,0.9038575,16.10199,40.30241,7.617859
06.12.2023 14:47:35,0.001189354,0.4194465,-0.01078733,0.9077152,-0.6422192,40.40356,6.065033,-0.09792116,0.4185838,0.02051648,0.9026507,16.18356,39.98602,7.625519
06.12.2023 14:47:35,0.0001751989,0.4225351,-0.0106198,0.9062844,-0.5324022,40.01259,6.094513,-0.09843662,0.421004,0.02070812,0.9014639,16.2395,39.67076,7.661774
06.12.2023 14:47:35,-0.0007493618,0.4257618,-0.01032576,0.904776,-0.4260909,39.60344,6.107239,-0.09901624,0.4236275,0.02093445,0.9001651,16.30307,39.32832,7.700592
06.12.2023 14:47:35,-0.001786771,0.4288931,-0.01009851,0.9032971,-0.3113695,39.20555,6.133209,-0.09972926,0.4262791,0.02079589,0.8988369,16.36218,38.97699,7.785278
06.12.2023 14:47:35,-0.002849524,0.4317245,-0.009977874,0.9019458,-0.199112,38.84498,6.172333,-0.1003045,0.4286284,0.0209274,0.8976518,16.42102,38.66791,7.831207
06.12.2023 14:47:35,-0.004035935,0.4346441,-0.009889352,0.900539,-0.07606955,38.47235,6.221619,-0.1006415,0.431161,0.02136549,0.89639,16.46985,38.34034,7.835571
06.12.2023 14:47:35,-0.0052317,0.4374614,-0.009968439,0.8991668,5.039337,38.11199,6.28949,-0.1007719,0.4336606,0.0220408,0.8951523,16.5094,38.02117,7.804352
06.12.2023 14:47:35,-0.006461525,0.4402474,-0.01006235,0.8977969,5.157135,37.75478,6.361328,-0.1010297,0.4361152,0.02260526,0.8939158,16.55692,37.70472,7.791077
06.12.2023 14:47:35,-0.007942208,0.4431588,-0.01007055,0.8963514,5.304382,37.38032,6.437897,-0.1012231,0.4387961,0.02300337,0.8925709,16.58871,37.358,7.794983
06.12.2023 14:47:35,-0.008970829,0.4458602,-0.009948798,0.8950024,5.411743,37.03278,6.478882,-0.1014121,0.4411088,0.02317823,0.8914042,16.60986,37.05679,7.817261
06.12.2023 14:47:35,-0.01007936,0.4483841,-0.009783891,0.8937306,5.529572,36.70719,6.520142,-0.1014414,0.4434963,0.02319346,0.890215,16.60608,36.74636,7.848755
06.12.2023 14:47:35,-0.01119301,0.4509033,-0.009404307,0.8924531,5.658783,36.38166,6.540375,-0.1014623,0.4458655,0.02327992,0.8890261,16.60507,36.43858,7.872223
06.12.2023 14:47:35,-0.01215528,0.4535186,-0.009085486,0.8911176,5.769073,36.0435,6.559784,-0.1013573,0.4483309,0.02349435,0.8877918,16.59747,36.12062,7.876984
06.12.2023 14:47:35,-0.0131177,0.4558372,-0.008809193,0.8899229,5.877594,35.74292,6.583923,-0.1011674,0.4505385,0.02382007,0.8866864,16.58792,35.83791,7.862274
06.12.2023 14:47:35,-0.01412174,0.4582532,-0.00848997,0.888669,5.99231,35.42917,6.606567,-0.1008942,0.4528915,0.02416608,0.8855087,16.57056,35.53716,7.842896
06.12.2023 14:47:35,-0.01508533,0.4605709,-0.008306795,0.8874559,6.095764,35.12757,6.641449,-0.1007352,0.45519,0.02446282,0.8843394,16.56262,35.24113,7.834076
06.12.2023 14:47:35,-0.01610258,0.4629422,-0.007923605,0.8862069,6.214996,34.81852,6.659485,-0.100624,0.4574357,0.02470111,0.8831859,16.5567,34.9505,7.833221
06.12.2023 14:47:35,-0.0169776,0.4652173,-0.007665765,0.8850005,6.313202,34.52169,6.683167,-0.1004982,0.4596879,0.02472361,0.8820295,16.53784,34.65722,7.853821
06.12.2023 14:47:35,-0.01798094,0.4675682,-0.007209057,0.8837447,6.434814,34.21429,6.694244,-0.1003559,0.4619392,0.02462073,0.8808715,16.51053,34.36296,7.886292
06.12.2023 14:47:35,-0.01887406,0.4700495,-0.006738874,0.8824126,6.545685,33.8898,6.698914,-0.1001202,0.4642303,0.02464745,0.8796924,16.48047,34.06544,7.900726
06.12.2023 14:47:35,-0.01964732,0.4721942,-0.00645496,0.8812519,6.63501,33.60874,6.715912,-0.09983275,0.4663556,0.02495476,0.8785916,16.46094,33.79216,7.881317
06.12.2023 14:47:35,-0.02030977,0.4744222,-0.006229248,0.8800411,6.709747,33.31672,6.733368,-0.09938548,0.4683484,0.02565222,0.8775616,16.44705,33.54112,7.81131
06.12.2023 14:47:35,-0.0209097,0.4766571,-0.005984697,0.8788202,6.779114,33.02359,6.745911,-0.09881952,0.4703492,0.02609242,0.8765418,16.40741,33.28849,7.760925
06.12.2023 14:47:35,-0.02138086,0.4789279,-0.005742038,0.877575,6.835297,32.7258,6.752014,-0.0985696,0.4723807,0.02630805,0.8754704,16.38754,33.02535,7.751587
06.12.2023 14:47:35,-0.02182866,0.4810186,-0.005495858,0.8764214,6.889679,32.4512,6.756378,-0.09835567,0.4744709,0.02632706,0.8743629,16.36041,32.7522,7.765015
06.12.2023 14:47:35,-0.02211042,0.4832613,-0.005340064,0.8751807,6.922058,32.15685,6.76123,-0.09824701,0.476465,0.02621983,0.8732933,16.33719,32.48904,7.795959
06.12.2023 14:47:35,-0.02237081,0.4854079,-0.00506611,0.8739868,6.959045,31.87487,6.753021,-0.09812371,0.4784672,0.02645606,0.8722047,16.33145,32.22714,7.791229
06.12.2023 14:47:35,-0.02258642,0.4876651,-0.004898749,0.8727248,6.985443,31.57805,6.753418,-0.09790715,0.4804554,0.02693142,0.8711209,16.32983,31.96977,7.756775
06.12.2023 14:47:35,-0.02284556,0.489822,-0.004850437,0.8715096,7.009705,31.29366,6.768066,-0.09776965,0.4824126,0.027512,0.8700358,16.34232,31.71576,7.715881
06.12.2023 14:47:35,-0.02315983,0.4922193,-0.004708113,0.8701503,7.044189,30.97708,6.777191,-0.09780452,0.4845896,0.02788651,0.8688093,16.36005,31.42821,7.708801
06.12.2023 14:47:35,-0.0233755,0.4945016,-0.004759972,0.8688493,7.058044,30.67533,6.799957,-0.09779492,0.4867299,0.02817169,0.8676039,16.3685,31.14516,7.707825
06.12.2023 14:47:35,-0.02359851,0.4967366,-0.004758477,0.8675674,7.075653,30.37939,6.817841,-0.09768895,0.4887926,0.02842461,0.8664472,16.36578,30.87325,7.703491
06.12.2023 14:47:35,-0.02368113,0.4989312,-0.004791281,0.8663048,7.077362,30.08891,6.831085,-0.0974783,0.4910676,0.02865523,0.865176,16.35077,30.57394,7.698151
06.12.2023 14:47:35,-0.02373824,0.5011079,-0.004785185,0.865046,7.078766,29.80052,6.838989,-0.09722158,0.493182,0.02888224,0.8639938,16.33154,30.29637,7.688263
06.12.2023 14:47:35,-0.02365886,0.5034462,-0.004685355,0.86369,7.071716,29.49096,6.830109,-0.09705086,0.4953726,0.02908482,0.8627521,16.31934,30.00674,7.68692
06.12.2023 14:47:35,-0.02360926,0.5055601,-0.004664033,0.8624557,7.063538,29.2105,6.8302,-0.09677278,0.4975246,0.02935585,0.861535,16.30063,29.72392,7.671814
06.12.2023 14:47:35,-0.02358914,0.5077178,-0.004699465,0.8611876,7.054901,28.92362,6.837677,-0.09651703,0.4996198,0.02963137,0.860341,16.28467,29.44802,7.65683
06.12.2023 14:47:35,-0.02340941,0.5099242,-0.004876258,0.8598869,7.022156,28.63036,6.849854,-0.09624121,0.5016856,0.02988517,0.8591601,16.26572,29.17584,7.642365
06.12.2023 14:47:35,-0.02325435,0.5121114,-0.004968532,0.8585898,6.996765,28.3392,6.85495,-0.09585159,0.5037653,0.0300628,0.8579798,16.23108,28.90258,7.628815
06.12.2023 14:47:35,-0.02290255,0.5142481,-0.005158569,0.8573202,6.946381,28.05508,6.857788,-0.09563161,0.5061202,0.03007068,0.856617,16.20255,28.58821,7.645935
06.12.2023 14:47:35,-0.02275773,0.5162554,-0.005131167,0.8561169,6.929443,27.78721,6.851074,-0.09525234,0.5082886,0.03009928,0.8553734,16.1601,28.30106,7.648743
06.12.2023 14:47:35,-0.02242949,0.5183615,-0.005223608,0.8548515,6.887238,27.50636,6.845337,-0.09482107,0.5105239,0.03037052,0.8540796,16.12671,28.00673,7.625061
06.12.2023 14:47:35,-0.02206566,0.5203599,-0.005261539,0.8536457,6.845062,27.23974,6.831696,-0.09432542,0.5127548,0.03068199,0.8527859,16.08957,27.71372,7.593292
06.12.2023 14:47:35,-0.02163957,0.5223238,-0.005401381,0.8524555,6.790833,26.9775,6.824036,-0.093936,0.5148889,0.03122096,0.8515226,16.077,27.43319,7.544159
06.12.2023 14:47:35,-0.02119268,0.5242193,-0.00549626,0.8513018,6.737488,26.72422,6.810364,-0.09379256,0.5167794,0.03151776,0.8503816,16.07504,27.18024,7.530914
06.12.2023 14:47:35,-0.02066365,0.5263146,-0.005584886,0.8500205,6.676147,26.44397,6.79129,-0.0938285,0.518624,0.03192106,0.8492388,16.09729,26.93115,7.51767
06.12.2023 14:47:35,-0.02012958,0.5281585,-0.005678956,0.8488882,6.614624,26.1972,6.771698,-0.09393947,0.5201144,0.03217227,0.848305,16.11887,26.72797,7.519531
06.12.2023 14:47:35,-0.01948055,0.5298768,-0.005781238,0.8478311,6.541779,25.96746,6.745422,-0.09380415,0.5217785,0.03234555,0.8472909,16.11118,26.50406,7.516144
06.12.2023 14:47:35,-0.01874223,0.5316594,-0.005901818,0.8467303,6.459106,25.72898,6.715302,-0.09330043,0.5234468,0.03252501,0.84631,16.0679,26.28481,7.489197
06.12.2023 14:47:35,-0.01815638,0.533156,-0.005959358,0.8458012,6.395782,25.52837,6.687592,-0.09286083,0.5250639,0.03266683,0.8453507,16.0289,26.07113,7.469147
06.12.2023 14:47:35,-0.01755349,0.5346796,-0.0060038,0.8448513,6.331665,25.32389,6.65741,-0.09236087,0.527117,0.03266926,0.8441267,15.97437,25.79757,7.46463
06.12.2023 14:47:35,-0.01681087,0.5362504,-0.005860862,0.8438712,6.265564,25.11329,6.600372,-0.09198294,0.5290542,0.03259529,0.8429582,15.9274,25.53728,7.473511
06.12.2023 14:47:35,-0.01637543,0.5376089,-0.005796104,0.8430154,6.224915,24.93018,6.569275,-0.09158066,0.5308421,0.03273813,0.8418717,15.89185,25.29871,7.457581
06.12.2023 14:47:35,-0.01600745,0.5389504,-0.005717833,0.8421659,6.191772,24.74893,6.540924,-0.09124628,0.5324315,0.03300476,0.8408933,15.87122,25.08681,7.431152
06.12.2023 14:47:35,-0.01569007,0.5403181,-0.005545723,0.8412963,6.169312,24.56384,6.506592,-0.09098379,0.5339409,0.03342365,0.8399476,15.86734,24.8854,7.393402
06.12.2023 14:47:35,-0.01554518,0.5413802,-0.005370334,0.8406171,6.164337,24.41967,6.482178,-0.09089657,0.5351342,0.03352074,0.8391934,15.86151,24.72294,7.394012
06.12.2023 14:47:35,-0.01554436,0.5425259,-0.005067623,0.83988,6.181061,24.26361,6.454559,-0.09087374,0.5364149,0.03340763,0.8383824,15.8486,24.54618,7.420319
06.12.2023 14:47:35,-0.01559145,0.5436721,-0.004796572,0.8391392,6.2005,24.10718,6.433044,-0.09085386,0.5374354,0.03324223,0.8377373,15.83344,24.40485,7.448486
06.12.2023 14:47:35,-0.01564292,0.5445589,-0.004446417,0.8385649,6.2258,23.98609,6.40387,-0.09070921,0.5385706,0.03317892,0.8370261,15.81219,24.24997,7.460205
06.12.2023 14:47:35,-0.01579615,0.5455346,-0.004039765,0.8379297,6.264313,23.85249,6.375854,-0.09051611,0.5396578,0.0334547,0.8363356,15.80762,24.10416,7.435242
06.12.2023 14:47:35,-0.01599097,0.5464088,-0.003601308,0.8373582,6.309021,23.73259,6.34729,-0.09031674,0.5407118,0.03378677,0.8356627,15.80612,23.96318,7.404022
06.12.2023 14:47:35,-0.01619601,0.5471845,-0.003128491,0.8368495,6.357086,23.62608,6.31604,-0.09014966,0.5416936,0.03403058,0.8350348,15.80252,23.83113,7.382477
06.12.2023 14:47:35,-0.01642956,0.5480095,-0.002716227,0.8363063,6.404083,23.51262,6.292542,-0.09031089,0.5428387,0.03416767,0.8342678,15.82336,23.67088,7.394623
06.12.2023 14:47:35,-0.01664772,0.548719,-0.002323118,0.8358378,6.448608,23.41496,6.269806,-0.09047662,0.5439773,0.034259,0.8335041,15.84177,23.51105,7.411469
06.12.2023 14:47:35,-0.01680535,0.5494983,-0.002007447,0.8353234,6.482391,23.30782,6.250885,-0.09044605,0.5449597,0.03437346,0.8328607,15.84323,23.37584,7.411346
06.12.2023 14:47:35,-0.01694971,0.5502762,-0.001573982,0.8348092,6.522369,23.20092,6.219879,-0.09027821,0.5460811,0.03444288,0.8321412,15.82825,23.22304,7.408508
06.12.2023 14:47:35,-0.0169483,0.551105,-0.001320001,0.8342628,6.537079,23.0873,6.197021,-0.0898153,0.5469953,0.03461642,0.8315834,15.79221,23.10387,7.373688
06.12.2023 14:47:35,-0.01701322,0.5519651,-0.001016905,0.8336931,6.561218,22.96913,6.173767,-0.08957811,0.5479744,0.03459978,0.8309649,15.76563,22.97121,7.372681
06.12.2023 14:47:36,-0.01710444,0.5526903,-0.0007510568,0.8332109,6.585754,22.86932,6.155518,-0.08922035,0.5488605,0.03448883,0.830423,15.7218,22.85272,7.371613
06.12.2023 14:47:36,-0.0172387,0.5535406,-0.0005939102,0.8326435,6.607361,22.75201,6.150665,-0.08914432,0.5497504,0.03430476,0.82985,15.70026,22.72906,7.395966
06.12.2023 14:47:36,-0.01726542,0.5544373,-0.0005647246,0.8320462,6.610504,22.62849,6.151306,-0.08890603,0.5505881,0.03412853,0.8293273,15.66382,22.61506,7.408234
06.12.2023 14:47:36,-0.01723063,0.5553423,-0.0007355337,0.831443,6.595062,22.50378,6.167114,-0.088639,0.551587,0.03398814,0.8286976,15.62643,22.47913,7.417206
06.12.2023 14:47:36,-0.0171019,0.5562423,-0.0008499256,0.8308437,6.574249,22.38,6.171539,-0.08838159,0.552497,0.03401521,0.8281177,15.60092,22.3562,7.409515
06.12.2023 14:47:36,-0.01685045,0.5571352,-0.0008787357,0.8302503,6.547241,22.25757,6.159882,-0.08804662,0.5535035,0.03398607,0.8274822,15.56418,22.22058,7.40329
06.12.2023 14:47:36,-0.01649804,0.5580235,-0.00097476,0.8296606,6.506348,22.13595,6.148102,-0.08771618,0.5545074,0.03392113,0.8268476,15.5256,22.08498,7.400726
06.12.2023 14:47:36,-0.01618992,0.5590863,-0.0009462242,0.8289509,6.477448,21.99003,6.127563,-0.08722454,0.5558267,0.03409285,0.8260062,15.48602,21.9087,7.368805
06.12.2023 14:47:36,-0.01578999,0.5599757,-0.0008031888,0.8283582,6.447449,21.86832,6.089874,-0.0868191,0.5569638,0.03416952,0.8252795,15.44913,21.75597,7.349274
06.12.2023 14:47:36,-0.01562937,0.5609522,-0.0009149615,0.8277002,6.423737,21.73357,6.091858,-0.08654264,0.5581547,0.03413348,0.8245051,15.41714,21.59314,7.34964
06.12.2023 14:47:36,-0.01554753,0.5618579,-0.0009852367,0.827087,6.410248,21.60831,6.094788,-0.08643697,0.5590135,0.03392557,0.8239427,15.3912,21.47337,7.373444
06.12.2023 14:47:36,-0.01540405,0.5629352,-0.001046861,0.8263568,6.391266,21.45937,6.093201,-0.08627506,0.5598856,0.03383351,0.8233712,15.36734,21.35307,7.382568
06.12.2023 14:47:36,-0.01531498,0.5639496,-0.001147013,0.8256664,6.375031,21.31882,6.098633,-0.08648489,0.5606086,0.03356392,0.822868,15.36765,21.24725,7.431427
06.12.2023 14:47:36,-0.01520611,0.5649712,-0.001269333,0.8249695,6.355438,21.17721,6.104828,-0.08694784,0.5614185,0.03321258,0.8222811,15.38626,21.12501,7.506042
06.12.2023 14:47:36,-0.01517144,0.5660297,-0.001387485,0.8242441,6.343079,21.03014,6.115479,-0.08738749,0.5622798,0.03311574,0.8216497,15.41895,20.99691,7.555573
06.12.2023 14:47:36,-0.01515836,0.5671245,-0.001521695,0.8234912,6.331635,20.87781,6.129089,-0.0878379,0.5631297,0.03323613,0.8210145,15.46674,20.87112,7.585144
06.12.2023 14:47:36,-0.01508059,0.5680975,-0.001675246,0.8228214,6.312988,20.7425,6.140076,-0.08836515,0.5639494,0.0338532,0.8203699,15.55429,20.75052,7.572418
06.12.2023 14:47:36,-0.01514864,0.5692456,-0.001896731,0.8220258,6.303345,20.58221,6.167206,-0.0888578,0.564829,0.03477386,0.8196727,15.65829,20.62326,7.52951
06.12.2023 14:47:36,-0.01514976,0.5702771,-0.002153223,0.8213099,6.285217,20.4382,6.193054,-0.08921142,0.5656211,0.0357491,0.8190459,15.75311,20.51061,7.471161
06.12.2023 14:47:36,-0.01521865,0.5712623,-0.002327369,0.8206232,6.27887,20.30039,6.215485,-0.08965956,0.5664479,0.03637321,0.8183978,15.83383,20.38984,7.453156
06.12.2023 14:47:36,-0.01526645,0.5722954,-0.002587686,0.8199014,6.26474,20.15578,6.24469,-0.09009255,0.5672622,0.03684412,0.8177649,15.90317,20.27021,7.448639
06.12.2023 14:47:36,-0.01527405,0.5733167,-0.002789511,0.8191867,6.250641,20.01286,6.265717,-0.09071442,0.5682453,0.0370557,0.8170037,15.97272,20.12234,7.483917
06.12.2023 14:47:36,-0.0152632,0.5741889,-0.002895086,0.8185755,6.241333,19.89078,6.276245,-0.09116099,0.5690899,0.03708475,0.8163646,16.0141,19.9958,7.522919
06.12.2023 14:47:36,-0.01526235,0.5750877,-0.003085879,0.8179436,6.227264,19.76481,6.295441,-0.09130065,0.5699568,0.03731535,0.8157334,16.03976,19.87183,7.52243
06.12.2023 14:47:36,-0.01545759,0.5758992,-0.003127231,0.8173686,6.241547,19.65047,6.313416,-0.09134015,0.5707866,0.03756894,0.815137,16.05768,19.75472,7.512512
06.12.2023 14:47:36,-0.01557762,0.576844,-0.003225222,0.8166994,6.244751,19.51754,6.33197,-0.09070093,0.5715154,0.03755719,0.814698,15.99463,19.6615,7.480103
06.12.2023 14:47:36,-0.01576888,0.5777043,-0.003376011,0.8160868,6.251251,19.39613,6.360077,-0.09056155,0.5722705,0.03760146,0.8141813,15.98218,19.55675,7.476746
06.12.2023 14:47:36,-0.0158881,0.578669,-0.003551787,0.8154001,6.249115,19.26016,6.385895,-0.08987799,0.573081,0.03685912,0.8137208,15.8663,19.44917,7.511169
06.12.2023 14:47:36,-0.01594964,0.5796844,-0.003658101,0.8146768,6.246094,19.11714,6.401459,-0.08951602,0.5740404,0.03603943,0.813121,15.7749,19.31495,7.57663
06.12.2023 14:47:36,-0.0158407,0.5807925,-0.003764976,0.8138888,6.226898,18.9615,6.405853,-0.08904245,0.5749379,0.03541317,0.8125662,15.686,19.1921,7.615204
06.12.2023 14:47:36,-0.01570113,0.581917,-0.003805685,0.8130877,6.209229,18.80353,6.402039,-0.08839939,0.5760676,0.03521407,0.8118446,15.60892,19.04071,7.604889
06.12.2023 14:47:36,-0.0154131,0.5830389,-0.003890573,0.8122888,6.174835,18.6462,6.392334,-0.08766149,0.5771774,0.03526459,0.8111339,15.53979,18.89452,7.564178
06.12.2023 14:47:36,-0.0152352,0.5844126,-0.003938829,0.8113041,6.15271,18.45282,6.386871,-0.08683298,0.5786587,0.03593032,0.8101378,15.50238,18.69917,7.464294
06.12.2023 14:47:36,-0.01488396,0.5856846,-0.004029432,0.8103924,6.111816,18.27409,6.373505,-0.08666884,0.5799793,0.03643393,0.8091879,15.51685,18.51541,7.423126
06.12.2023 14:47:36,-0.01459836,0.5870311,-0.004011565,0.8094229,6.084259,18.08444,6.354462,-0.08667563,0.5813093,0.03689301,0.8082115,15.54437,18.32723,7.398102
06.12.2023 14:47:36,-0.01445763,0.5882145,-0.004102384,0.8085653,6.06311,17.9172,6.35498,-0.08656436,0.5824531,0.03706113,0.8073918,15.54196,18.16608,7.389771
06.12.2023 14:47:36,-0.01417912,0.589546,-0.004044505,0.8076002,6.039032,17.72923,6.33252,-0.08657277,0.5836744,0.03755842,0.8064854,15.57269,17.99313,7.360046
06.12.2023 14:47:36,-0.01388327,0.5907754,-0.003911383,0.8067071,6.018646,17.55559,6.301758,-0.08636542,0.5848793,0.03781427,0.8056223,15.56726,17.82471,7.337769
06.12.2023 14:47:36,-0.01343741,0.5919638,-0.003851804,0.8058434,5.979614,17.38796,6.267487,-0.08613883,0.5859363,0.03803461,0.8048678,15.55811,17.67747,7.315491
06.12.2023 14:47:36,-0.01307499,0.5931482,-0.003836502,0.804978,5.945374,17.22044,6.242859,-0.08601385,0.5869862,0.03787461,0.8041234,15.53262,17.52802,7.335602
06.12.2023 14:47:36,-0.01258273,0.5942939,-0.003737836,0.8041409,5.904968,17.05859,6.201569,-0.0858007,0.5880631,0.03750166,0.8033765,15.48438,17.37509,7.36969
06.12.2023 14:47:36,-0.01216169,0.5954472,-0.003645041,0.8032942,5.870819,16.89527,6.165588,-0.08556911,0.5891423,0.03713354,0.8026272,15.43466,17.22202,7.401917
06.12.2023 14:47:36,-0.01167691,0.5966727,-0.003640302,0.8023915,5.824799,16.72154,6.133301,-0.0856096,0.5905002,0.03675434,0.8016419,15.40842,17.02438,7.457764
06.12.2023 14:47:36,-0.01123073,0.5980201,-0.003607244,0.8013943,5.78418,16.53005,6.101044,-0.08556528,0.5919259,0.03669541,0.8005971,15.39587,16.81932,7.478821
06.12.2023 14:47:36,-0.01080562,0.5991667,-0.003656751,0.800543,5.740204,16.36698,6.077515,-0.08545464,0.5932042,0.03670407,0.7996619,15.38232,16.63658,7.487
06.12.2023 14:47:36,-0.01036723,0.6005522,-0.003792421,0.7995093,5.688843,16.16946,6.061035,-0.0851464,0.5949907,0.03730075,0.7983388,15.3895,16.38542,7.433594
06.12.2023 14:47:36,-0.009990009,0.6020189,-0.003920253,0.7984098,5.643555,15.95988,6.047974,-0.08474314,0.596876,0.03794591,0.7969428,15.39124,16.12116,7.370392
06.12.2023 14:47:36,-0.009642242,0.6035424,-0.003983389,0.7972627,5.605438,15.74178,6.030914,-0.08445036,0.5987055,0.03834992,0.795581,15.38693,15.86185,7.336548
06.12.2023 14:47:36,-0.009150304,0.605215,-0.004292591,0.7959979,5.536957,15.50211,6.026245,-0.08412421,0.6008225,0.03854331,0.7940087,15.36429,15.56002,7.323486
06.12.2023 14:47:36,-0.008719754,0.606888,-0.00451673,0.7947267,5.47998,15.26187,6.017822,-0.08394992,0.6028534,0.03828316,0.7924989,15.32425,15.26617,7.361694
06.12.2023 14:47:36,-0.008164178,0.6087908,-0.004824211,0.7932742,5.405609,14.98824,6.008148,-0.0838384,0.6049621,0.03792945,0.7909193,15.28302,14.95914,7.413788
06.12.2023 14:47:36,-0.007616493,0.6106769,-0.005122932,0.7918267,5.332611,14.71645,5.997894,-0.08377399,0.6070243,0.0375969,0.7893605,15.24747,14.65767,7.466614
06.12.2023 14:47:36,-0.006928499,0.6128061,-0.005453153,0.7901841,5.244446,14.4091,5.980377,-0.08399145,0.6093943,0.03751865,0.7875128,15.25421,14.30687,7.520538
06.12.2023 14:47:36,-0.006430812,0.6148666,-0.005807734,0.7885836,5.171906,14.11073,5.977966,-0.08401335,0.6115361,0.03770771,0.7858393,15.26266,13.99274,7.533142
06.12.2023 14:47:36,-0.005968335,0.6168365,-0.006065581,0.7870454,5.109528,13.82485,5.968964,-0.0840288,0.6137503,0.03835982,0.7840781,15.30319,13.66886,7.504395
06.12.2023 14:47:36,-0.005573831,0.6189519,-0.006450863,0.7853827,5.044098,13.51707,5.975952,-0.08404836,0.6159032,0.03906733,0.7823509,15.34845,13.35331,7.470428
06.12.2023 14:47:36,-0.005279239,0.6210693,-0.006891341,0.7837076,-0.01634315,13.2082,5.994659,-0.08425321,0.618097,0.03972768,0.7805634,15.4071,13.02778,7.4552
06.12.2023 14:47:36,-0.005001475,0.6231903,-0.007349857,0.7820197,-0.07667418,12.8981,6.015869,-0.08469336,0.620113,0.04011385,0.7788953,15.4679,12.7231,7.47998
06.12.2023 14:47:36,-0.004745665,0.6252159,-0.007764425,0.7803988,-0.131887,12.60132,6.034424,-0.08505809,0.6220929,0.04040005,0.7772602,15.5148,12.42397,7.508087
06.12.2023 14:47:36,-0.004484702,0.6273425,-0.008172624,0.7786877,-0.1873406,12.28905,6.051727,-0.08540058,0.6240994,0.04085964,0.7755883,15.57208,12.12106,7.519684
06.12.2023 14:47:36,-0.004350747,0.6315213,-0.008976283,0.7752944,-0.2630578,11.67301,6.112396,-0.08582448,0.6280042,0.04184904,0.77233,15.66885,11.53381,7.516815
06.12.2023 14:47:36,-0.004593382,0.633565,-0.009383845,0.773619,-0.2740752,11.37041,6.165466,-0.08619261,0.6299458,0.04211139,0.7706918,15.71429,11.23746,7.548126
06.12.2023 14:47:36,-0.004831064,0.6357608,-0.009717797,0.7718098,-0.2806968,11.04453,6.211517,-0.08663304,0.6319072,0.04224057,0.7690278,15.75623,10.93582,7.59729
06.12.2023 14:47:36,-0.005236795,0.6379563,-0.01010473,0.7699885,-0.2766367,10.71774,6.274536,-0.08705425,0.6335964,0.04236366,0.7675823,15.79675,10.67474,7.641998
06.12.2023 14:47:36,-0.00558609,0.6401351,-0.01046405,0.7681708,-0.2758611,10.39269,6.330994,-0.08746742,0.6353492,0.04264645,0.7660693,15.84793,10.40405,7.673126
06.12.2023 14:47:36,-0.006016949,0.6422925,-0.01059317,0.7663628,-0.2512713,10.06993,6.373291,-0.08799856,0.6371225,0.04290763,0.7645196,15.90775,10.12751,7.715698
06.12.2023 14:47:36,-0.006436366,0.6444674,-0.01063142,0.7645308,-0.2212543,9.743752,6.406891,-0.08828407,0.638929,0.0432546,0.7629579,15.95206,9.849869,7.73291
06.12.2023 14:47:36,-0.006897073,0.6468937,-0.01058631,0.7624756,-0.1821288,9.378914,6.436401,-0.08849249,0.6409534,0.04372013,0.7612072,15.99756,9.540199,7.737244
06.12.2023 14:47:36,-0.007381679,0.6491169,-0.01059512,0.760579,-0.1447431,9.043594,6.472656,-0.08884887,0.6428871,0.04408612,0.7595121,16.04901,9.240616,7.760681
06.12.2023 14:47:36,-0.007943516,0.6514711,-0.01042844,0.7585602,-0.08802853,8.687469,6.499664,-0.08915239,0.6449718,0.04445334,0.7576854,16.09528,8.918198,7.782562
06.12.2023 14:47:36,-0.008560364,0.6535192,-0.01033521,0.756791,-0.03161006,8.376587,6.537537,-0.08946259,0.6467543,0.04482528,0.756106,16.14359,8.641037,7.800385
06.12.2023 14:47:36,-0.009343526,0.6558401,-0.01030973,0.7547716,5.033325,8.023132,6.594086,-0.08952621,0.648873,0.04528023,0.7542537,16.17542,8.316452,7.797272
06.12.2023 14:47:36,-0.009943369,0.6580464,-0.01027746,0.7528416,5.082825,7.68647,6.636658,-0.0896256,0.6507577,0.04570063,0.7525909,16.20868,8.026237,7.796692
06.12.2023 14:47:36,-0.01052977,0.6602527,-0.01026946,0.7508994,5.129059,7.348907,6.680573,-0.08939473,0.6526822,0.04626546,0.7509155,16.22421,7.735703,7.758728
06.12.2023 14:47:36,-0.01108202,0.6623831,-0.01023254,0.7490134,5.1745,7.022095,6.719696,-0.0892157,0.6545384,0.0465544,0.7493015,16.22382,7.453476,7.747833
06.12.2023 14:47:36,-0.0115402,0.6645468,-0.01027005,0.7470869,5.205872,6.689537,6.758301,-0.08919309,0.6563962,0.04686308,0.747658,16.23849,7.167458,7.747589
06.12.2023 14:47:36,-0.01200486,0.6665555,-0.01038,0.7452865,5.232422,6.379906,6.803741,-0.08925268,0.6581079,0.04669142,0.7461554,16.22421,6.901001,7.793121
06.12.2023 14:47:36,-0.01235126,0.6687059,-0.01051331,0.74335,5.24649,6.047935,6.842316,-0.08918195,0.6600693,0.04672782,0.744427,16.21353,6.598076,7.814301
06.12.2023 14:47:36,-0.01261239,0.6707866,-0.0106028,0.7414674,5.256622,5.726143,6.870697,-0.08880329,0.6618992,0.04675482,0.7428442,16.17627,6.320778,7.809998
06.12.2023 14:47:36,-0.01283245,0.6724867,-0.01073305,0.7399201,5.260956,5.46254,6.899292,-0.08859707,0.6634843,0.04693451,0.741442,16.16644,6.078018,7.80246
06.12.2023 14:47:36,-0.01300019,0.6744238,-0.01095307,0.7381488,5.253143,5.161766,6.931549,-0.08829585,0.6653426,0.04713864,0.739798,16.14944,5.793968,7.78949
06.12.2023 14:47:36,-0.01302168,0.6761723,-0.01108665,0.736545,5.240021,4.890038,6.945099,-0.08839789,0.6670179,0.04746872,0.7382545,16.17728,5.530403,7.795013
06.12.2023 14:47:36,-0.01311758,0.6779529,-0.01108993,0.7349046,5.243134,4.612488,6.9534,-0.08836124,0.6687216,0.0477865,0.7366955,16.19229,5.264435,7.791199
06.12.2023 14:47:36,-0.0131983,0.6796755,-0.01116298,0.7333092,5.239624,4.34343,6.9664,-0.08832076,0.6701501,0.04833515,0.7353653,16.22601,5.041542,7.763336
06.12.2023 14:47:36,-0.01319796,0.6815003,-0.01129887,0.7316117,5.224091,4.058044,6.978363,-0.08778491,0.6718355,0.04892971,0.7338507,16.22061,4.7873,7.696136
06.12.2023 14:47:36,-0.01327865,0.6832589,-0.01136943,0.7299669,5.220551,3.78212,6.991119,-0.0871131,0.6735222,0.04955807,0.7323409,16.20676,4.534874,7.615234
06.12.2023 14:47:36,-0.01337028,0.6850585,-0.01148742,0.7282748,5.21402,3.499092,7.008698,-0.0866294,0.6750876,0.04983694,0.7309367,16.18222,4.297012,7.577057
06.12.2023 14:47:36,-0.01329917,0.6868393,-0.01156757,0.7265956,5.196869,3.218857,7.010284,-0.086199,0.6767936,0.04942193,0.7294366,16.10748,4.034576,7.60376
06.12.2023 14:47:36,-0.01313895,0.6886414,-0.01157903,0.7248905,5.177673,2.934883,6.999084,-0.08607705,0.6785199,0.04880542,0.727887,16.04266,3.762329,7.672302
06.12.2023 14:47:37,-0.01292379,0.6901695,-0.01175659,0.7234369,5.141571,2.693794,6.997131,-0.08558547,0.6800249,0.04851666,0.7265586,15.97327,3.532166,7.67984
06.12.2023 14:47:37,-0.01265174,0.6917127,-0.0116442,0.7219681,5.123718,2.449966,6.966553,-0.08501148,0.6815016,0.04862476,0.7252339,15.92841,3.308014,7.646851
06.12.2023 14:47:37,-0.01233142,0.6932103,-0.01169683,0.720535,5.08902,2.21302,6.945709,-0.08419278,0.6829975,0.04895996,0.7238985,15.8812,3.085136,7.575195
06.12.2023 14:47:37,-0.01199761,0.6947516,-0.01174081,0.7190539,5.053864,1.968643,6.922943,-0.08352644,0.6843484,0.04957535,0.7226569,15.86966,2.882248,7.490295
06.12.2023 14:47:37,-0.01159418,0.6961138,-0.01183698,0.7177402,5.009369,1.75251,6.898743,-0.08315422,0.6857343,0.05009406,0.7213491,15.87512,2.667717,7.437897
06.12.2023 14:47:37,-0.01120648,0.6975397,-0.011948,0.7163588,-0.03510397,1.525711,6.876892,-0.0826629,0.6872579,0.05041886,0.7199315,15.85504,2.432724,7.394104
06.12.2023 14:47:37,-0.01075259,0.6988521,-0.01202993,0.7150843,-0.08229169,1.316788,6.847168,-0.08210727,0.6887701,0.05068321,0.7185301,15.82507,2.200218,7.349823
06.12.2023 14:47:37,-0.0103319,0.7002174,-0.0121307,0.7137519,-0.1283102,1.098869,6.821503,-0.08137356,0.6902158,0.05075485,0.71722,15.76547,1.981079,7.305847
06.12.2023 14:47:37,-0.009996954,0.7014793,-0.01219251,0.7125155,-0.1638445,0.8969421,6.799377,-0.08082948,0.6915597,0.05082775,0.7159807,15.72211,1.774399,7.275635
06.12.2023 14:47:37,-0.009413451,0.7028102,-0.01229934,0.7112088,-0.2233592,0.6840363,6.760803,-0.08031585,0.6930132,0.05088792,0.7146276,15.68002,1.549034,7.250488
06.12.2023 14:47:37,-0.00902712,0.7039958,-0.01234101,0.7100396,-0.261087,0.4937286,6.732635,-0.0799934,0.6942145,0.05098356,0.7134901,15.65741,1.36058,7.234253
06.12.2023 14:47:37,-0.008786761,0.7051102,-0.0124431,0.7089341,-0.2915823,0.31427,6.7211,-0.07969035,0.6954153,0.05115036,0.7123417,15.64218,1.171532,7.213715
06.12.2023 14:47:37,-0.008528666,0.706257,-0.01252991,0.7077932,-0.3223259,0.1292877,6.706787,-0.07958951,0.6965246,0.05147817,0.7112448,15.65686,0.9933929,7.195282
06.12.2023 14:47:37,-0.008267561,0.7074183,-0.01253068,0.7066358,-0.3463298,-0.05831909,6.68515,-0.07941367,0.6976476,0.05178252,0.7101408,15.66357,0.8140793,7.172852
06.12.2023 14:47:37,-0.008179193,0.7085536,-0.01267825,0.7054957,-0.3681657,-0.2423706,6.689331,-0.07945013,0.6985683,0.0522537,0.7091964,15.70178,0.6635742,7.151337
06.12.2023 14:47:37,-0.00808541,0.7097012,-0.01273631,0.7043414,-0.383207,-0.4287109,6.685791,-0.07930058,0.6994597,0.05270169,0.7083008,15.72311,0.5210419,7.115997
06.12.2023 14:47:37,-0.007935406,0.7112814,-0.01275554,0.7027468,-0.4006382,-0.6857758,6.674255,-0.0789435,0.7008452,0.05335309,0.706921,15.74265,0.3013687,7.054474
06.12.2023 14:47:37,-0.007931459,0.7119508,-0.01276244,0.7020686,-0.4031134,-0.7949524,6.674103,-0.07874192,0.7013462,0.05370732,0.7064197,15.75354,0.2231598,7.016602
06.12.2023 14:47:37,-0.00797195,0.7130187,-0.01259133,0.7009867,-0.3884253,-0.9694138,6.663055,-0.07829796,0.7023911,0.05426326,0.7053877,15.75961,0.06021118,6.950531
06.12.2023 14:47:37,-0.008049928,0.7141469,-0.01259006,0.6998364,-0.3847466,-1.154099,6.668701,-0.07768933,0.7032537,0.0548899,0.7045465,15.75879,-0.07014465,6.862274
06.12.2023 14:47:37,-0.008297832,0.7154279,-0.01242327,0.6985269,-0.3542846,-1.364471,6.674957,-0.07671153,0.7043381,0.05551249,0.7035209,15.72733,-0.2305527,6.747009
06.12.2023 14:47:37,-0.008758569,0.7167816,-0.01227233,0.6971347,-0.3083304,-1.587616,6.700073,-0.07599921,0.7054257,0.05598221,0.7024705,15.70526,-0.3966599,6.66629
06.12.2023 14:47:37,-0.009369139,0.7180555,-0.01207272,0.695818,-0.2463345,-1.798431,6.733826,-0.07542947,0.7066948,0.05587959,0.7012634,15.6478,-0.5955048,6.646515
06.12.2023 14:47:37,-0.009927787,0.7194768,-0.01176698,0.6943458,-0.1802246,-2.03392,6.755035,-0.07609874,0.7077249,0.05545931,0.7001848,15.66501,-0.7772751,6.752289
06.12.2023 14:47:37,-0.01052793,0.7208475,-0.01148978,0.6929185,-0.113146,-2.261711,6.782257,-0.0767634,0.7087221,0.05484719,0.699151,15.66586,-0.9538422,6.872742
06.12.2023 14:47:37,-0.01106806,0.7222671,-0.01123128,0.6914345,-0.05261429,-2.497993,6.806244,-0.07789863,0.7097825,0.0541451,0.6980035,15.69666,-1.149857,7.040955
06.12.2023 14:47:37,-0.0114842,0.7236792,-0.01090445,0.6899549,0.003696093,-2.733292,6.814789,-0.07823908,0.7108963,0.05422372,0.6968249,15.72717,-1.340759,7.080597
06.12.2023 14:47:37,-0.01170813,0.7250245,-0.01065063,0.6885412,5.03891,-2.957512,6.813385,-0.07753529,0.7120489,0.05508396,0.6956583,15.73816,-1.519379,6.970245
06.12.2023 14:47:37,-0.01177574,0.7263793,-0.01036013,0.6871151,5.06485,-3.183334,6.796204,-0.0771175,0.7130438,0.05588137,0.6946213,15.76764,-1.677429,6.886688
06.12.2023 14:47:37,-0.01164484,0.7277045,-0.01025849,0.6857152,5.05957,-3.40416,6.777405,-0.07613992,0.714249,0.05629038,0.693457,15.72003,-1.86039,6.790283
06.12.2023 14:47:37,-0.01133186,0.7287418,-0.01019909,0.6846188,5.037292,-3.576782,6.746704,-0.0754196,0.71538,0.05642832,0.6923578,15.67105,-2.036018,6.735992
06.12.2023 14:47:37,-0.01082794,0.7299576,-0.01019338,0.6833307,-0.004775689,-3.779144,6.704163,-0.07469255,0.7168362,0.05606445,0.6909586,15.57935,-2.265961,6.726013
06.12.2023 14:47:37,-0.01003968,0.730891,-0.01046828,0.6823401,-0.09175339,-3.933868,6.659607,-0.07458129,0.7182211,0.05520831,0.6896001,15.49594,-2.495224,6.80603
06.12.2023 14:47:37,-0.009186019,0.7317937,-0.01080733,0.6813787,-0.1890278,-4.083672,6.61438,-0.07440288,0.7193764,0.05455914,0.6884657,15.4248,-2.685287,6.860077
06.12.2023 14:47:37,-0.008464318,0.7326896,-0.01148816,0.6804134,-0.3045881,-4.232986,6.606628,-0.07450446,0.7205839,0.05450859,0.6871948,15.42535,-2.889877,6.891235
06.12.2023 14:47:37,-0.007976947,0.7335853,-0.0122393,0.6794404,-0.4078015,-4.383041,6.623749,-0.07480678,0.7214774,0.05515828,0.686172,15.50095,-3.046204,6.879395
06.12.2023 14:47:37,-0.007587846,0.7344679,-0.01304929,0.6784757,-0.5083479,-4.531326,6.653473,-0.07559919,0.7223098,0.05621839,0.6851226,15.64969,-3.201935,6.876373
06.12.2023 14:47:37,-0.007176423,0.7353628,-0.01388209,0.6774935,-0.6126633,-4.681938,6.6828,-0.07605965,0.7235278,0.05683971,0.6837336,15.73456,-3.416748,6.886078
06.12.2023 14:47:37,-0.006548733,0.7363677,-0.01471331,0.6763899,-0.7339686,-4.851151,6.69339,-0.07583428,0.7251924,0.05819307,0.6818788,15.82571,-3.695671,6.786926
06.12.2023 14:47:37,-0.005645205,0.7372721,-0.01546877,0.6753953,-0.8700067,-5.003357,6.674561,-0.07472867,0.7269258,0.05872516,0.6801072,15.77921,-3.969925,6.677979
06.12.2023 14:47:37,-0.004428154,0.7384034,-0.01642896,0.6741446,-1.048111,-5.194305,6.644348,-0.07370783,0.7288811,0.0589618,0.6781026,15.71451,-4.284164,6.602875
06.12.2023 14:47:37,-0.00296102,0.7394727,-0.01733134,0.6729569,-1.240369,-5.375298,6.587982,-0.07300362,0.7303911,0.05833761,0.6766064,15.6033,-4.528175,6.614838
06.12.2023 14:47:37,-0.001434882,0.7405527,-0.01827961,0.6717482,-1.440927,-5.559036,6.529541,-0.07320306,0.7316341,0.05696041,0.6753579,15.49939,-4.742554,6.75882
06.12.2023 14:47:37,-3.138656E-05,0.7416695,-0.0194554,0.6704833,-1.651314,-5.750053,6.49826,-0.07371958,0.7327691,0.05575871,0.6741705,15.43475,-4.944786,6.914581
06.12.2023 14:47:37,0.001310815,0.7427164,-0.02069017,0.6692851,-1.86178,-5.929993,6.476196,-0.07491826,0.733738,0.05435013,0.6730988,15.40543,-5.13134,7.142761
06.12.2023 14:47:37,0.002749997,0.7437186,-0.02200091,0.6681251,-2.086008,-6.103226,6.451172,-0.07586391,0.734634,0.0533339,0.6720961,15.3894,-5.301682,7.317474
06.12.2023 14:47:37,0.004457369,0.74477,-0.02358373,0.6668896,-2.354033,-6.286301,6.423218,-0.07547492,0.7354137,0.05370767,0.6712569,15.38846,-5.428894,7.266968
06.12.2023 14:47:37,0.005944266,0.7457805,-0.02519371,0.6656887,-2.607401,-6.463158,6.415436,-0.07426671,0.735908,0.055211,0.6707277,15.42136,-5.493416,7.053619
06.12.2023 14:47:37,0.007683657,0.7467889,-0.0267779,0.6644775,-2.877808,-6.641182,6.383301,-0.07355185,0.7364575,0.05650838,0.6700951,15.47495,-5.576714,6.900055
06.12.2023 14:47:37,0.009329389,0.7476273,-0.02840932,0.6634451,-3.144725,-6.79084,6.362732,-0.07307947,0.7369149,0.05774278,0.6695383,15.54233,-5.648766,6.771088
06.12.2023 14:47:37,0.01083407,0.748408,-0.0298722,0.6624771,-3.386308,-6.931023,6.341034,-0.07336624,0.7372839,0.05852542,0.6690327,15.63016,-5.719032,6.74173
06.12.2023 14:47:37,0.01244003,0.7492637,-0.03139863,0.6614101,-3.64117,-7.085518,6.314453,-0.07364555,0.7377719,0.05909244,0.6684139,15.69873,-5.809509,6.730347
06.12.2023 14:47:37,0.01374015,0.7499486,-0.03255943,0.6605515,-3.841003,-7.209938,6.286743,-0.07407934,0.7380803,0.05932676,0.6680046,15.75131,-5.871414,6.755219
06.12.2023 14:47:37,0.01478603,0.7506036,-0.03362311,0.6597311,-4.013118,-7.328697,6.273346,-0.07372894,0.7384273,0.05967311,0.6676289,15.75302,-5.925453,6.703644
06.12.2023 14:47:37,0.01559252,0.7512079,-0.03443894,0.6589822,-4.145643,-7.437904,6.26178,-0.07305362,0.7386054,0.05984173,0.6674909,15.71503,-5.943932,6.634613
06.12.2023 14:47:37,0.01635513,0.7516869,-0.03520668,0.6583768,-4.270453,-7.525352,6.250946,-0.07249778,0.7387514,0.05976539,0.6673968,15.66541,-5.958755,6.594269
06.12.2023 14:47:37,0.01699241,0.7521811,-0.03578034,0.6577649,-4.369061,-7.614967,6.235962,-0.07304414,0.7389117,0.05877244,0.667248,15.62222,-5.994987,6.720825
06.12.2023 14:47:37,0.01743764,0.7526163,-0.03636761,0.657223,-4.454222,-7.693573,6.238892,-0.07387228,0.7391802,0.05774801,0.6669489,15.59763,-6.055298,6.876099
06.12.2023 14:47:37,0.01765185,0.7530097,-0.03684974,0.6567396,-4.512797,-7.763779,6.254028,-0.07448408,0.7393671,0.05671454,0.6667623,15.55576,-6.097488,7.011841
06.12.2023 14:47:37,0.01788344,0.7534118,-0.03726264,0.6562487,-4.566735,-7.835602,6.262329,-0.07435625,0.7396551,0.05642511,0.6664817,15.52032,-6.144493,7.027435
06.12.2023 14:47:37,0.01794624,0.7537311,-0.03770069,0.6558552,-4.609985,-7.892181,6.287659,-0.07397653,0.7400034,0.05642872,0.6661369,15.49048,-6.197708,6.999481
06.12.2023 14:47:37,0.01789164,0.7540042,-0.03799361,0.6555258,-4.631766,-7.939995,6.3125,-0.07300565,0.7405589,0.05754569,0.6655309,15.50998,-6.277786,6.83786
06.12.2023 14:47:37,0.01774379,0.7543225,-0.03814644,0.6551547,-4.634511,-7.99514,6.334595,-0.07294421,0.7411118,0.05756555,0.6649201,15.50546,-6.372711,6.839783
06.12.2023 14:47:37,0.01742254,0.7546131,-0.03817952,0.6548266,-4.613801,-8.04451,6.362885,-0.07383498,0.7419522,0.0568636,0.6639442,15.51102,-6.534355,6.984924
06.12.2023 14:47:37,0.01700896,0.7549517,-0.0380474,0.6544548,-4.571959,-8.10173,6.386444,-0.07463589,0.7427214,0.05620221,0.6630504,15.51306,-6.682327,7.118011
06.12.2023 14:47:37,0.01640542,0.7554474,-0.03778416,0.6539132,-4.504841,-8.185577,6.415619,-0.07475074,0.7436557,0.05598874,0.6620075,15.50049,-6.847046,7.159332
06.12.2023 14:47:37,0.01572883,0.7559127,-0.03742271,0.6534128,-4.4237,-8.263794,6.444061,-0.07448629,0.7443886,0.05612809,0.6612012,15.48996,-6.970215,7.137207
06.12.2023 14:47:37,0.01498926,0.7563409,-0.03693642,0.6529621,-4.326957,-8.335281,6.468964,-0.07443787,0.7452776,0.05642954,0.6601787,15.50934,-7.125336,7.124359
06.12.2023 14:47:37,0.01409619,0.7568674,-0.03640214,0.6524017,-4.214807,-8.423584,6.503082,-0.07464588,0.7458187,0.05660374,0.659529,15.53839,-7.224426,7.138214
06.12.2023 14:47:37,0.013242,0.7573894,-0.03596669,0.6518377,-4.114212,-8.511597,6.541412,-0.07500389,0.7460099,0.05659025,0.6592733,15.56378,-7.264847,7.17395
06.12.2023 14:47:37,0.01238261,0.7578911,-0.03557919,0.6512926,-4.017416,-8.596306,6.584045,-0.0750841,0.7463061,0.05650367,0.6589362,15.5614,-7.318146,7.192383
06.12.2023 14:47:37,0.01148571,0.7585359,-0.03515468,0.650581,-3.915027,-8.706345,6.626465,-0.07573148,0.7465147,0.05605518,0.6586641,15.57108,-7.366455,7.286896
06.12.2023 14:47:37,0.01048534,0.7591236,-0.03481424,0.6499303,-3.812184,-8.806389,6.684692,-0.07663152,0.746637,0.05515961,0.6584969,15.56155,-7.403816,7.436218
06.12.2023 14:47:37,0.009531839,0.7597991,-0.03452235,0.6491709,-3.717418,-8.922432,6.742126,-0.07739368,0.7466965,0.05422979,0.6584175,15.53879,-7.427505,7.57489
06.12.2023 14:47:37,0.008563867,0.760524,-0.03413247,0.6483555,-3.613289,-9.047485,6.793427,-0.0772801,0.7469296,0.05361414,0.658217,15.47614,-7.464828,7.615112
06.12.2023 14:47:37,0.007626827,0.7612098,-0.0338741,0.6475754,-3.522959,-9.166168,6.852234,-0.07673521,0.7472433,0.05355993,0.6579291,15.42902,-7.508911,7.576019
06.12.2023 14:47:37,0.006588886,0.7619384,-0.033593,0.6467441,-3.423411,-9.292534,6.918121,-0.07540316,0.7477082,0.05423677,0.6574993,15.38501,-7.565712,7.414459
06.12.2023 14:47:37,0.005620525,0.7626424,-0.0333898,0.6459335,-3.335922,-9.415184,6.984039,-0.07414472,0.7480432,0.05513363,0.6571866,15.36618,-7.602028,7.240784
06.12.2023 14:47:37,0.004726296,0.7633868,-0.03325106,0.6450679,-3.259849,-9.545555,7.048187,-0.073305,0.7483779,0.05568562,0.6568532,15.3493,-7.645912,7.130157
06.12.2023 14:47:37,0.003913635,0.7641408,-0.03320549,0.6441824,-3.198165,-9.678223,7.112244,-0.07281743,0.7487056,0.05571212,0.6565317,15.31372,-7.694328,7.09024
06.12.2023 14:47:37,0.00308054,0.7649151,-0.0333719,0.6432587,-3.153806,-9.815002,7.193756,-0.07244866,0.749029,0.05553817,0.6562182,15.26981,-7.743881,7.075836
06.12.2023 14:47:37,0.002287254,0.7657549,-0.03341622,0.6422598,-3.102093,-9.963753,7.262543,-0.07212631,0.7494625,0.05514931,0.6557914,15.21045,-7.813293,7.083435
06.12.2023 14:47:37,0.001484627,0.7664937,-0.03348239,0.6413769,-3.051439,-10.09483,7.334381,-0.0719158,0.7498193,0.05484481,0.655432,15.16708,-7.871529,7.093323
06.12.2023 14:47:37,0.0007146634,0.7673498,-0.03366463,0.6403441,-3.014023,-10.24738,7.411438,-0.07198941,0.7501116,0.05449253,0.6551188,15.14117,-7.92366,7.13092
06.12.2023 14:47:37,0.0001068055,0.7681393,-0.03384106,0.6393879,-2.987947,-10.38846,7.474213,-0.07207038,0.7504956,0.05428308,0.6546874,15.12787,-7.992424,7.159851
06.12.2023 14:47:37,-0.0003839156,0.7688051,-0.03403785,0.6385765,-2.971925,-10.50774,7.528778,-0.07266641,0.7509394,0.05430817,0.6541103,15.1734,-8.082054,7.217743
06.12.2023 14:47:37,-0.0007308225,0.769531,-0.03445701,0.6376789,-2.986428,-10.63825,7.5867,-0.07287318,0.75145,0.05480428,0.6534593,15.23026,-8.177277,7.20694
06.12.2023 14:47:37,-0.0009482796,0.7701176,-0.03495534,0.6369429,-3.016954,-10.74407,7.639618,-0.07285269,0.7518427,0.05550975,0.6529501,15.28867,-8.24791,7.158447
06.12.2023 14:47:37,-0.001190048,0.7706621,-0.03547614,0.6362547,-3.047618,-10.84245,7.696442,-0.07271524,0.7521682,0.05677584,0.6524814,15.38727,-8.305801,7.056549
06.12.2023 14:47:37,-0.001173298,0.7711,-0.03611475,0.6356879,-3.10721,-10.92195,7.739502,-0.07277627,0.7523598,0.05760615,0.6521809,15.46341,-8.342842,7.002869
06.12.2023 14:47:38,-0.001123154,0.7713867,-0.03694715,0.6352922,-3.185799,-10.97448,7.794434,-0.07298826,0.7524383,0.05790389,0.6520403,15.50497,-8.361519,7.000732
06.12.2023 14:47:38,-0.0007480649,0.7715605,-0.03776655,0.6350335,-3.286469,-11.00684,7.82016,-0.07319615,0.7525666,0.05800759,0.6518597,15.52917,-8.388512,7.01355
06.12.2023 14:47:38,-0.0003649464,0.7716455,-0.03864921,0.6348775,-3.392953,-11.02334,7.85022,-0.07326402,0.7524518,0.05749686,0.6520298,15.49023,-8.368263,7.055969
06.12.2023 14:47:38,0.0003565009,0.7715666,-0.03955705,0.6349174,-3.525599,-11.01067,7.853088,-0.07312756,0.7524452,0.0574777,0.6520544,15.47833,-8.364426,7.045135
06.12.2023 14:47:38,0.001232646,0.7714254,-0.04061723,0.635021,-3.682749,-10.98727,7.853729,-0.07297192,0.7524452,0.05710788,0.6521044,15.43451,-8.360535,7.05899
06.12.2023 14:47:38,0.001965631,0.7711878,-0.04146998,0.6352526,-3.810665,-10.94629,7.85257,-0.07337623,0.7524028,0.05651335,0.6521596,15.4133,-8.359436,7.138794
06.12.2023 14:47:38,0.002645974,0.7709824,-0.04231509,0.6354436,-3.934218,-10.91123,7.855377,-0.07384398,0.7524243,0.05582696,0.6521412,15.38867,-8.370689,7.232147
06.12.2023 14:47:38,0.00328869,0.7705966,-0.04352566,0.6358267,-4.086563,-10.84415,7.889465,-0.07463927,0.752402,0.05521997,0.6521282,15.39563,-8.380821,7.347992
06.12.2023 14:47:38,0.003869379,0.7702924,-0.04453401,0.6361222,-4.216834,-10.79161,7.913879,-0.07465515,0.7522706,0.05535356,0.6522664,15.40891,-8.358185,7.337311
06.12.2023 14:47:38,0.004269191,0.769877,-0.04535013,0.6365647,-4.316349,-10.71857,7.941071,-0.07462544,0.7523371,0.05560761,0.6521716,15.4285,-8.36998,7.316711
06.12.2023 14:47:38,0.004676558,0.7695067,-0.04594353,0.6369669,-4.396914,-10.65348,7.95108,-0.07477164,0.7522734,0.05588842,0.6522043,15.46411,-8.362228,7.307678
06.12.2023 14:47:38,0.005099029,0.7690561,-0.04630337,0.6374816,-4.457572,-10.57378,7.943298,-0.07526728,0.7521614,0.05613681,0.6522552,15.52325,-8.352745,7.33139
06.12.2023 14:47:38,0.005476919,0.76871,-0.04637627,0.6378905,-4.490118,-10.5125,7.917725,-0.07570841,0.7517766,0.05643818,0.6526216,15.58392,-8.294067,7.341827
06.12.2023 14:47:38,0.005721243,0.7683337,-0.04623146,0.6383519,-4.493541,-10.44527,7.888184,-0.07588102,0.7510889,0.05809332,0.6532479,15.74304,-8.179718,7.221771
06.12.2023 14:47:38,0.005896608,0.767963,-0.04607208,0.6388078,-4.490679,-10.3789,7.863647,-0.07608128,0.7501113,0.05930807,0.6542379,15.86676,-8.013741,7.13205
06.12.2023 14:47:38,0.006096866,0.7675746,-0.04579651,0.6392924,-4.479352,-10.30933,7.828461,-0.07654849,0.7494413,0.05951849,0.6549318,15.92239,-7.905251,7.146484
06.12.2023 14:47:38,0.006161808,0.7671868,-0.0453686,0.6397877,-4.444701,-10.2394,7.793976,-0.07737581,0.7486974,0.05935792,0.6556996,15.97339,-7.790306,7.219513
06.12.2023 14:47:38,0.006158722,0.7668137,-0.04491653,0.6402667,-4.403025,-10.17198,7.76355,-0.07780046,0.7480103,0.05980647,0.6563923,16.04657,-7.678856,7.211761
06.12.2023 14:47:38,0.006271075,0.7662911,-0.04434656,0.6409307,-4.358878,-10.078,7.71524,-0.07758391,0.7473509,0.05999451,0.6571516,16.04868,-7.558784,7.167145
06.12.2023 14:47:38,0.006332967,0.7658794,-0.04377517,0.6414613,-4.311433,-10.00383,7.670471,-0.07766878,0.7467934,0.06001643,0.657773,16.05881,-7.462494,7.163513
06.12.2023 14:47:38,0.006309722,0.7654407,-0.04323353,0.6420215,-4.260277,-9.924751,7.635468,-0.0778432,0.7464156,0.05960656,0.6582183,16.0379,-7.398743,7.203552
06.12.2023 14:47:38,0.006396794,0.7649313,-0.04264794,0.6426666,-4.213174,-9.833351,7.587921,-0.07807441,0.7460668,0.05928402,0.6586153,16.02875,-7.341476,7.242523
06.12.2023 14:47:38,0.006214557,0.7644311,-0.04213158,0.6432973,-4.152364,-9.743134,7.569,-0.0783595,0.7458916,0.05870139,0.6588321,16.0007,-7.315254,7.308899
06.12.2023 14:47:38,0.006058059,0.7639899,-0.04143241,0.6438681,-4.077691,-9.663376,7.533844,-0.07858143,0.745698,0.05831564,0.659059,15.98495,-7.284966,7.354492
06.12.2023 14:47:38,0.00590352,0.7635911,-0.04076725,0.6443849,-4.006365,-9.591339,7.500641,-0.07843812,0.7454446,0.05835426,0.6593593,15.97833,-7.237694,7.334595
06.12.2023 14:47:38,0.005536004,0.7631357,-0.04031659,0.6449557,-3.937888,-9.509064,7.502228,-0.07815652,0.7451929,0.0585909,0.6596562,15.97821,-7.188354,7.287506
06.12.2023 14:47:38,0.005182182,0.762738,-0.03964649,0.6454704,-3.851438,-9.436966,7.485931,-0.07780536,0.7449704,0.05898213,0.6599141,15.98602,-7.143097,7.223053
06.12.2023 14:47:38,0.004734882,0.7623726,-0.0389637,0.645947,-3.757094,-9.370529,7.476532,-0.0775424,0.7447121,0.0592898,0.660209,15.99341,-7.093201,7.172119
06.12.2023 14:47:38,0.004473266,0.7620409,-0.03842612,0.6463723,-3.68938,-9.310692,7.461426,-0.07738552,0.7444624,0.05942106,0.6604971,15.99359,-7.046623,7.144104
06.12.2023 14:47:38,0.003970906,0.7616696,-0.03778243,0.6468509,-3.59438,-9.243401,7.459595,-0.07769169,0.7441819,0.05895136,0.6608193,15.97739,-7.002693,7.202087
06.12.2023 14:47:38,0.003622487,0.7613159,-0.03722223,0.6473017,-3.51819,-9.179657,7.450317,-0.07860737,0.7440347,0.05829245,0.6609352,15.99084,-6.994087,7.330505
06.12.2023 14:47:38,0.003343673,0.7609745,-0.03679267,0.647729,-3.458649,-9.118416,7.444519,-0.07910518,0.7438934,0.05789119,0.66107,15.99469,-6.978691,7.402588
06.12.2023 14:47:38,0.00319162,0.7605098,-0.03638841,0.6482982,-3.410295,-9.035637,7.430176,-0.07896067,0.7440068,0.05794234,0.6609553,15.98767,-6.995682,7.387848
06.12.2023 14:47:38,0.003273135,0.7600241,-0.03599185,0.6488893,-3.379956,-8.949577,7.396057,-0.07830717,0.7441289,0.05842427,0.6608532,15.979,-7.004745,7.295563
06.12.2023 14:47:38,0.003528243,0.7595159,-0.0356748,0.6495001,-3.369464,-8.85997,7.352814,-0.0776184,0.7443106,0.05857296,0.6607166,15.93881,-7.022964,7.226501
06.12.2023 14:47:38,0.003877762,0.7590023,-0.03530711,0.6501184,-3.361659,-8.7696,7.297607,-0.07703067,0.7443869,0.05856223,0.6607004,15.89294,-7.024544,7.176697
06.12.2023 14:47:38,0.004230774,0.7584126,-0.03502927,0.6508191,-3.361766,-8.666008,7.249176,-0.0759998,0.7441946,0.05840699,0.66105,15.80176,-6.970215,7.09433
06.12.2023 14:47:38,0.004499556,0.7578246,-0.03501758,0.6515024,-3.378818,-8.562927,7.227997,-0.07550013,0.7439676,0.05821428,0.6613797,15.74786,-6.920364,7.061188
06.12.2023 14:47:38,0.00494522,0.7571931,-0.03510892,0.6522281,-3.417961,-8.452728,7.199402,-0.07507218,0.7434959,0.0575164,0.6620196,15.65677,-6.8283,7.068848
06.12.2023 14:47:38,0.005290492,0.7566093,-0.0352199,0.6528966,-3.451505,-8.350876,7.180817,-0.07505106,0.7430621,0.05652686,0.662594,15.57153,-6.750328,7.135284
06.12.2023 14:47:38,0.005681115,0.7560841,-0.03535997,0.6534939,-3.491208,-8.259544,7.160217,-0.07506156,0.7426618,0.05565118,0.6631154,15.49844,-6.679115,7.196442
06.12.2023 14:47:38,0.006111039,0.755536,-0.03567106,0.6541067,-3.548653,-8.164536,7.149261,-0.07484599,0.7423034,0.0554768,0.6635557,15.46823,-6.612213,7.185089
06.12.2023 14:47:38,0.006541897,0.7550635,-0.03578432,0.6546418,-3.589296,-8.082741,7.123016,-0.0742178,0.7418718,0.05607461,0.6640584,15.4729,-6.526199,7.077454
06.12.2023 14:47:38,0.007046316,0.7545587,-0.03598285,0.6552073,-3.642796,-7.995659,7.097076,-0.07405166,0.7416474,0.05615529,0.6643208,15.4678,-6.484154,7.053131
06.12.2023 14:47:38,0.007462953,0.7542117,-0.03601654,0.6556004,-3.675961,-7.935944,7.065491,-0.07443221,0.7418573,0.05564281,0.6640869,15.4523,-6.526985,7.128998
06.12.2023 14:47:38,0.007788688,0.7538775,-0.03596245,0.6559838,-3.694762,-7.878265,7.035126,-0.07491109,0.7423291,0.05471126,0.6635832,15.40744,-6.616531,7.249573
06.12.2023 14:47:38,0.00787412,0.7535837,-0.03590808,0.6563233,-3.695585,-7.82708,7.025269,-0.07515395,0.7427765,0.05398742,0.6631141,15.36234,-6.697784,7.33313
06.12.2023 14:47:38,0.007922474,0.7533773,-0.0358756,0.6565614,-3.695786,-7.791115,7.019806,-0.07569433,0.7436107,0.05301507,0.6621956,15.31699,-6.851807,7.467773
06.12.2023 14:47:38,0.007952015,0.7533047,-0.03564361,0.656657,-3.677734,-7.778336,7.000183,-0.07607934,0.7446325,0.0525416,0.66104,15.3017,-7.036743,7.553741
06.12.2023 14:47:38,0.007955467,0.7531491,-0.0354875,0.6568439,-3.664027,-7.75106,6.988983,-0.07663007,0.7455558,0.05243514,0.6599432,15.33072,-7.208794,7.624939
06.12.2023 14:47:38,0.007813179,0.7531178,-0.03526383,0.6568935,-3.63387,-7.745079,6.984558,-0.07733099,0.7463455,0.05274938,0.6589431,15.40775,-7.361626,7.675629
06.12.2023 14:47:38,0.007577544,0.7530625,-0.03504765,0.6569712,-3.597249,-7.734688,6.988922,-0.07754425,0.747014,0.05323748,0.6581207,15.46329,-7.484146,7.668304
06.12.2023 14:47:38,0.007506866,0.7530637,-0.03493972,0.6569763,-3.582595,-7.734657,6.986877,-0.07716914,0.7477666,0.05392095,0.6572539,15.49094,-7.610237,7.595612
06.12.2023 14:47:38,0.007390836,0.7530929,-0.03468479,0.6569577,-3.551902,-7.739296,6.977509,-0.07684442,0.7484721,0.05410281,0.6564735,15.47937,-7.728195,7.564484
06.12.2023 14:47:38,0.007193364,0.753116,-0.03463015,0.6569365,-3.532356,-7.742805,6.990326,-0.07675638,0.749108,0.05371449,0.65579,15.43665,-7.83754,7.596161
06.12.2023 14:47:38,0.007160535,0.7531736,-0.03461765,0.6568712,-3.528975,-7.752808,6.991913,-0.07682156,0.7493923,0.05333578,0.6554883,15.40762,-7.888092,7.63501
06.12.2023 14:47:38,0.006899263,0.7532715,-0.03452403,0.6567667,-3.501481,-7.769234,7.006897,-0.07740848,0.7494808,0.05224222,0.6554062,15.35678,-7.91304,7.770782
06.12.2023 14:47:38,0.006713995,0.7533243,-0.03461907,0.6567032,-3.495892,-7.778091,7.029785,-0.07824305,0.7496482,0.05066324,0.6552396,15.2821,-7.955933,7.966248
06.12.2023 14:47:38,0.006533334,0.7533972,-0.03462427,0.656621,-3.482949,-7.790451,7.04541,-0.0786516,0.7499083,0.0494414,0.6549863,15.20581,-8.007408,8.098419
06.12.2023 14:47:38,0.006427971,0.753493,-0.03458118,0.6565145,-3.471582,-7.806915,7.050751,-0.07918146,0.7500809,0.04864903,0.6547841,15.17615,-8.046928,8.207733
06.12.2023 14:47:38,0.006144328,0.753485,-0.03443462,0.6565341,-3.437508,-7.804825,7.06427,-0.0791712,0.7503167,0.0483657,0.6545362,15.14966,-8.087662,8.23175
06.12.2023 14:47:38,0.006043913,0.753565,-0.03428376,0.656451,-3.417149,-7.818497,7.061157,-0.07925315,0.7505375,0.04739491,0.6543441,15.07056,-8.126129,8.315308
06.12.2023 14:47:38,0.00588161,0.7536399,-0.03406392,0.656378,-3.386144,-7.831093,7.058228,-0.0796358,0.7507213,0.04640857,0.6541574,15.01282,-8.164276,8.426147
06.12.2023 14:47:38,0.005679422,0.7537085,-0.03388029,0.6563104,-3.355248,-7.84256,7.061523,-0.07962995,0.7509748,0.04589423,0.6539034,14.96643,-8.207733,8.468079
06.12.2023 14:47:38,0.005446762,0.7537853,-0.03372847,0.6562321,-3.324833,-7.855423,7.069794,-0.079045,0.7512417,0.04656532,0.6536204,14.97943,-8.244278,8.369843
06.12.2023 14:47:38,0.005366973,0.7537979,-0.03363891,0.6562229,-3.311117,-7.857414,7.069885,-0.07829095,0.7516981,0.04769166,0.653105,15.01837,-8.311989,8.225433
06.12.2023 14:47:38,0.005257365,0.7538405,-0.03346628,0.6561836,-3.288065,-7.864532,7.066132,-0.07827574,0.7519776,0.04832036,0.6527387,15.07043,-8.362488,8.181396
06.12.2023 14:47:38,0.005170747,0.7538053,-0.03348156,0.6562238,-3.282752,-7.858253,7.074951,-0.078394,0.7521153,0.04875781,0.6525333,15.11664,-8.390251,8.161346
06.12.2023 14:47:38,0.005138124,0.7538924,-0.033417,0.6561275,-3.274986,-7.873352,7.072479,-0.07834277,0.7522605,0.04926289,0.6523342,15.15598,-8.416039,8.121277
06.12.2023 14:47:38,0.004986305,0.7539582,-0.0334,0.6560539,-3.262292,-7.884567,7.083984,-0.07818846,0.7523991,0.049691,0.6521602,15.18097,-8.438423,8.077698
06.12.2023 14:47:38,0.004762225,0.7539377,-0.03357083,0.6560704,-3.260132,-7.88073,7.116333,-0.0781542,0.7525464,0.04961206,0.6520004,15.17084,-8.4636,8.082886
06.12.2023 14:47:38,0.004574469,0.7540502,-0.03388884,0.6559261,-3.273874,-7.900284,7.155975,-0.07821793,0.752617,0.0494624,0.6519226,15.16226,-8.477058,8.100861
06.12.2023 14:47:38,0.004432705,0.754099,-0.0341504,0.6558574,-3.285996,-7.90876,7.187683,-0.07850975,0.752629,0.04853295,0.6519436,15.10324,-8.482986,8.196503
06.12.2023 14:47:38,0.004409603,0.7541541,-0.03443872,0.655779,-3.309391,-7.918571,7.211121,-0.07864799,0.7526274,0.04810872,0.6519603,15.07672,-8.48455,8.240509
06.12.2023 14:47:38,0.004581619,0.754252,-0.03455713,0.655659,-3.332914,-7.93605,7.204651,-0.07846771,0.752647,0.04787594,0.6519765,15.04291,-8.483803,8.242126
06.12.2023 14:47:38,0.00484986,0.7543302,-0.03460659,0.6555646,-3.357643,-7.950211,7.184784,-0.07816716,0.752659,0.04783581,0.6520016,15.01688,-8.479706,8.218506
06.12.2023 14:47:38,0.005068165,0.754388,-0.0345423,0.6554997,-3.368695,-7.96067,7.160767,-0.07786808,0.7527177,0.04785404,0.6519684,14.99582,-8.484047,8.191406
06.12.2023 14:47:38,0.005339667,0.7544948,-0.03457397,0.655373,-3.392214,-7.979866,7.139099,-0.07790341,0.7526442,0.04783878,0.65205,14.9975,-8.471748,8.19455
06.12.2023 14:47:38,0.005459063,0.7545443,-0.03449983,0.655319,-3.394936,-7.988686,7.122925,-0.07788189,0.7525138,0.04824983,0.6521727,15.03223,-8.449173,8.159912
06.12.2023 14:47:38,0.005649832,0.7545339,-0.03455797,0.6553262,-3.414287,-7.987282,7.11084,-0.07758802,0.752438,0.04875043,0.652258,15.05411,-8.430946,8.095123
06.12.2023 14:47:38,0.005758549,0.7545127,-0.03446149,0.6553547,-3.414043,-7.983727,7.094299,-0.07738621,0.7524228,0.04904193,0.6522777,15.06442,-8.424835,8.055115
06.12.2023 14:47:38,0.00584767,0.7544778,-0.03445063,0.6553947,-3.419697,-7.977783,7.085938,-0.0771412,0.7523879,0.04940386,0.6523196,15.07767,-8.414566,8.005676
06.12.2023 14:47:38,0.005908976,0.7544339,-0.03439672,0.6554476,-3.419502,-7.970169,7.076813,-0.07691097,0.7522962,0.04976721,0.6524251,15.09244,-8.394531,7.956573
06.12.2023 14:47:38,0.006020313,0.7543932,-0.03431817,0.6554974,-3.420951,-7.963234,7.061462,-0.07621693,0.7521048,0.05008138,0.6527032,15.06857,-8.347519,7.868286
06.12.2023 14:47:38,0.006037433,0.7542752,-0.03429681,0.6556342,-3.42002,-7.942619,7.05899,-0.07644773,0.7519351,0.04964346,0.652905,15.04861,-8.321129,7.918976
06.12.2023 14:47:38,0.006131409,0.7542244,-0.03439559,0.6556866,-3.435482,-7.933983,7.058563,-0.07699329,0.7517026,0.04897808,0.6531588,15.03278,-8.289459,8.013733
06.12.2023 14:47:38,0.00620195,0.7541144,-0.03446364,0.6558089,-3.446336,-7.91494,7.058167,-0.07723925,0.7514668,0.04860185,0.6534292,15.01965,-8.2519,8.06012
06.12.2023 14:47:38,0.006191437,0.7540226,-0.03443699,0.6559159,-3.44295,-7.898857,7.057556,-0.07718326,0.7512155,0.04853139,0.65373,15.01053,-8.206245,8.056549
06.12.2023 14:47:38,0.006321925,0.753921,-0.03439746,0.6560336,-3.449039,-7.881332,7.043823,-0.07648045,0.7510275,0.04909119,0.6539868,15.0072,-8.160263,7.949219
06.12.2023 14:47:38,0.006505272,0.7538759,-0.03444709,0.656081,-3.467,-7.873886,7.031952,-0.0761321,0.750855,0.04953195,0.6541921,15.02005,-8.123901,7.882538
06.12.2023 14:47:39,0.006640073,0.753782,-0.03440464,0.6561897,-3.47319,-7.857742,7.017578,-0.0761922,0.7507476,0.04970173,0.6542956,15.03973,-8.106499,7.873474
06.12.2023 14:47:39,0.006709156,0.7537391,-0.0343736,0.65624,-3.475578,-7.850357,7.009491,-0.07626449,0.7505991,0.04988313,0.6544436,15.06155,-8.082161,7.863983
06.12.2023 14:47:39,0.006725187,0.7536002,-0.03433328,0.6564013,-3.472874,-7.826111,7.005798,-0.07603291,0.7505127,0.05029322,0.6545383,15.08008,-8.06321,7.81131
06.12.2023 14:47:39,0.006575067,0.7535741,-0.03435478,0.6564317,-3.463341,-7.821243,7.020538,-0.07599532,0.750394,0.05036221,0.6546734,15.08374,-8.041695,7.800934
06.12.2023 14:47:39,0.006574205,0.7535112,-0.03447142,0.6564979,-3.473169,-7.810333,7.029755,-0.07604645,0.7502519,0.05030672,0.6548345,15.08337,-8.017548,7.807434
06.12.2023 14:47:39,0.006536121,0.7534362,-0.0344425,0.6565858,-3.467566,-7.797134,7.03125,-0.07618532,0.7501391,0.04999267,0.6549718,15.06711,-7.999718,7.841583
06.12.2023 14:47:39,0.00652392,0.7533897,-0.03436835,0.6566433,-3.460092,-7.788918,7.026978,-0.07649872,0.7500815,0.04956187,0.6550338,15.05359,-7.994865,7.900879
06.12.2023 14:47:39,0.006621555,0.7533376,-0.0342981,0.6567057,-3.461219,-7.779991,7.013519,-0.07622244,0.7500882,0.04948756,0.655064,15.02637,-7.990402,7.88205
06.12.2023 14:47:39,0.006652274,0.753206,-0.03416703,0.6568631,-3.451803,-7.756996,7.001648,-0.07562846,0.7500625,0.04969481,0.6551466,14.99976,-7.974609,7.813385
06.12.2023 14:47:39,0.006713798,0.7532213,-0.03406947,0.65685,-3.448056,-7.75972,6.988892,-0.07536761,0.7499495,0.04984646,0.6552945,14.99374,-7.949921,7.7771
06.12.2023 14:47:39,0.00660498,0.7531924,-0.03399312,0.6568882,-3.433165,-7.754387,6.992706,-0.07547463,0.7499166,0.04987111,0.6553179,15.00406,-7.946289,7.784241
06.12.2023 14:47:39,0.006572672,0.75312,-0.03399585,0.6569714,-3.430745,-7.741692,6.996063,-0.0757155,0.7497754,0.04996615,0.6554444,15.03104,-7.926346,7.796295
06.12.2023 14:47:39,0.006504724,0.7530915,-0.03400523,0.6570043,-3.426345,-7.736572,7.002808,-0.07556123,0.7497325,0.05019199,0.655494,15.03915,-7.916245,7.764954
06.12.2023 14:47:39,0.006348835,0.7531537,-0.03391236,0.6569392,-3.406754,-7.747047,7.008942,-0.07524175,0.7497624,0.05062676,0.6554633,15.05261,-7.916176,7.704407
06.12.2023 14:47:39,0.006168939,0.7531775,-0.03389361,0.6569147,-3.391641,-7.750809,7.022949,-0.07461576,0.7498135,0.051072,0.6554417,15.04382,-7.913956,7.616241
06.12.2023 14:47:39,0.006049345,0.7532808,-0.03390161,0.656797,-3.383635,-7.7686,7.033356,-0.07439454,0.7498716,0.05101796,0.6554047,15.02228,-7.919769,7.601593
06.12.2023 14:47:39,0.006081128,0.7532677,-0.03383411,0.6568151,-3.380156,-7.766342,7.025574,-0.07443842,0.7499584,0.05067991,0.6553266,14.99594,-7.935188,7.632233
06.12.2023 14:47:39,0.006001768,0.7533625,-0.03386538,0.6567054,-3.37717,-7.782761,7.034302,-0.07492797,0.7499353,0.04993626,0.6553543,14.96851,-7.939034,7.731171
06.12.2023 14:47:39,0.006067168,0.7534521,-0.03371381,0.6566099,-3.369272,-7.798416,7.016754,-0.07540608,0.7499782,0.04938645,0.655292,14.95667,-7.954765,7.815521
06.12.2023 14:47:39,0.006021861,0.7534531,-0.03371592,0.6566089,-3.366044,-7.798515,7.020844,-0.07552721,0.7499292,0.04917289,0.6553502,14.94751,-7.948051,7.841583
06.12.2023 14:47:39,0.006002056,0.753522,-0.03374256,0.6565288,-3.367066,-7.810524,7.0242,-0.07525396,0.7499791,0.04943303,0.655305,14.94928,-7.952034,7.798553
06.12.2023 14:47:39,0.005959961,0.7536007,-0.03368798,0.6564416,-3.359417,-7.82415,7.023315,-0.0748504,0.7500822,0.04994752,0.6551942,14.96301,-7.963425,7.725708
06.12.2023 14:47:39,0.005990342,0.7536554,-0.03361208,0.6563824,-3.355311,-7.833702,7.014679,-0.07468662,0.750095,0.05023945,0.6551759,14.97592,-7.96312,7.689423
06.12.2023 14:47:39,0.005928155,0.7536448,-0.03363675,0.6563939,-3.352727,-7.831741,7.021973,-0.07460839,0.7501497,0.05065286,0.6550904,15.00562,-7.972122,7.652283
06.12.2023 14:47:39,0.005849746,0.7536657,-0.03357897,0.6563736,-3.341887,-7.835197,7.024292,-0.07474564,0.7501211,0.05082827,0.6550938,15.03125,-7.970131,7.650818
06.12.2023 14:47:39,0.005878227,0.7536064,-0.03348661,0.6564462,-3.335864,-7.824829,7.015167,-0.0746469,0.7501297,0.05121447,0.6550652,15.05725,-7.970558,7.613159
06.12.2023 14:47:39,0.005864156,0.7535856,-0.03345538,0.6564717,-3.33204,-7.821159,7.01413,-0.07443883,0.750138,0.05140154,0.6550648,15.05777,-7.968384,7.58078
06.12.2023 14:47:39,0.005952738,0.7535726,-0.03353373,0.6564818,-3.345449,-7.819122,7.012451,-0.07417698,0.7501015,0.05145241,0.6551322,15.0426,-7.957001,7.553192
06.12.2023 14:47:39,0.005914533,0.7535325,-0.03345086,0.6565324,-3.335282,-7.811981,7.009705,-0.07387397,0.7500236,0.05142052,0.6552581,15.01733,-7.937378,7.527527
06.12.2023 14:47:39,0.005927362,0.7534279,-0.03348701,0.6566505,-3.339055,-7.793755,7.011871,-0.07377233,0.7497858,0.05125936,0.6555543,14.99664,-7.893204,7.526978
06.12.2023 14:47:39,0.00595475,0.7534416,-0.03349182,0.6566343,-3.341576,-7.796211,7.009796,-0.07390557,0.7498042,0.05063868,0.6555665,14.95288,-7.897682,7.585724
06.12.2023 14:47:39,0.005983088,0.7533538,-0.03353521,0.6567326,-3.347194,-7.78096,7.011047,-0.07423196,0.7499097,0.05006986,0.6554526,14.9278,-7.921341,7.659027
06.12.2023 14:47:39,0.006038994,0.7532902,-0.0336246,0.6568005,-3.358941,-7.770027,7.013306,-0.07440186,0.7500547,0.04980685,0.6552874,14.91721,-7.9496,7.696075
06.12.2023 14:47:39,0.006175599,0.7531806,-0.03372362,0.6569199,-3.377462,-7.751236,7.009521,-0.07445294,0.7502296,0.04979228,0.6550825,14.91907,-7.981354,7.704376
06.12.2023 14:47:39,0.006260321,0.7531215,-0.03369776,0.6569881,-3.381436,-7.741089,7.000549,-0.07405876,0.7504069,0.05063228,0.6548597,14.96146,-8.006775,7.609039
06.12.2023 14:47:39,0.006321036,0.7531024,-0.03373862,0.6570073,-3.389487,-7.737915,6.998505,-0.07367902,0.7505091,0.05124987,0.6547374,14.98602,-8.018822,7.530548
06.12.2023 14:47:39,0.006432396,0.7531078,-0.03361982,0.6570061,-3.387635,-7.738998,6.979889,-0.07341933,0.7506424,0.05179165,0.6545711,15.01294,-8.038513,7.468872
06.12.2023 14:47:39,0.006522032,0.7530612,-0.0336879,0.6570551,-3.400138,-7.731117,6.977509,-0.07330545,0.7506879,0.05209651,0.6545075,15.03061,-8.045013,7.436584
06.12.2023 14:47:39,0.0065252,0.7529929,-0.03366256,0.6571348,-3.397982,-7.71917,6.975677,-0.07335296,0.7506309,0.05203835,0.6545721,15.02936,-8.035751,7.444305
06.12.2023 14:47:39,0.006719939,0.7529488,-0.03352499,0.6571904,-3.400654,-7.711792,6.9487,-0.07330295,0.7503561,0.05172548,0.6549175,14.99951,-7.985672,7.459106
06.12.2023 14:47:39,0.006853309,0.752951,-0.03350174,0.6571875,-3.408712,-7.712471,6.935425,-0.0732415,0.7501689,0.05157916,0.6551504,14.98291,-7.951195,7.461792
06.12.2023 14:47:39,0.006865798,0.7528995,-0.03340795,0.6572513,-3.4014,-7.70343,6.927551,-0.07311456,0.7500688,0.05131476,0.6552998,14.95084,-7.930603,7.468872
06.12.2023 14:47:39,0.006918158,0.752912,-0.03335271,0.6572391,-3.400615,-7.705704,6.918793,-0.07339232,0.7499079,0.05057383,0.6555106,14.9082,-7.905983,7.546753
06.12.2023 14:47:39,0.006874593,0.7528871,-0.03352115,0.6572596,-3.411806,-7.70137,6.935394,-0.07394989,0.7499458,0.04972884,0.6554692,14.87689,-7.921555,7.660248
06.12.2023 14:47:39,0.006813297,0.7528934,-0.03366436,0.6572456,-3.419572,-7.702438,6.951447,-0.07391758,0.7499721,0.04957424,0.6554543,14.86096,-7.925247,7.669403
06.12.2023 14:47:39,0.006699954,0.7528777,-0.03393653,0.6572509,-3.434487,-7.699638,6.981873,-0.07342629,0.750102,0.04993039,0.6553339,14.85431,-7.939461,7.601074
06.12.2023 14:47:39,0.00673992,0.7529097,-0.03416076,0.6572022,-3.45697,-7.705467,6.995178,-0.07293916,0.7501663,0.05047069,0.6552734,14.86417,-7.94265,7.51828
06.12.2023 14:47:39,0.006959633,0.7528326,-0.03429474,0.6572812,-3.484887,-7.692596,6.986725,-0.07235222,0.7501985,0.05129639,0.6552374,14.89136,-7.938988,7.404724
06.12.2023 14:47:39,0.007130616,0.7529123,-0.03438063,0.6571835,-3.505448,-7.706963,6.977997,-0.07175802,0.7502527,0.05203608,0.6551824,14.91049,-7.938942,7.297333
06.12.2023 14:47:39,0.00721492,0.7528768,-0.03426206,0.6572295,-3.501458,-7.700867,6.961975,-0.07189918,0.7501501,0.05207743,0.6552811,14.92508,-7.923592,7.305145
06.12.2023 14:47:39,0.007284917,0.7528835,-0.03419824,0.6572245,-3.501245,-7.702141,6.95108,-0.07232601,0.7500446,0.05153873,0.6553975,14.91095,-7.911896,7.381836
06.12.2023 14:47:39,0.007230555,0.7529473,-0.03410468,0.6571567,-3.489251,-7.713097,6.948364,-0.07266556,0.7498617,0.05107221,0.6556057,14.89679,-7.885109,7.444214
06.12.2023 14:47:39,0.007162606,0.7529809,-0.0338927,0.6571299,-3.465909,-7.718658,6.938049,-0.07290044,0.7496367,0.0503237,0.6558948,14.85056,-7.848389,7.517883
06.12.2023 14:47:39,0.007123332,0.7529545,-0.03393074,0.6571587,-3.466155,-7.713982,6.944458,-0.07292834,0.7495149,0.04994641,0.6560596,14.8205,-7.826729,7.546906
06.12.2023 14:47:39,0.007110922,0.7529634,-0.03383432,0.6571535,-3.456915,-7.715439,6.938202,-0.07294405,0.7494802,0.0498428,0.6561055,14.81284,-7.820702,7.555573
06.12.2023 14:47:39,0.007036526,0.7529783,-0.033769,0.6571407,-3.445703,-7.717819,6.939636,-0.0728023,0.7494328,0.05002963,0.6561611,14.81851,-7.810066,7.528259
06.12.2023 14:47:39,0.007003584,0.7529915,-0.03370511,0.6571292,-3.437737,-7.720001,6.937592,-0.07267036,0.7494711,0.05035917,0.6561068,14.83691,-7.814987,7.49234
06.12.2023 14:47:39,0.007043785,0.7529724,-0.03364734,0.6571535,-3.435722,-7.716728,6.92984,-0.07247818,0.7495553,0.05089354,0.6559906,14.86835,-7.827293,7.436401
06.12.2023 14:47:39,0.007082838,0.752957,-0.03362804,0.6571718,-3.436956,-7.714111,6.92511,-0.07252629,0.7496812,0.05120696,0.655817,14.89865,-7.85099,7.418976
06.12.2023 14:47:39,0.007100987,0.7529325,-0.03369313,0.6571963,-3.443876,-7.709923,6.928589,-0.07250831,0.7497469,0.05153128,0.6557185,14.92511,-7.8629,7.393982
06.12.2023 14:47:39,0.007092394,0.7528865,-0.03363664,0.657252,-3.438212,-7.701836,6.925293,-0.07235176,0.7496823,0.05172046,0.6557947,14.92993,-7.848976,7.364899
06.12.2023 14:47:39,0.007197559,0.7528537,-0.03361373,0.6572897,-3.444072,-7.696335,6.914642,-0.07197269,0.7497233,0.05187304,0.6557775,14.91443,-7.849403,7.320526
06.12.2023 14:47:39,0.0072374,0.7528583,-0.03371231,0.6572788,-3.455606,-7.697296,6.91864,-0.07176258,0.7496924,0.05182066,0.65584,14.89417,-7.839928,7.305389
06.12.2023 14:47:39,0.007377274,0.7528493,-0.0335639,0.6572953,-3.453314,-7.695946,6.895386,-0.07187466,0.7497029,0.05158229,0.6558345,14.88193,-7.843369,7.333405
06.12.2023 14:47:39,0.007354785,0.7527614,-0.03348648,0.6574001,-3.444676,-7.680511,6.891968,-0.07222478,0.7497594,0.05107825,0.6557709,14.8645,-7.858818,7.403168
06.12.2023 14:47:39,0.007290642,0.7528022,-0.03339979,0.6573585,-3.432466,-7.687416,6.890747,-0.07181688,0.7496524,0.05134967,0.6559169,14.85764,-7.832909,7.345032
06.12.2023 14:47:39,0.007195364,0.752803,-0.03340298,0.6573586,-3.425554,-7.687325,6.8992,-0.07227114,0.7497708,0.05111113,0.6557503,14.87079,-7.861755,7.404968
06.12.2023 14:47:39,0.00709618,0.7528176,-0.03343068,0.6573414,-3.420506,-7.689682,6.90979,-0.07270506,0.7498894,0.05081318,0.6555898,14.87726,-7.890182,7.46759
06.12.2023 14:47:39,0.007046137,0.752724,-0.03336048,0.6574527,-3.410395,-7.673195,6.909302,-0.07309663,0.749935,0.05063174,0.655508,14.89087,-7.905273,7.516602
06.12.2023 14:47:39,0.007026917,0.7526973,-0.03327462,0.6574879,-3.401451,-7.668434,6.904602,-0.07303257,0.7499452,0.05066767,0.6555008,14.8891,-7.905907,7.508392
06.12.2023 14:47:39,0.007022657,0.7527044,-0.03312976,0.6574871,-3.38864,-7.669571,6.894012,-0.0724735,0.7499818,0.05121602,0.6554784,14.89435,-7.902939,7.418213
06.12.2023 14:47:39,0.007021392,0.7526592,-0.0330507,0.6575428,-3.381586,-7.661629,6.888367,-0.07203238,0.7499844,0.05165889,0.6554891,14.89944,-7.896042,7.345886
06.12.2023 14:47:39,0.006930127,0.7527028,-0.03313141,0.6574898,-3.381795,-7.66909,6.90213,-0.07161789,0.7500572,0.05215054,0.6554124,14.91055,-7.90213,7.273346
06.12.2023 14:47:39,0.006936802,0.7526867,-0.03312159,0.6575086,-3.381404,-7.66629,6.900879,-0.07174931,0.7500746,0.05189019,0.6553989,14.89783,-7.907089,7.30481
06.12.2023 14:47:39,0.006855434,0.7527913,-0.03319106,0.6573862,-3.381567,-7.684395,6.912628,-0.07176188,0.7500301,0.05184768,0.6554518,14.89526,-7.899414,7.308441
06.12.2023 14:47:39,0.006858904,0.7528141,-0.0332395,0.6573577,-3.386079,-7.688408,6.915863,-0.07172821,0.7498718,0.05189351,0.6556329,14.89725,-7.871002,7.299591
06.12.2023 14:47:39,0.006903599,0.7528441,-0.03320134,0.6573248,-3.386243,-7.69371,6.908966,-0.07178005,0.7497745,0.05201332,0.6557291,14.91187,-7.855087,7.293701
06.12.2023 14:47:39,0.006917999,0.7528937,-0.03317792,0.6572689,-3.38545,-7.702385,6.905701,-0.07194585,0.7497004,0.05178196,0.6558139,14.9046,-7.844666,7.324646
06.12.2023 14:47:39,0.00694283,0.7529066,-0.03322303,0.6572517,-3.391257,-7.70472,6.906891,-0.0725641,0.7494973,0.05133243,0.6560132,14.91302,-7.819611,7.410095
06.12.2023 14:47:39,0.006930654,0.7529228,-0.03326673,0.657231,-3.394161,-7.707542,6.911163,-0.07277502,0.7494068,0.05120957,0.6561028,14.91864,-7.807419,7.436615
06.12.2023 14:47:39,0.006976794,0.7529899,-0.03317821,0.6571582,-3.390189,-7.719292,6.900146,-0.07287958,0.7494264,0.05124727,0.6560658,14.92969,-7.812935,7.443329
06.12.2023 14:47:39,0.00693855,0.752977,-0.03316328,0.6571741,-3.385976,-7.716942,6.902405,-0.07270543,0.7494864,0.05154164,0.6559935,14.94183,-7.820801,7.406677
06.12.2023 14:47:39,0.006939804,0.7529703,-0.03310607,0.6571846,-3.381109,-7.715744,6.89801,-0.07296444,0.7495481,0.05142904,0.6559032,14.95139,-7.836319,7.439026
06.12.2023 14:47:39,0.006931666,0.7530067,-0.03307038,0.6571448,-3.377517,-7.722061,6.895813,-0.07305092,0.7496368,0.0514221,0.6557927,14.95697,-7.853554,7.448547
06.12.2023 14:47:39,0.006926498,0.7530327,-0.03316981,0.65711,-3.385793,-7.726654,6.903625,-0.07299584,0.7496227,0.05168203,0.6557946,14.97534,-7.850571,7.423889
06.12.2023 14:47:39,0.006853626,0.7529173,-0.0330666,0.6572483,-3.371045,-7.706284,6.90274,-0.07260793,0.7496871,0.05210555,0.6557304,14.98254,-7.855469,7.358673
06.12.2023 14:47:39,0.006813194,0.7529461,-0.03304666,0.6572166,-3.366356,-7.711212,6.904572,-0.07238077,0.7496645,0.0525107,0.6557491,15.00058,-7.848038,7.307739
06.12.2023 14:47:39,0.006772227,0.7529162,-0.03297548,0.657255,-3.357029,-7.705833,6.902893,-0.0721667,0.7496186,0.05277021,0.6558042,15.00705,-7.836494,7.268555
06.12.2023 14:47:39,0.006636461,0.7529082,-0.03292904,0.6572678,-3.342752,-7.704124,6.911163,-0.07209916,0.7495939,0.0529053,0.6558291,15.01373,-7.831154,7.252014
06.12.2023 14:47:40,0.006627736,0.7528708,-0.03290097,0.6573121,-3.339562,-7.697571,6.909973,-0.07211453,0.7494715,0.05280898,0.655975,15.00699,-7.8097,7.258759
06.12.2023 14:47:40,0.006604139,0.7528807,-0.03284103,0.657304,-3.332633,-7.699196,6.90744,-0.07193679,0.7495065,0.05272854,0.6559611,14.98651,-7.812355,7.249634
06.12.2023 14:47:40,0.0066406,0.752872,-0.03275879,0.6573176,-3.328254,-7.697723,6.898132,-0.07195172,0.7495164,0.05262372,0.6559564,14.97852,-7.814163,7.258972
06.12.2023 14:47:40,0.00665111,0.7528504,-0.03279765,0.6573404,-3.332341,-7.693985,6.900269,-0.07230274,0.7496364,0.05188512,0.6558396,14.94064,-7.840324,7.347473
06.12.2023 14:47:40,0.006587184,0.7527922,-0.03279796,0.6574077,-3.327376,-7.683701,6.906097,-0.07262859,0.7496063,0.05150399,0.655868,14.93234,-7.84037,7.404541
06.12.2023 14:47:40,0.006687366,0.7528355,-0.03274097,0.6573598,-3.330137,-7.691437,6.892944,-0.07267059,0.7495191,0.05133852,0.6559761,14.92151,-7.825462,7.419373
06.12.2023 14:47:40,0.006674544,0.7528437,-0.03270883,0.6573523,-3.326418,-7.69281,6.891571,-0.07258538,0.7494406,0.05148576,0.6560636,14.9281,-7.810356,7.399567
06.12.2023 14:47:40,0.006715919,0.7528957,-0.03248288,0.6573035,-3.31017,-7.701813,6.870697,-0.07233132,0.7493908,0.05178937,0.6561247,14.93539,-7.79744,7.353455
06.12.2023 14:47:40,0.006708607,0.7528829,-0.03244172,0.6573203,-3.306026,-7.699547,6.868286,-0.0722917,0.7493607,0.05218348,0.6561321,14.96661,-7.792229,7.319824
06.12.2023 14:47:40,0.006583482,0.7529118,-0.03231432,0.6572947,-3.285665,-7.704231,6.869324,-0.07239075,0.7493498,0.0525396,0.6561052,15.00494,-7.792923,7.301605
06.12.2023 14:47:40,0.006647911,0.7528983,-0.03217322,0.6573165,-3.278299,-7.701912,6.85318,-0.07233877,0.7493323,0.05285443,0.6561056,15.02832,-7.78952,7.27301
06.12.2023 14:47:40,0.006644763,0.7528818,-0.03213638,0.6573372,-3.274832,-7.698997,6.850769,-0.07235541,0.7493582,0.05310597,0.656054,15.05124,-7.794907,7.255951
06.12.2023 14:47:40,0.006789513,0.7528484,-0.03193679,0.6573837,-3.26842,-7.693359,6.823364,-0.07236886,0.7492918,0.05332286,0.6561107,15.07126,-7.783943,7.239777
06.12.2023 14:47:40,0.006771218,0.7528269,-0.03185811,0.6574123,-3.260184,-7.689522,6.819122,-0.0723608,0.7493038,0.05345837,0.6560869,15.08234,-7.786171,7.229034
06.12.2023 14:47:40,0.006712939,0.7528144,-0.03179329,0.6574304,-3.250154,-7.687157,6.819305,-0.0724213,0.7492905,0.05341917,0.6560987,15.08356,-7.784889,7.237152
06.12.2023 14:47:40,0.006539753,0.7527735,-0.03186935,0.6574752,-3.243542,-7.679733,6.84021,-0.07261559,0.7493521,0.05328574,0.6560176,15.08646,-7.799126,7.26535
06.12.2023 14:47:40,0.006327481,0.7527711,-0.03210266,0.6574687,-3.247668,-7.679024,6.87616,-0.07324505,0.7495512,0.05268316,0.6557688,15.08105,-7.844841,7.369507
06.12.2023 14:47:40,0.006181521,0.7527395,-0.03218561,0.6575022,-3.243728,-7.673271,6.895172,-0.07354037,0.7496185,0.05247569,0.6556755,15.08511,-7.861885,7.412323
06.12.2023 14:47:40,0.006146785,0.752777,-0.03234111,0.657452,-3.254645,-7.679832,6.909729,-0.07352909,0.7497979,0.05268886,0.6554544,15.10205,-7.893723,7.398102
06.12.2023 14:47:40,0.00634712,0.7527221,-0.03255605,0.6575022,-3.288165,-7.670822,6.908936,-0.07304181,0.7499361,0.05326075,0.6553046,15.11438,-7.909981,7.314056
06.12.2023 14:47:40,0.006435046,0.7527528,-0.03252324,0.6574679,-3.292055,-7.676338,6.898712,-0.07283929,0.7501106,0.05348989,0.6551087,15.11835,-7.937363,7.281586
06.12.2023 14:47:40,0.006660843,0.7527498,-0.03248798,0.6574709,-3.30604,-7.676262,6.876556,-0.07311235,0.7502403,0.05327237,0.6549475,15.1196,-7.964951,7.324158
06.12.2023 14:47:40,0.006778224,0.7527316,-0.03234514,0.6574976,-3.30251,-7.673233,6.855743,-0.07326092,0.7503713,0.05304946,0.6547988,15.11102,-7.990417,7.35614
06.12.2023 14:47:40,0.006803188,0.7527484,-0.03241181,0.6574747,-3.310199,-7.676277,6.858521,-0.07337832,0.7504411,0.05280283,0.6547257,15.09824,-8.004425,7.386169
06.12.2023 14:47:40,0.006693926,0.7528175,-0.03235741,0.6573995,-3.297451,-7.688034,6.863525,-0.07343262,0.7504784,0.05288181,0.6546705,15.10901,-8.012199,7.38562
06.12.2023 14:47:40,0.006687894,0.7527869,-0.03229438,0.6574377,-3.291466,-7.682655,6.859436,-0.07312894,0.7505211,0.05335693,0.6546169,15.1272,-8.014977,7.323669
06.12.2023 14:47:40,0.006525292,0.7528461,-0.03230086,0.6573712,-3.279925,-7.692635,6.873657,-0.07287563,0.7505631,0.05371974,0.6545674,15.13943,-8.018349,7.274597
06.12.2023 14:47:40,0.006478068,0.7527793,-0.03221834,0.6574522,-3.269045,-7.680832,6.871857,-0.07280947,0.7505124,0.05398967,0.6546107,15.15802,-8.00872,7.247681
06.12.2023 14:47:40,0.006381609,0.7528138,-0.03214889,0.6574171,-3.255866,-7.686607,6.874756,-0.07287111,0.7504558,0.05385466,0.6546798,15.15115,-7.999626,7.26239
06.12.2023 14:47:40,0.006304108,0.7527418,-0.03217079,0.6574991,-3.251704,-7.673912,6.883453,-0.07284519,0.7503465,0.05386413,0.6548072,15.15039,-7.979881,7.25766
06.12.2023 14:47:40,0.006277181,0.7527301,-0.03225514,0.6575086,-3.256923,-7.671875,6.892212,-0.07282126,0.7501716,0.05393593,0.6550043,15.15543,-7.948746,7.247406
06.12.2023 14:47:40,0.006190993,0.7526383,-0.03236191,0.6576093,-3.259374,-7.655762,6.908173,-0.07265855,0.7500802,0.05416584,0.655108,15.16339,-7.930054,7.214264
06.12.2023 14:47:40,0.006246414,0.7526083,-0.03250052,0.6576363,-3.275439,-7.650734,6.914001,-0.07247725,0.7499256,0.05432893,0.6552916,15.16437,-7.899719,7.183533
06.12.2023 14:47:40,0.006316146,0.7526448,-0.03257341,0.6575902,-3.287103,-7.657295,6.9133,-0.07244586,0.7497908,0.05429784,0.6554518,15.15976,-7.87532,7.180969
06.12.2023 14:47:40,0.00630273,0.752634,-0.03264713,0.6575991,-3.292424,-7.655426,6.920074,-0.07256736,0.7496685,0.05408775,0.6555957,15.15115,-7.855614,7.205627
06.12.2023 14:47:40,0.006462788,0.75266,-0.03266002,0.6575671,-3.305693,-7.660294,6.907104,-0.07264613,0.7495482,0.05413892,0.6557203,15.16193,-7.836029,7.206879
06.12.2023 14:47:40,0.006416082,0.7526833,-0.03257804,0.657545,-3.295156,-7.664215,6.904846,-0.07251737,0.7493798,0.0540674,0.6559328,15.14658,-7.803795,7.198212
06.12.2023 14:47:40,0.006333403,0.7527672,-0.03258203,0.6574495,-3.289505,-7.678673,6.911865,-0.07237112,0.7492481,0.05410746,0.6560962,15.13947,-7.777946,7.180206
06.12.2023 14:47:40,0.006269829,0.7526854,-0.03260436,0.6575426,-3.286398,-7.664299,6.919434,-0.0722433,0.7491509,0.05412275,0.65622,15.13147,-7.758469,7.166229
06.12.2023 14:47:40,0.006077569,0.7527317,-0.03270467,0.6574865,-3.280688,-7.672043,6.943359,-0.07234928,0.748998,0.05415013,0.6563805,15.14233,-7.733627,7.171143
06.12.2023 14:47:40,0.005914093,0.7528515,-0.03277048,0.6573475,-3.274393,-7.692665,6.961853,-0.07278957,0.7490658,0.05375538,0.6562869,15.14117,-7.753036,7.240906
06.12.2023 14:47:40,0.005894152,0.7528279,-0.03276441,0.657375,-3.272294,-7.688492,6.963226,-0.07289439,0.7492694,0.05403192,0.6560202,15.17233,-7.791428,7.232544
06.12.2023 14:47:40,0.005967422,0.7528706,-0.03275262,0.6573261,-3.276931,-7.696075,6.955811,-0.07291633,0.7493946,0.05408547,0.6558703,15.17819,-7.814003,7.232422
06.12.2023 14:47:40,0.00617976,0.7528706,-0.03264937,0.6573292,-3.284031,-7.696442,6.929688,-0.07257341,0.7496659,0.05444814,0.6555682,15.1828,-7.856041,7.178986
06.12.2023 14:47:40,0.006244105,0.75287,-0.03261697,0.657331,-3.286084,-7.696434,6.921692,-0.07221827,0.7498565,0.05479076,0.6553608,15.18509,-7.883652,7.124756
06.12.2023 14:47:40,0.006224737,0.7529135,-0.03253362,0.6572855,-3.277551,-7.703926,6.91684,-0.07180741,0.7500459,0.05506545,0.6551662,15.17731,-7.909889,7.070679
06.12.2023 14:47:40,0.006202694,0.7528746,-0.03249701,0.6573319,-3.272612,-7.69709,6.916168,-0.07223894,0.7501078,0.05471819,0.655077,15.17953,-7.928169,7.135986
06.12.2023 14:47:40,0.006122443,0.7528786,-0.03248502,0.6573288,-3.265534,-7.697609,6.92218,-0.07298574,0.7501901,0.05399641,0.6549598,15.17297,-7.955276,7.257721
06.12.2023 14:47:40,0.00614425,0.7528819,-0.03245267,0.6573263,-3.264395,-7.698212,6.917847,-0.07342781,0.7501439,0.05366689,0.6549904,15.17789,-7.954857,7.320984
06.12.2023 14:47:40,0.006138746,0.752888,-0.03241686,0.6573213,-3.260904,-7.699219,6.915588,-0.07355671,0.7502082,0.05340373,0.6549238,15.16455,-7.968079,7.35318
06.12.2023 14:47:40,0.006156027,0.7528802,-0.03234883,0.6573334,-3.256308,-7.697861,6.908997,-0.07344791,0.7502847,0.05343562,0.6548458,15.15884,-7.979546,7.342346
06.12.2023 14:47:40,0.006187828,0.7528526,-0.03227589,0.6573682,-3.252327,-7.693062,6.900879,-0.07325164,0.7503086,0.05367961,0.6548203,15.16513,-7.98056,7.306976
06.12.2023 14:47:40,0.006091574,0.7528943,-0.03225049,0.6573226,-3.242992,-7.700127,6.907074,-0.07304771,0.7502683,0.05395586,0.6548666,15.17386,-7.970146,7.267517
06.12.2023 14:47:40,0.006030003,0.7529051,-0.0322058,0.657313,-3.234519,-7.701859,6.908966,-0.07302908,0.7501972,0.0542057,0.6549296,15.19437,-7.957794,7.245941
06.12.2023 14:47:40,0.005914208,0.7528902,-0.03221079,0.6573309,-3.226171,-7.699043,6.919403,-0.07298163,0.7500671,0.05450728,0.6550589,15.21735,-7.934616,7.21701
06.12.2023 14:47:40,0.005874801,0.7529525,-0.03209634,0.6572654,-3.213494,-7.709755,6.913879,-0.07295433,0.7499625,0.05464455,0.6551701,15.22754,-7.91597,7.202637
06.12.2023 14:47:40,0.005810821,0.7529303,-0.03216303,0.6572881,-3.214364,-7.705811,6.92453,-0.07273352,0.7499946,0.05500832,0.6551276,15.24231,-7.918205,7.156219
06.12.2023 14:47:40,0.005729806,0.7529453,-0.03210168,0.6572747,-3.202997,-7.708237,6.926849,-0.07261335,0.7500346,0.05530772,0.6550698,15.25906,-7.923637,7.123688
06.12.2023 14:47:40,0.005710199,0.7529739,-0.03216399,0.6572391,-3.206985,-7.713203,6.933105,-0.07274421,0.7501038,0.05545129,0.654964,15.28113,-7.938629,7.12558
06.12.2023 14:47:40,0.005735642,0.7530178,-0.03217611,0.6571879,-3.21008,-7.720932,6.93158,-0.07305713,0.7501714,0.05555727,0.6548427,15.31366,-7.956741,7.146423
06.12.2023 14:47:40,0.005667782,0.7530225,-0.03215368,0.6571842,-3.203038,-7.721611,6.93573,-0.07331765,0.7501485,0.05575278,0.6548232,15.35031,-7.95813,7.154449
06.12.2023 14:47:40,0.00583435,0.7530671,-0.03212959,0.6571329,-3.21365,-7.729698,6.919312,-0.07324263,0.7501906,0.05597951,0.6547641,15.36417,-7.964615,7.131439
06.12.2023 14:47:40,0.005833607,0.7530655,-0.0322189,0.6571304,-3.221305,-7.729469,6.926117,-0.07309943,0.7501101,0.05609377,0.6548625,15.36353,-7.947929,7.108856
06.12.2023 14:47:40,0.00593929,0.7531207,-0.03226583,0.6570639,-3.233491,-7.739326,6.920258,-0.07305946,0.7500597,0.05600096,0.6549326,15.35266,-7.938072,7.111481
06.12.2023 14:47:40,0.005954977,0.753105,-0.03222547,0.6570837,-3.231141,-7.736603,6.915955,-0.07305337,0.7500153,0.05580233,0.655001,15.33511,-7.929695,7.125183
06.12.2023 14:47:40,0.005893194,0.7530827,-0.03224167,0.657109,-3.227817,-7.732597,6.922607,-0.07296618,0.7498718,0.05542875,0.6552068,15.29666,-7.901901,7.14325
06.12.2023 14:47:40,0.005848687,0.7531005,-0.03220514,0.6570908,-3.221355,-7.735588,6.923615,-0.07310674,0.7497995,0.05511996,0.6553,15.28073,-7.891167,7.177795
06.12.2023 14:47:40,0.005859478,0.7530877,-0.03232888,0.6570992,-3.232824,-7.733467,6.932068,-0.0731274,0.7496648,0.05488184,0.6554717,15.26212,-7.86731,7.195404
06.12.2023 14:47:40,0.005971407,0.7530905,-0.03233451,0.6570948,-3.241759,-7.734169,6.922821,-0.07286533,0.749679,0.0551412,0.6554629,15.26477,-7.865379,7.152893
06.12.2023 14:47:40,0.00598278,0.753068,-0.03233974,0.6571202,-3.243003,-7.730278,6.922363,-0.07283806,0.7497683,0.05523134,0.6553561,15.27023,-7.880798,7.145111
06.12.2023 14:47:40,0.005975815,0.7530427,-0.0322865,0.6571519,-3.237804,-7.7258,6.919067,-0.07277649,0.7499833,0.05537499,0.6551048,15.27734,-7.917839,7.132263
06.12.2023 14:47:40,0.006097397,0.7530402,-0.03213651,0.657161,-3.234008,-7.725517,6.897247,-0.07274508,0.7500756,0.05540299,0.6550003,15.2771,-7.933571,7.128845
06.12.2023 14:47:40,0.006187215,0.7530427,-0.03220553,0.6571539,-3.246752,-7.726173,6.894684,-0.07269995,0.7502335,0.05552313,0.6548142,15.2836,-7.960815,7.118317
06.12.2023 14:47:40,0.006171987,0.752954,-0.03212706,0.6572595,-3.238569,-7.710617,6.890533,-0.07285567,0.7502334,0.05557925,0.6547922,15.3002,-7.96389,7.127899
06.12.2023 14:47:40,0.006260075,0.7529016,-0.03207318,0.6573215,-3.240408,-7.701607,6.87912,-0.07288887,0.750116,0.05550262,0.6549296,15.29645,-7.943642,7.134735
06.12.2023 14:47:40,0.006471368,0.7529025,-0.03207216,0.6573183,-3.256263,-7.702217,6.860779,-0.07296332,0.7500354,0.05525418,0.6550346,15.28079,-7.930313,7.158722
06.12.2023 14:47:40,0.006592521,0.752834,-0.03198144,0.6574,-3.257374,-7.690453,6.843811,-0.07314509,0.7499817,0.0547882,0.6551149,15.25427,-7.923294,7.209045
06.12.2023 14:47:40,0.006726726,0.7526938,-0.03203884,0.6575564,-3.272065,-7.666328,6.83725,-0.0732765,0.7499135,0.05446367,0.6552054,15.2363,-7.913078,7.244019
06.12.2023 14:47:40,0.006684519,0.7527221,-0.03221146,0.6575159,-3.283867,-7.671295,6.85379,-0.07335629,0.749899,0.05433818,0.6552234,15.23151,-7.911781,7.260315
06.12.2023 14:47:40,0.006527612,0.7527103,-0.03247441,0.6575181,-3.294701,-7.669083,6.887238,-0.07263378,0.7499285,0.05507009,0.6552091,15.24036,-7.904793,7.141693
06.12.2023 14:47:40,0.006390188,0.752672,-0.03276354,0.657549,-3.309188,-7.662308,6.921143,-0.07237999,0.750053,0.05541399,0.6550656,15.25061,-7.922699,7.095306
06.12.2023 14:47:40,0.006239065,0.7527694,-0.03300637,0.6574267,-3.319043,-7.679153,6.952026,-0.07235485,0.750209,0.05580778,0.6548563,15.28235,-7.950584,7.065918
06.12.2023 14:47:40,0.006326027,0.7527064,-0.03307711,0.6574945,-3.331528,-7.668388,6.950165,-0.07250977,0.7503579,0.05588647,0.6546619,15.30035,-7.979942,7.076111
06.12.2023 14:47:40,0.006526174,0.7526967,-0.03297824,0.6575086,-3.338064,-7.667038,6.925476,-0.07255182,0.7504291,0.05595103,0.65457,15.3089,-7.993454,7.076111
06.12.2023 14:47:40,0.006868912,0.7527466,-0.03288782,0.6574525,-3.356264,-7.676422,6.888794,-0.0726382,0.750393,0.0558171,0.6546133,15.30392,-7.988426,7.093262
06.12.2023 14:47:40,0.007096974,0.752775,-0.03270083,0.6574269,-3.357404,-7.681755,6.854858,-0.07277945,0.7503572,0.05577183,0.6546425,15.31073,-7.984703,7.108612
06.12.2023 14:47:40,0.00731798,0.7528856,-0.03264131,0.6573007,-3.369247,-7.701508,6.830688,-0.07295319,0.7502302,0.05541274,0.6547992,15.29312,-7.964813,7.149017
06.12.2023 14:47:40,0.007375216,0.7529428,-0.03263128,0.6572351,-3.372858,-7.711601,6.824707,-0.07316427,0.7500104,0.05503532,0.6550592,15.27704,-7.92926,7.192596
06.12.2023 14:47:40,0.007394599,0.7529221,-0.03265068,0.6572577,-3.375938,-7.708046,6.824615,-0.07327684,0.7500123,0.05471527,0.6550712,15.25778,-7.931053,7.226685
06.12.2023 14:47:40,0.007229904,0.7529472,-0.03259072,0.6572338,-3.358404,-7.712006,6.834167,-0.07332507,0.7499939,0.0545805,0.6550982,15.24982,-7.928436,7.240814
06.12.2023 14:47:41,0.007344533,0.7528866,-0.03266454,0.6572981,-3.37326,-7.701752,6.83017,-0.07310762,0.7500642,0.05484171,0.6550201,15.25583,-7.937241,7.203003
06.12.2023 14:47:41,0.007314692,0.7528199,-0.03251996,0.6573821,-3.358335,-7.689941,6.822174,-0.07300568,0.7501388,0.05504975,0.6549286,15.26593,-7.948906,7.179504
06.12.2023 14:47:41,0.0072282,0.7527683,-0.03241322,0.6574475,-3.342446,-7.680672,6.821838,-0.07295776,0.7502306,0.05533351,0.654805,15.28659,-7.96479,7.155365
06.12.2023 14:47:41,0.00725464,0.7527029,-0.03250351,0.6575176,-3.352058,-7.669388,6.826691,-0.07281656,0.7502282,0.05550994,0.6548084,15.29126,-7.962082,7.129547
06.12.2023 14:47:41,0.007318369,0.7525961,-0.0324772,0.6576403,-3.354299,-7.650909,6.819763,-0.07265327,0.7502055,0.05562019,0.6548432,15.28857,-7.955215,7.106415
06.12.2023 14:47:41,0.00735569,0.7525138,-0.03262883,0.6577266,-3.369981,-7.636734,6.8284,-0.07222282,0.750082,0.05574102,0.655022,15.26703,-7.925545,7.05722
06.12.2023 14:47:41,0.007342932,0.752457,-0.03271078,0.6577877,-3.375933,-7.626854,6.835999,-0.07211073,0.7500532,0.0554987,0.6550879,15.23767,-7.917824,7.065063
06.12.2023 14:47:41,0.007473252,0.7523608,-0.0328325,0.6578901,-3.396014,-7.610497,6.834442,-0.07205444,0.7498193,0.05512871,0.655393,15.20212,-7.874748,7.084229
06.12.2023 14:47:41,0.007580162,0.752405,-0.03287419,0.6578363,-3.407809,-7.618462,6.828125,-0.07203534,0.7497108,0.05478796,0.6555479,15.17151,-7.85453,7.106476
06.12.2023 14:47:41,0.00756977,0.7522783,-0.0328299,0.6579835,-3.402849,-7.596336,6.826324,-0.0722103,0.7497199,0.0544636,0.6555452,15.15659,-7.858734,7.146515
06.12.2023 14:47:41,0.00765909,0.7522702,-0.03281438,0.6579925,-3.408233,-7.595123,6.817505,-0.07252944,0.7498014,0.05428507,0.6554316,15.16492,-7.878731,7.189514
06.12.2023 14:47:41,0.007585832,0.7522445,-0.03278059,0.6580244,-3.399712,-7.590454,6.821381,-0.07265371,0.7497777,0.05412914,0.6554579,15.16086,-7.876572,7.211884
06.12.2023 14:47:41,0.007579228,0.7522233,-0.0328038,0.6580477,-3.401159,-7.586739,6.823822,-0.07266122,0.7497947,0.05439734,0.6554154,15.1846,-7.88028,7.192627
06.12.2023 14:47:41,0.00751249,0.7523141,-0.03284483,0.6579425,-3.399912,-7.60244,6.832214,-0.07255486,0.7496763,0.05452539,0.6555518,15.18808,-7.857704,7.171722
06.12.2023 14:47:41,0.007529004,0.752295,-0.03286518,0.6579631,-3.402862,-7.599174,6.832428,-0.07239467,0.7496441,0.05480824,0.6555828,15.20059,-7.849602,7.135742
06.12.2023 14:47:41,0.007530176,0.752336,-0.03292543,0.6579132,-3.408266,-7.606361,6.83667,-0.07210754,0.7495849,0.05491287,0.6556735,15.18817,-7.833969,7.101501
06.12.2023 14:47:41,0.007615031,0.7522492,-0.03286819,0.6580144,-3.409491,-7.591385,6.82547,-0.07214483,0.7495236,0.05473375,0.6557543,15.17569,-7.823517,7.11731
06.12.2023 14:47:41,0.007619275,0.7523037,-0.03287436,0.6579517,-3.410496,-7.600914,6.825287,-0.07231649,0.7494556,0.05453109,0.6558301,15.17133,-7.814331,7.146698
06.12.2023 14:47:41,0.007615966,0.75231,-0.03286133,0.6579452,-3.409138,-7.601982,6.824554,-0.07258357,0.7494238,0.0541723,0.6558666,15.16049,-7.813019,7.196869
06.12.2023 14:47:41,0.007694509,0.7523726,-0.03287057,0.6578722,-3.416041,-7.613091,6.818146,-0.07258999,0.7494744,0.05415731,0.6558093,15.15952,-7.822014,7.199371
06.12.2023 14:47:41,0.007698437,0.7523903,-0.03296058,0.6578475,-3.424156,-7.616241,6.824524,-0.07226795,0.7495146,0.05454567,0.6557668,15.16873,-7.823837,7.142242
06.12.2023 14:47:41,0.007626912,0.7524043,-0.03300035,0.6578303,-3.422228,-7.61853,6.833618,-0.07199495,0.7495721,0.05502509,0.655691,15.18945,-7.829849,7.082886
06.12.2023 14:47:41,0.007646942,0.7524371,-0.03304717,0.6577902,-3.427873,-7.624329,6.835266,-0.07181631,0.7496054,0.05530158,0.6556492,15.1998,-7.832954,7.046783
06.12.2023 14:47:41,0.007629396,0.7524633,-0.0330206,0.6577617,-3.424328,-7.628853,6.834625,-0.07184645,0.7496877,0.05547224,0.6555375,15.21658,-7.848381,7.037903
06.12.2023 14:47:41,0.007614106,0.7524761,-0.03301049,0.6577478,-3.422337,-7.631035,6.835114,-0.0721713,0.7496825,0.05513503,0.6555361,15.21191,-7.852867,7.091949
06.12.2023 14:47:41,0.007544071,0.7524939,-0.03302744,0.6577273,-3.418562,-7.633987,6.842346,-0.0724107,0.7497494,0.05478093,0.6554629,15.1991,-7.868385,7.140869
06.12.2023 14:47:41,0.00746595,0.7525478,-0.03301029,0.6576675,-3.411335,-7.643181,6.847534,-0.07252203,0.7498326,0.05431437,0.6553943,15.16681,-7.884148,7.187134
06.12.2023 14:47:41,0.007441933,0.7525358,-0.03296864,0.6576836,-3.405893,-7.641006,6.846527,-0.0725728,0.749849,0.05411343,0.6553864,15.15317,-7.887573,7.207001
06.12.2023 14:47:41,0.00737975,0.7525997,-0.03299878,0.6576096,-3.403981,-7.652031,6.853821,-0.07239202,0.7498746,0.05415817,0.6553735,15.14334,-7.888756,7.188019
06.12.2023 14:47:41,0.007289624,0.7526062,-0.03295675,0.6576052,-3.393567,-7.652931,6.858398,-0.0723047,0.7498328,0.05419789,0.6554277,15.14032,-7.879829,7.176636
06.12.2023 14:47:41,0.007323328,0.7526259,-0.03306751,0.6575767,-3.405731,-7.656525,6.863739,-0.07244984,0.7498831,0.05429631,0.655346,15.15964,-7.891632,7.182892
06.12.2023 14:47:41,0.007271247,0.7526787,-0.03305439,0.6575176,-3.400817,-7.665588,6.866974,-0.07282156,0.7498416,0.05419194,0.6553609,15.17874,-7.891136,7.223022
06.12.2023 14:47:41,0.007281222,0.7527311,-0.03301976,0.6574593,-3.398728,-7.674721,6.863251,-0.07294762,0.7498896,0.05412192,0.6552978,15.18201,-7.90184,7.240204
06.12.2023 14:47:41,0.007276426,0.7527547,-0.03302698,0.6574318,-3.399057,-7.678848,6.864075,-0.07290448,0.7499143,0.05423605,0.6552648,15.18857,-7.90564,7.22818
06.12.2023 14:47:41,0.007219122,0.7527876,-0.03295923,0.6573983,-3.388974,-7.684395,6.863739,-0.07256609,0.7498844,0.05454677,0.6553108,15.19006,-7.894623,7.174347
06.12.2023 14:47:41,0.007277812,0.7527233,-0.03294048,0.6574721,-3.391602,-7.673317,6.857574,-0.07240029,0.7499169,0.05482111,0.6552691,15.20123,-7.897789,7.139557
06.12.2023 14:47:41,0.007278076,0.752712,-0.03294346,0.6574849,-3.391847,-7.671341,6.857849,-0.07231197,0.7499339,0.05483091,0.6552585,15.19537,-7.899147,7.131256
06.12.2023 14:47:41,0.007304284,0.7527215,-0.03293641,0.6574742,-3.393242,-7.673042,6.855011,-0.0728441,0.7499104,0.05438949,0.6552633,15.19733,-7.904121,7.211243
06.12.2023 14:47:41,0.00727904,0.752732,-0.03295648,0.6574614,-3.393101,-7.674835,6.858643,-0.07298942,0.7498837,0.05420609,0.6552929,15.19247,-7.901794,7.237488
06.12.2023 14:47:41,0.007279919,0.7526745,-0.03295521,0.6575273,-3.392895,-7.664803,6.858765,-0.07289574,0.7497931,0.05420639,0.655407,15.18576,-7.884048,7.227753
06.12.2023 14:47:41,0.007265537,0.7526591,-0.03295544,0.657545,-3.391786,-7.662094,6.860107,-0.07273018,0.7497053,0.05437152,0.6555121,15.18787,-7.865784,7.19928
06.12.2023 14:47:41,0.007268026,0.7526171,-0.03289498,0.6575962,-3.386634,-7.654732,6.85553,-0.0727099,0.7496216,0.05447209,0.6556017,15.19531,-7.850876,7.188599
06.12.2023 14:47:41,0.007282,0.75263,-0.03290071,0.6575809,-3.38822,-7.657021,6.854706,-0.07291675,0.7496449,0.05429187,0.655567,15.19522,-7.858521,7.220825
06.12.2023 14:47:41,0.007366619,0.7526175,-0.03276584,0.657601,-3.382926,-7.654945,6.83728,-0.073133,0.7496735,0.05406719,0.6555288,15.19199,-7.867203,7.257355
06.12.2023 14:47:41,0.007298471,0.7525973,-0.03274649,0.6576258,-3.376054,-7.65126,6.841797,-0.07305121,0.7496803,0.05413033,0.6555249,15.19125,-7.866974,7.245453
06.12.2023 14:47:41,0.007332009,0.7525175,-0.03280487,0.6577138,-3.383403,-7.637459,6.843719,-0.07288772,0.7497916,0.05419723,0.6554103,15.18436,-7.883606,7.227692
06.12.2023 14:47:41,0.007357317,0.7525398,-0.03278702,0.657689,-3.383835,-7.641388,6.840088,-0.07275737,0.7498867,0.05441601,0.6552979,15.19315,-7.898361,7.201172
06.12.2023 14:47:41,0.007429243,0.7524775,-0.03271595,0.657763,-3.382955,-7.630638,6.828827,-0.07263916,0.7499505,0.05457264,0.6552249,15.1976,-7.907707,7.179932
06.12.2023 14:47:41,0.00754348,0.7524316,-0.0327308,0.6578134,-3.392734,-7.622925,6.820313,-0.07266042,0.7500166,0.05468836,0.6551372,15.20901,-7.920013,7.174133
06.12.2023 14:47:41,0.007640149,0.7524211,-0.0326342,0.6578292,-3.391664,-7.621254,6.804749,-0.07269863,0.7500479,0.054797,0.6550882,15.22119,-7.926476,7.169861
06.12.2023 14:47:41,0.007621837,0.7524194,-0.03264148,0.657831,-3.390906,-7.620918,6.806885,-0.07277564,0.7500479,0.054966,0.6550654,15.24164,-7.928314,7.163971
06.12.2023 14:47:41,0.007556573,0.7523696,-0.03278696,0.6578814,-3.398399,-7.61219,6.823761,-0.07266861,0.750114,0.05510574,0.6549898,15.24545,-7.938232,7.14502
06.12.2023 14:47:41,0.007275515,0.7524241,-0.03304593,0.6578094,-3.399686,-7.621201,6.867279,-0.07254176,0.7501213,0.05526152,0.6549824,15.24939,-7.937462,7.122162
06.12.2023 14:47:41,0.007168274,0.7524757,-0.03334199,0.6577365,-3.417298,-7.630165,6.898651,-0.07258052,0.7501456,0.05508006,0.6549655,15.23651,-7.942085,7.139648
06.12.2023 14:47:41,0.007046736,0.75253,-0.03359128,0.6576629,-3.429805,-7.639534,6.927673,-0.07286375,0.7501841,0.05470917,0.6549212,15.22556,-7.953438,7.193237
06.12.2023 14:47:41,0.007043002,0.7526063,-0.03363479,0.6575736,-3.433504,-7.65284,6.930878,-0.07302728,0.7502052,0.0543719,0.6549067,15.20859,-7.959541,7.233429
06.12.2023 14:47:41,0.00721384,0.7526302,-0.03360114,0.657546,-3.443563,-7.657387,6.913483,-0.07303459,0.7502781,0.05412455,0.654843,15.18747,-7.971985,7.253815
06.12.2023 14:47:41,0.007454998,0.7527128,-0.03331576,0.6574633,-3.437355,-7.672142,6.870667,-0.07286508,0.7502883,0.05411465,0.654851,15.1738,-7.970543,7.239685
06.12.2023 14:47:41,0.007622622,0.7528105,-0.03319515,0.6573556,-3.439862,-7.689499,6.846588,-0.07287399,0.7502938,0.05412009,0.6548433,15.17493,-7.971687,7.240173
06.12.2023 14:47:41,0.007636567,0.7528713,-0.03306736,0.6572922,-3.430046,-7.700043,6.835419,-0.07312337,0.7502808,0.05405005,0.6548361,15.18768,-7.974007,7.267334
06.12.2023 14:47:41,0.007566262,0.7529516,-0.03301476,0.6572036,-3.420424,-7.713852,6.837097,-0.07318168,0.7501725,0.05401794,0.6549563,15.18967,-7.955948,7.273224
06.12.2023 14:47:41,0.007446873,0.7529581,-0.03299415,0.6571987,-3.409655,-7.714691,6.845825,-0.07318381,0.7500771,0.05413778,0.6550555,15.20053,-7.939423,7.262878
06.12.2023 14:47:41,0.007405987,0.7529362,-0.03308132,0.6572197,-3.414039,-7.710854,6.856049,-0.07305969,0.7501099,0.05435092,0.6550141,15.20953,-7.943306,7.236389
06.12.2023 14:47:41,0.00739503,0.7529389,-0.03311335,0.6572153,-3.415987,-7.711304,6.859406,-0.07295292,0.7499623,0.0545246,0.6551805,15.21704,-7.915649,7.211517
06.12.2023 14:47:41,0.007328967,0.7528992,-0.03310453,0.657262,-3.410129,-7.704208,6.864655,-0.07270508,0.7498955,0.05473051,0.6552674,15.21643,-7.899605,7.173035
06.12.2023 14:47:41,0.007342025,0.7528484,-0.03312387,0.6573189,-3.412641,-7.695404,6.865234,-0.07260125,0.7497666,0.05500205,0.6554037,15.23254,-7.875504,7.141357
06.12.2023 14:47:41,0.007382418,0.752729,-0.03320794,0.6574511,-3.422611,-7.674721,6.868713,-0.07257091,0.7497349,0.05496205,0.6554466,15.2269,-7.86927,7.141174
06.12.2023 14:47:41,0.007473645,0.7526751,-0.0332222,0.6575111,-3.430574,-7.665535,6.862183,-0.07269278,0.7497579,0.05476483,0.6554232,15.21893,-7.875206,7.167175
06.12.2023 14:47:41,0.007560415,0.7525627,-0.0333575,0.6576318,-3.448489,-7.646248,6.865509,-0.07277267,0.7497191,0.05448569,0.6554821,15.2009,-7.869278,7.194672
06.12.2023 14:47:41,0.007560729,0.75252,-0.03335507,0.6576807,-3.448182,-7.638802,6.865509,-0.07279611,0.7496801,0.05427148,0.6555418,15.18427,-7.862389,7.21225
06.12.2023 14:47:41,0.007691186,0.7524675,-0.03346034,0.657734,-3.466971,-7.630035,6.862488,-0.07269005,0.7496552,0.05415775,0.6555915,15.1665,-7.855751,7.211029
06.12.2023 14:47:41,0.007812825,0.7523776,-0.03338691,0.6578391,-3.469563,-7.614609,6.846924,-0.07260931,0.7496297,0.05423448,0.6556233,15.16714,-7.849892,7.197693
06.12.2023 14:47:41,0.007934239,0.7523454,-0.03323953,0.6578819,-3.465919,-7.609192,6.82547,-0.07264341,0.749605,0.05424541,0.6556468,15.17075,-7.846214,7.199493
06.12.2023 14:47:41,0.007940634,0.752331,-0.03328172,0.6578962,-3.470003,-7.606712,6.828186,-0.07284501,0.7496055,0.05408819,0.6556368,15.17233,-7.849792,7.229187
06.12.2023 14:47:41,0.007857878,0.7522788,-0.03337159,0.6579523,-3.471366,-7.597481,6.842377,-0.07303417,0.7495797,0.05404323,0.6556491,15.18277,-7.848732,7.248932
06.12.2023 14:47:41,0.007773028,0.7522943,-0.0334302,0.6579326,-3.47006,-7.600014,6.854065,-0.07308953,0.7495665,0.05393933,0.6556665,15.17801,-7.847252,7.261444
06.12.2023 14:47:41,0.007801974,0.7522787,-0.03349698,0.6579466,-3.477966,-7.597427,6.856689,-0.07315721,0.7497068,0.05379711,0.6555102,15.17032,-7.872948,7.280334
06.12.2023 14:47:41,0.00778782,0.7523223,-0.03355563,0.6578941,-3.482084,-7.605011,6.862122,-0.07311553,0.749796,0.05367776,0.6554227,15.15652,-7.887596,7.287018
06.12.2023 14:47:41,0.007895197,0.7523226,-0.03354606,0.657893,-3.489367,-7.605316,6.852112,-0.07302559,0.7498287,0.05371355,0.6553923,15.15274,-7.891724,7.276886
06.12.2023 14:47:41,0.007989021,0.7523108,-0.03345937,0.6579098,-3.488936,-7.603432,6.837524,-0.07286669,0.7498417,0.05397601,0.6553735,15.16345,-7.891571,7.243256
06.12.2023 14:47:41,0.008034504,0.7523358,-0.0333676,0.6578851,-3.484519,-7.607857,6.826538,-0.07265377,0.7498358,0.05430469,0.6553769,15.17587,-7.887184,7.199585
06.12.2023 14:47:41,0.00813571,0.7523206,-0.03328241,0.6579056,-3.484767,-7.605392,6.811462,-0.07264253,0.749832,0.0545141,0.6553651,15.19318,-7.886749,7.18277
06.12.2023 14:47:41,0.008097109,0.7524053,-0.03336417,0.6578051,-3.489143,-7.62011,6.820496,-0.07278244,0.7498513,0.05443729,0.6553338,15.19702,-7.892639,7.201233
06.12.2023 14:47:41,0.008032841,0.7524256,-0.0334098,0.6577803,-3.488286,-7.623535,6.829407,-0.07283533,0.7498955,0.05434906,0.6552848,15.19321,-7.901237,7.213257
06.12.2023 14:47:41,0.007906419,0.7524329,-0.03350355,0.6577688,-3.486855,-7.624557,6.847351,-0.07289141,0.7499918,0.05435254,0.6551679,15.19742,-7.919289,7.219482
06.12.2023 14:47:41,0.007900389,0.7524192,-0.03347774,0.6577859,-3.484133,-7.622124,6.846008,-0.0729876,0.7500713,0.05431658,0.6550692,15.20126,-7.935059,7.231964
06.12.2023 14:47:41,0.007920777,0.7524704,-0.03347797,0.6577271,-3.485835,-7.631104,6.843994,-0.07315011,0.750137,0.05414616,0.6549899,15.19852,-7.949371,7.260223
06.12.2023 14:47:41,0.007813707,0.7524995,-0.03337872,0.6577,-3.469265,-7.635857,6.845581,-0.07337151,0.7502235,0.0540728,0.6548722,15.20853,-7.968681,7.286713
06.12.2023 14:47:41,0.007883579,0.7525595,-0.0333999,0.6576295,-3.476536,-7.646492,6.84082,-0.07341713,0.7502092,0.05403345,0.6548865,15.20862,-7.966965,7.293488
06.12.2023 14:47:41,0.007877528,0.7525985,-0.03344036,0.6575829,-3.479682,-7.653305,6.844208,-0.07327179,0.7502645,0.05405421,0.6548378,15.19928,-7.973976,7.279907
06.12.2023 14:47:42,0.007766188,0.7526013,-0.03332782,0.6575867,-3.461568,-7.653458,6.845306,-0.07338239,0.75032,0.05406711,0.6547608,15.20853,-7.985909,7.289642
06.12.2023 14:47:42,0.007818028,0.7525911,-0.0334728,0.6575904,-3.477972,-7.651894,6.851807,-0.07342973,0.750234,0.054076,0.6548533,15.21317,-7.971664,7.291809
06.12.2023 14:47:42,0.007777408,0.7526443,-0.03343436,0.6575319,-3.471736,-7.661049,6.852142,-0.07351333,0.7502177,0.05411065,0.6548598,15.2225,-7.970467,7.296356
06.12.2023 14:47:42,0.007767565,0.7527028,-0.03352169,0.6574606,-3.4787,-7.671288,6.859283,-0.07352542,0.7501574,0.05412414,0.6549263,15.22479,-7.960106,7.295471
06.12.2023 14:47:42,0.007795711,0.7526714,-0.03349816,0.6574975,-3.478703,-7.665863,6.855225,-0.07355126,0.7501082,0.05417076,0.654976,15.23096,-7.952026,7.293488
06.12.2023 14:47:42,0.007847219,0.752694,-0.03352565,0.6574696,-3.485029,-7.669952,6.852753,-0.07351988,0.7500767,0.05412067,0.6550198,15.22437,-7.945747,7.293976
06.12.2023 14:47:42,0.007901307,0.7527056,-0.03361266,0.6574512,-3.496658,-7.67218,6.854584,-0.07340468,0.7500806,0.05424253,0.655018,15.22623,-7.944511,7.274658
06.12.2023 14:47:42,0.007989688,0.7526925,-0.033512,0.6574703,-3.494597,-7.670021,6.839417,-0.07316662,0.7501496,0.05437648,0.6549546,15.21967,-7.9524,7.244568
06.12.2023 14:47:42,0.008087472,0.7526551,-0.03367776,0.6575035,-3.516189,-7.663864,6.843689,-0.0730867,0.750303,0.05448793,0.6547785,15.22278,-7.978165,7.231506
06.12.2023 14:47:42,0.008135173,0.7526165,-0.0337211,0.6575448,-3.523424,-7.657288,6.843048,-0.07283148,0.7503071,0.05459112,0.6547936,15.21249,-7.974266,7.201202
06.12.2023 14:47:42,0.008179685,0.7525641,-0.03372236,0.6576042,-3.526746,-7.648262,6.839569,-0.07269214,0.7502877,0.05465328,0.6548262,15.20746,-7.968315,7.183868
06.12.2023 14:47:42,0.008145578,0.7525735,-0.03379171,0.6575903,-3.530186,-7.649857,6.847717,-0.07281802,0.7502989,0.05444303,0.6548169,15.19867,-7.972221,7.210999
06.12.2023 14:47:42,0.008158746,0.7525302,-0.03381835,0.6576383,-3.533359,-7.642365,6.848816,-0.0729473,0.7502453,0.05419447,0.6548846,15.18704,-7.964684,7.240295
06.12.2023 14:47:42,0.008302581,0.7524188,-0.03383574,0.657763,-3.545407,-7.623329,6.838318,-0.07303978,0.7501729,0.05386616,0.6549842,15.16583,-7.95298,7.272034
06.12.2023 14:47:42,0.008439378,0.7523573,-0.03384576,0.6578311,-3.556432,-7.612961,6.827606,-0.07290087,0.7500661,0.05376112,0.6551306,15.14664,-7.93129,7.265961
06.12.2023 14:47:42,0.008506536,0.7523581,-0.03376251,0.6578336,-3.554317,-7.613205,6.815491,-0.07273349,0.7500825,0.05373043,0.6551329,15.13132,-7.930931,7.253693
06.12.2023 14:47:42,0.008513973,0.752317,-0.03374703,0.6578813,-3.55343,-7.606064,6.813904,-0.07261302,0.750055,0.05379982,0.6551722,15.12836,-7.923943,7.237366
06.12.2023 14:47:42,0.008604908,0.7523357,-0.0336201,0.6578652,-3.549391,-7.609467,6.796387,-0.07262727,0.7500459,0.05373546,0.6551862,15.12387,-7.922478,7.243347
06.12.2023 14:47:42,0.008672554,0.7522088,-0.03377465,0.6580015,-3.567494,-7.587631,6.802887,-0.0727971,0.7500009,0.05376153,0.6552168,15.13907,-7.917816,7.255707
06.12.2023 14:47:42,0.008747817,0.7522024,-0.03370462,0.6580115,-3.567117,-7.586655,6.791138,-0.07278236,0.7499593,0.05382224,0.6552609,15.14337,-7.910362,7.249207
06.12.2023 14:47:42,0.008860647,0.7521244,-0.033621,0.6581034,-3.568212,-7.573311,6.775513,-0.07263748,0.7498636,0.05403125,0.6553695,15.15088,-7.891182,7.219147
06.12.2023 14:47:42,0.009003215,0.7520062,-0.03354922,0.6582402,-3.572471,-7.553047,6.758423,-0.0725453,0.7497997,0.05419324,0.6554394,15.15817,-7.878532,7.197784
06.12.2023 14:47:42,0.009055814,0.7519682,-0.03351722,0.6582845,-3.573583,-7.546547,6.751678,-0.07266963,0.7497767,0.0540933,0.6554601,15.15897,-7.876625,7.215973
06.12.2023 14:47:42,0.009074915,0.7518833,-0.03348098,0.658383,-3.571675,-7.531807,6.747742,-0.07294379,0.7498402,0.05376243,0.6553842,15.15076,-7.892303,7.266144
06.12.2023 14:47:42,0.008946624,0.7518336,-0.03362483,0.6584342,-3.574256,-7.522888,6.769958,-0.07309113,0.7499319,0.05352775,0.6552821,15.14124,-7.910767,7.298279
06.12.2023 14:47:42,0.008696249,0.7518235,-0.03396621,0.6584316,-3.584755,-7.520706,6.817444,-0.07314824,0.7499197,0.05343912,0.655297,15.13788,-7.9095,7.309814
06.12.2023 14:47:42,0.008599501,0.7518187,-0.03420537,0.658426,-3.598061,-7.519775,6.843872,-0.07302316,0.7499719,0.05357664,0.6552399,15.1402,-7.916611,7.289185
06.12.2023 14:47:42,0.008482636,0.7518009,-0.03433559,0.6584411,-3.600411,-7.516472,6.863922,-0.07293054,0.7500203,0.05379729,0.6551767,15.15216,-7.923866,7.265167
06.12.2023 14:47:42,0.008555277,0.7518166,-0.03429727,0.6584242,-3.602641,-7.519363,6.854645,-0.0727611,0.7501528,0.05402831,0.6550249,15.15897,-7.944489,7.234833
06.12.2023 14:47:42,0.008745519,0.7518703,-0.03418808,0.658366,-3.60775,-7.529144,6.829712,-0.07263852,0.7502519,0.05429453,0.6549029,15.17245,-7.960228,7.205505
06.12.2023 14:47:42,0.008933258,0.7518984,-0.034,0.6583412,-3.605789,-7.534401,6.799133,-0.07250217,0.7503576,0.05454051,0.6547765,15.18314,-7.976807,7.176605
06.12.2023 14:47:42,0.008952594,0.7520354,-0.03378892,0.6581952,-3.589409,-7.558182,6.780762,-0.07239909,0.7503998,0.05471746,0.6547248,15.19058,-7.982674,7.154816
06.12.2023 14:47:42,0.008862074,0.7520742,-0.03369818,0.6581568,-3.574845,-7.564621,6.781494,-0.07212908,0.7504061,0.05488083,0.6547337,15.18439,-7.97905,7.118713
06.12.2023 14:47:42,0.008639443,0.7522007,-0.03372601,0.6580138,-3.560772,-7.586098,6.802124,-0.07204317,0.7503419,0.05472088,0.6548302,15.16428,-7.965744,7.122101
06.12.2023 14:47:42,0.008393984,0.7522505,-0.03365242,0.6579638,-3.536017,-7.594078,6.817474,-0.07212827,0.7502896,0.05452651,0.6548969,15.15399,-7.957718,7.143463
06.12.2023 14:47:42,0.008222257,0.7522364,-0.0336995,0.6579797,-3.527071,-7.591217,6.835938,-0.072534,0.7501736,0.05382465,0.6550429,15.12415,-7.94342,7.230347
06.12.2023 14:47:42,0.008092064,0.7522511,-0.03361689,0.6579686,-3.510149,-7.593414,6.840851,-0.07274408,0.7501487,0.05352436,0.6550729,15.11404,-7.942345,7.271149
06.12.2023 14:47:42,0.008046341,0.7522762,-0.0336744,0.6579375,-3.51173,-7.59771,6.848999,-0.07289599,0.7501144,0.05331296,0.6551124,15.10727,-7.938744,7.299988
06.12.2023 14:47:42,0.008013383,0.7522572,-0.03367521,0.6579597,-3.509257,-7.594307,6.85202,-0.07279854,0.7500894,0.05336659,0.6551476,15.10468,-7.932602,7.286926
06.12.2023 14:47:42,0.007910755,0.7522342,-0.03374739,0.6579835,-3.507672,-7.590103,6.866455,-0.0726418,0.7500385,0.0536702,0.6551984,15.11932,-7.921318,7.24942
06.12.2023 14:47:42,0.007834057,0.7522484,-0.03391204,0.6579597,-3.51613,-7.592506,6.885437,-0.0724654,0.7499205,0.0538388,0.6553392,15.12106,-7.897537,7.219269
06.12.2023 14:47:42,0.007920959,0.7522206,-0.03400565,0.6579857,-3.530694,-7.587936,6.885162,-0.07222375,0.7498321,0.05416571,0.65544,15.13144,-7.878113,7.171875
06.12.2023 14:47:42,0.008041566,0.7522655,-0.03396089,0.6579351,-3.536069,-7.596039,6.871124,-0.07218802,0.7496923,0.05404614,0.6556138,15.11887,-7.852547,7.175537
06.12.2023 14:47:42,0.008099604,0.7522439,-0.03393267,0.6579606,-3.537955,-7.592384,6.864105,-0.07244392,0.7496098,0.0538416,0.6556967,15.12073,-7.84243,7.212311
06.12.2023 14:47:42,0.008167691,0.7522568,-0.03392108,0.6579456,-3.542134,-7.594803,6.857269,-0.07264183,0.7495058,0.05329756,0.6558381,15.08893,-7.826698,7.269165
06.12.2023 14:47:42,0.008241702,0.7522122,-0.03379911,0.658002,-3.53707,-7.58712,6.841919,-0.07268216,0.7494185,0.05314085,0.6559461,15.0787,-7.811768,7.283173
06.12.2023 14:47:42,0.008093056,0.7522407,-0.03377945,0.6579722,-3.524226,-7.591713,6.853119,-0.07245512,0.7493207,0.05335156,0.6560658,15.08014,-7.790718,7.245697
06.12.2023 14:47:42,0.007946527,0.7522527,-0.0338391,0.6579573,-3.518341,-7.593475,6.870209,-0.07217873,0.7492115,0.05385349,0.65618,15.10309,-7.767349,7.181732
06.12.2023 14:47:42,0.007919134,0.7522274,-0.03383226,0.6579868,-3.51561,-7.588997,6.872192,-0.07193211,0.7491767,0.05423653,0.6562154,15.11774,-7.757393,7.130524
06.12.2023 14:47:42,0.007833717,0.7522076,-0.03381654,0.6580112,-3.507745,-7.585335,6.878479,-0.07185045,0.7491508,0.0544654,0.6562349,15.13144,-7.751801,7.105652
06.12.2023 14:47:42,0.007913649,0.7521306,-0.03372773,0.658103,-3.505899,-7.572037,6.865265,-0.072092,0.7491263,0.05417192,0.6562607,15.12436,-7.751381,7.148743
06.12.2023 14:47:42,0.008006874,0.7521669,-0.03371251,0.6580611,-3.51173,-7.578583,6.855896,-0.07237214,0.7492576,0.05367353,0.6561208,15.10196,-7.778717,7.213135
06.12.2023 14:47:42,0.007992556,0.7521158,-0.03355586,0.6581276,-3.496986,-7.56955,6.845551,-0.0725733,0.7493397,0.05330433,0.6560349,15.0849,-7.796181,7.26001
06.12.2023 14:47:42,0.00811698,0.7520401,-0.03349576,0.6582156,-3.500989,-7.556625,6.830688,-0.07254867,0.7494547,0.05291861,0.6559376,15.04926,-7.815132,7.288666
06.12.2023 14:47:42,0.007954884,0.751984,-0.0334712,0.658283,-3.486465,-7.546425,6.843109,-0.07253679,0.7495174,0.05288838,0.6558696,15.04553,-7.825897,7.290863
06.12.2023 14:47:42,0.007957977,0.7520357,-0.03352422,0.6582213,-3.491418,-7.555466,6.846558,-0.07256345,0.749567,0.05300863,0.6558003,15.0578,-7.835381,7.284912
06.12.2023 14:47:42,0.007873082,0.7519908,-0.0335449,0.6582725,-3.486662,-7.547455,6.855682,-0.07239217,0.7495912,0.05335972,0.6557631,15.07516,-7.837151,7.243713
06.12.2023 14:47:42,0.007853315,0.7520355,-0.03352165,0.6582228,-3.483288,-7.555183,6.855408,-0.07223991,0.7496705,0.0537213,0.6556596,15.09473,-7.849014,7.204254
06.12.2023 14:47:42,0.007782048,0.7520308,-0.03347355,0.6582314,-3.473741,-7.554169,6.857941,-0.07218648,0.7497838,0.05384322,0.6555261,15.10089,-7.868202,7.192108
06.12.2023 14:47:42,0.007724274,0.7520084,-0.03346761,0.6582581,-3.468799,-7.55011,6.86261,-0.07214829,0.7499146,0.05393559,0.6553729,15.10556,-7.890739,7.183807
06.12.2023 14:47:42,0.007752057,0.752017,-0.03342047,0.6582503,-3.466854,-7.551643,6.856598,-0.07221155,0.7501357,0.0536712,0.6551347,15.08667,-7.930305,7.212738
06.12.2023 14:47:42,0.007745878,0.7520894,-0.03334804,0.6581713,-3.460342,-7.564201,6.851257,-0.07247948,0.7502308,0.05332447,0.6550244,15.07651,-7.951385,7.264038
06.12.2023 14:47:42,0.007673251,0.7521284,-0.03340065,0.6581249,-3.459506,-7.570854,6.861298,-0.072872,0.7501621,0.05310081,0.6550777,15.08691,-7.946236,7.314545
06.12.2023 14:47:42,0.007566332,0.752182,-0.03335258,0.6580673,-3.447431,-7.57991,6.866608,-0.07294686,0.7501687,0.05309162,0.6550626,15.09174,-7.948792,7.321991
06.12.2023 14:47:42,0.007519766,0.7522331,-0.03330306,0.6580119,-3.439785,-7.588669,6.866638,-0.07282545,0.7500845,0.05337875,0.6551493,15.10776,-7.932266,7.28833
06.12.2023 14:47:42,0.007523716,0.7523562,-0.03333602,0.6578696,-3.443278,-7.610138,6.868134,-0.07275451,0.7500085,0.05353831,0.6552311,15.11652,-7.91787,7.26886
06.12.2023 14:47:42,0.007354364,0.7523326,-0.03339407,0.6578956,-3.435433,-7.605675,6.887268,-0.07307715,0.7500827,0.05333026,0.6551271,15.12253,-7.936646,7.31424
06.12.2023 14:47:42,0.007357584,0.7524439,-0.03340201,0.6577678,-3.436682,-7.625084,6.886993,-0.07328895,0.7500728,0.05320502,0.655125,15.12766,-7.938667,7.342285
06.12.2023 14:47:42,0.007303781,0.7524434,-0.03332808,0.6577727,-3.426235,-7.62484,6.886047,-0.07332979,0.7500498,0.05330644,0.6551386,15.13962,-7.935608,7.337921
06.12.2023 14:47:42,0.007270327,0.7525108,-0.03342147,0.6576912,-3.431966,-7.636566,6.89566,-0.07288674,0.7499204,0.05403231,0.6552766,15.16956,-7.905937,7.242035
06.12.2023 14:47:42,0.007305713,0.7525285,-0.03349846,0.6576666,-3.441336,-7.639793,6.898315,-0.07270339,0.749902,0.05417052,0.6553068,15.16779,-7.89949,7.215118
06.12.2023 14:47:42,0.007316035,0.7525736,-0.03353463,0.657613,-3.445369,-7.647705,6.899933,-0.07257508,0.7498904,0.05414109,0.6553367,15.15561,-7.894958,7.20578
06.12.2023 14:47:42,0.007314352,0.7526159,-0.03366606,0.6575579,-3.456714,-7.655167,6.90976,-0.07249846,0.7498846,0.05397587,0.6553653,15.13553,-7.892143,7.211334
06.12.2023 14:47:42,0.007336116,0.7525824,-0.03374933,0.6575918,-3.46545,-7.649429,6.914368,-0.07243268,0.7497988,0.05365778,0.6554968,15.10333,-7.875107,7.228088
06.12.2023 14:47:42,0.007425296,0.7526079,-0.03380262,0.6575589,-3.476858,-7.654121,6.910553,-0.07256747,0.749697,0.05321764,0.6556342,15.07571,-7.858795,7.271576
06.12.2023 14:47:42,0.007451467,0.7526353,-0.03381436,0.6575266,-3.479926,-7.658974,6.909027,-0.07270154,0.7496309,0.0528493,0.6557247,15.05417,-7.848907,7.31012
06.12.2023 14:47:42,0.007569239,0.7527065,-0.03382363,0.6574433,-3.489822,-7.671669,6.89917,-0.07278197,0.7494776,0.05276928,0.6558975,15.05386,-7.823265,7.320892
06.12.2023 14:47:42,0.007565495,0.7526302,-0.03382784,0.6575305,-3.489682,-7.658363,6.900238,-0.07272956,0.7493462,0.05279003,0.6560518,15.05215,-7.799202,7.312653
06.12.2023 14:47:42,0.007657159,0.7526363,-0.03383426,0.657522,-3.497173,-7.65966,6.892761,-0.07259969,0.7492772,0.05298579,0.6561292,15.05954,-7.785004,7.28537
06.12.2023 14:47:42,0.007687962,0.7526197,-0.03384183,0.6575403,-3.500103,-7.656837,6.890778,-0.07219405,0.7493423,0.05321069,0.6560813,15.04819,-7.789307,7.233551
06.12.2023 14:47:42,0.007841082,0.7525762,-0.03383256,0.6575888,-3.510736,-7.649612,6.877075,-0.07192392,0.7493251,0.05328522,0.6561247,15.03433,-7.781357,7.203766
06.12.2023 14:47:42,0.007979675,0.7524873,-0.03384772,0.6576881,-3.522254,-7.63446,6.86673,-0.07173479,0.7493312,0.05341486,0.6561278,15.03125,-7.779182,7.177368
06.12.2023 14:47:42,0.008019924,0.752474,-0.03381404,0.6577045,-3.522348,-7.632217,6.860779,-0.07157294,0.7492629,0.05348475,0.6562179,15.0253,-7.764282,7.156738
06.12.2023 14:47:42,0.008047886,0.7524314,-0.03375325,0.6577561,-3.519091,-7.624809,6.854004,-0.07155507,0.7492476,0.0536065,0.6562275,15.03455,-7.761497,7.145752
06.12.2023 14:47:42,0.007943541,0.7524127,-0.03391657,0.6577703,-3.525259,-7.621414,6.875458,-0.07151844,0.7492766,0.05371157,0.6561896,15.04077,-7.766151,7.13504
06.12.2023 14:47:42,0.007957639,0.7523394,-0.03408787,0.6578451,-3.540903,-7.608803,6.887573,-0.07144427,0.7493766,0.05377033,0.6560787,15.03995,-7.782486,7.12561
06.12.2023 14:47:42,0.008046851,0.752292,-0.03433624,0.6578853,-3.568945,-7.600929,6.898895,-0.07139158,0.7494248,0.05375136,0.6560309,15.03418,-7.789948,7.123108
06.12.2023 14:47:42,0.008138993,0.7522548,-0.03452271,0.6579169,-3.591894,-7.594818,6.905212,-0.0714554,0.7494792,0.05339601,0.6559908,15.00806,-7.799965,7.156342
06.12.2023 14:47:42,0.008296889,0.7521544,-0.03444478,0.6580339,-3.596804,-7.577644,6.886261,-0.07169716,0.7494962,0.05279767,0.6559935,14.97446,-7.806206,7.223053
06.12.2023 14:47:43,0.008432453,0.7520792,-0.03448768,0.6581157,-3.610534,-7.564949,6.878204,-0.07169247,0.7494746,0.05256372,0.6560374,14.95392,-7.801842,7.239929
06.12.2023 14:47:43,0.008578337,0.7520732,-0.03436041,0.6581275,-3.610555,-7.564171,6.856049,-0.07142231,0.7494349,0.0528149,0.6560921,14.95541,-7.790337,7.196503
06.12.2023 14:47:43,0.008723252,0.7520754,-0.03426768,0.6581279,-3.613507,-7.564865,6.836517,-0.0714208,0.7494662,0.0528267,0.6560556,14.95624,-7.795845,7.195984
06.12.2023 14:47:43,0.008728197,0.7520289,-0.03408455,0.6581904,-3.597948,-7.556656,6.82251,-0.07161915,0.7494594,0.0527385,0.6560488,14.96356,-7.798157,7.220062
06.12.2023 14:47:43,0.008532776,0.752021,-0.03392031,0.6582106,-3.568987,-7.554634,6.826996,-0.07175834,0.7495253,0.0527128,0.6559603,14.97162,-7.812302,7.235321
06.12.2023 14:47:43,0.008468359,0.7519973,-0.0338757,0.6582407,-3.560204,-7.550316,6.829315,-0.07180796,0.7495598,0.05275096,0.6559125,14.97855,-7.819359,7.237366
06.12.2023 14:47:43,0.008473874,0.7519977,-0.03377179,0.6582455,-3.551656,-7.550331,6.820984,-0.07173213,0.7495801,0.05283801,0.6558905,14.98029,-7.821709,7.224396
06.12.2023 14:47:43,0.008485634,0.7520216,-0.03383505,0.6582149,-3.558069,-7.554558,6.824615,-0.07163813,0.7496524,0.05304332,0.6558015,14.99072,-7.833122,7.201752
06.12.2023 14:47:43,0.008485894,0.7519958,-0.03377507,0.6582474,-3.552842,-7.550026,6.82019,-0.07152067,0.7496291,0.05325909,0.6558236,15.00064,-7.827271,7.174744
06.12.2023 14:47:43,0.008518488,0.7519872,-0.0338139,0.6582548,-3.558631,-7.548645,6.820374,-0.07161514,0.749566,0.05338214,0.6558754,15.01862,-7.818184,7.172882
06.12.2023 14:47:43,0.008636012,0.7519392,-0.03385015,0.6583062,-3.570508,-7.540611,6.813232,-0.07182982,0.7494879,0.05329285,0.6559485,15.02734,-7.808258,7.197388
06.12.2023 14:47:43,0.008607338,0.7519346,-0.03390054,0.6583093,-3.572676,-7.539772,6.819519,-0.07198602,0.7494311,0.05310595,0.6560113,15.02313,-7.800812,7.224396
06.12.2023 14:47:43,0.008668183,0.7519436,-0.03383531,0.6583015,-3.571671,-7.541458,6.809296,-0.07210568,0.74945,0.05272859,0.6560071,14.99945,-7.80558,7.263702
06.12.2023 14:47:43,0.008754996,0.7519041,-0.03385566,0.6583444,-3.579879,-7.534828,6.803558,-0.07214608,0.7494097,0.05251829,0.6560655,14.98444,-7.798805,7.282471
06.12.2023 14:47:43,0.008758415,0.7519332,-0.03381196,0.6583135,-3.576447,-7.539856,6.799805,-0.07230003,0.7494274,0.05219335,0.6560542,14.96786,-7.804153,7.320831
06.12.2023 14:47:43,0.008748863,0.7519384,-0.03368267,0.6583142,-3.564583,-7.540657,6.790833,-0.07226876,0.7494817,0.05226387,0.6559901,14.97141,-7.813248,7.313599
06.12.2023 14:47:43,0.00868257,0.7519179,-0.03372601,0.6583363,-3.563257,-7.536942,6.799927,-0.07211204,0.7495004,0.05257033,0.6559615,14.98605,-7.81424,7.276947
06.12.2023 14:47:43,0.008531051,0.7519264,-0.03371431,0.6583292,-3.55082,-7.538002,6.812073,-0.07177445,0.7494264,0.05322536,0.6560302,15.01752,-7.796265,7.196625
06.12.2023 14:47:43,0.00842102,0.7519494,-0.03377103,0.6583014,-3.547463,-7.541786,6.825745,-0.07139163,0.7494369,0.0540799,0.6559901,15.06256,-7.792763,7.098572
06.12.2023 14:47:43,0.008329906,0.7519338,-0.03372221,0.6583229,-3.536322,-7.538795,6.829987,-0.07129653,0.749513,0.05428805,0.6558964,15.07315,-7.804817,7.075653
06.12.2023 14:47:43,0.008207226,0.7519272,-0.03376985,0.6583295,-3.531142,-7.537361,6.844208,-0.071384,0.7496104,0.05411929,0.6557894,15.06485,-7.823257,7.097595
06.12.2023 14:47:43,0.008325545,0.7519138,-0.03367984,0.6583479,-3.532281,-7.535278,6.827271,-0.07172258,0.7497165,0.0533191,0.6556967,15.02075,-7.84655,7.189453
06.12.2023 14:47:43,0.008264218,0.7519433,-0.03362518,0.6583178,-3.523012,-7.540215,6.828278,-0.07190898,0.7496986,0.0527695,0.6557413,14.9873,-7.845726,7.24704
06.12.2023 14:47:43,0.008216365,0.7519146,-0.03350454,0.6583575,-3.508906,-7.534988,6.823425,-0.07203226,0.7496498,0.05232751,0.6558189,14.9585,-7.838524,7.290466
06.12.2023 14:47:43,0.008137376,0.7519869,-0.03351478,0.6582752,-3.504023,-7.547409,6.830627,-0.07204436,0.7496374,0.05219098,0.6558425,14.94763,-7.836296,7.301605
06.12.2023 14:47:43,0.008010157,0.7519926,-0.03355213,0.6582685,-3.497649,-7.548111,6.844421,-0.0721252,0.7495613,0.05219995,0.65592,14.95477,-7.824425,7.306915
06.12.2023 14:47:43,0.007951235,0.7520192,-0.03351789,0.6582404,-3.490317,-7.552582,6.846771,-0.07213221,0.7495412,0.05238821,0.6559272,14.97168,-7.821411,7.29306
06.12.2023 14:47:43,0.007840612,0.7520634,-0.03351881,0.6581913,-3.482162,-7.560005,6.85614,-0.07204788,0.7495487,0.05262863,0.6559086,14.98608,-7.821663,7.267609
06.12.2023 14:47:43,0.007867682,0.7520791,-0.03348198,0.6581748,-3.481073,-7.562798,6.850952,-0.07174514,0.7497699,0.05319472,0.6556433,15.01151,-7.85611,7.20163
06.12.2023 14:47:43,0.007951193,0.7521009,-0.03349658,0.6581482,-3.488704,-7.566803,6.844727,-0.07145344,0.7498211,0.05364934,0.6555795,15.02872,-7.860649,7.142395
06.12.2023 14:47:43,0.007933077,0.7520761,-0.03333986,0.6581847,-3.473741,-7.562325,6.834564,-0.0710452,0.7498778,0.0541869,0.6555148,15.04428,-7.864189,7.066681
06.12.2023 14:47:43,0.007907013,0.7520461,-0.03343669,0.6582144,-3.480044,-7.557106,6.844299,-0.07107394,0.7498047,0.05421799,0.6555928,15.04938,-7.851898,7.065735
06.12.2023 14:47:43,0.007880218,0.7520802,-0.03343521,0.6581759,-3.477988,-7.562973,6.846313,-0.07168651,0.7497532,0.05354282,0.6556405,15.03729,-7.852806,7.169983
06.12.2023 14:47:43,0.007867102,0.7520955,-0.0332471,0.658168,-3.460806,-7.565483,6.83316,-0.0721541,0.7496769,0.05297221,0.6557227,15.02341,-7.846931,7.253143
06.12.2023 14:47:43,0.007830733,0.7521121,-0.03332388,0.6581457,-3.464731,-7.568321,6.84201,-0.07246275,0.7495489,0.05240671,0.6558805,14.99817,-7.829018,7.321045
06.12.2023 14:47:43,0.007733569,0.7521375,-0.0332776,0.65812,-3.453468,-7.572502,6.846771,-0.07248487,0.7494811,0.05236068,0.6559591,14.99609,-7.817429,7.325409
06.12.2023 14:47:43,0.007836746,0.752166,-0.03328233,0.658086,-3.46175,-7.577713,6.838074,-0.07237598,0.7494426,0.05244551,0.6560084,14.99536,-7.808769,7.308807
06.12.2023 14:47:43,0.007791577,0.7521533,-0.03318304,0.658106,-3.449733,-7.575333,6.834534,-0.07234102,0.7493753,0.05295186,0.6560484,15.03677,-7.797333,7.266541
06.12.2023 14:47:43,0.007749153,0.7521426,-0.03324985,0.6581155,-3.452265,-7.573402,6.843292,-0.07224723,0.7493253,0.05340761,0.6560789,15.06931,-7.787727,7.223145
06.12.2023 14:47:43,0.007705256,0.7520779,-0.03330043,0.6581874,-3.453131,-7.562057,6.851227,-0.072052,0.7493288,0.05395555,0.6560516,15.10196,-7.78582,7.164673
06.12.2023 14:47:43,0.007716647,0.7520906,-0.03327549,0.6581739,-3.451876,-7.564285,6.848297,-0.07200635,0.7493878,0.05422149,0.6559673,15.12134,-7.795914,7.14151
06.12.2023 14:47:43,0.007674816,0.752075,-0.03328984,0.6581916,-3.44991,-7.561462,6.853088,-0.07205234,0.7495409,0.0542627,0.655784,15.12787,-7.823807,7.144867
06.12.2023 14:47:43,0.007724346,0.752029,-0.03339896,0.658238,-3.462938,-7.55365,6.8573,-0.07186143,0.7496012,0.05429465,0.6557332,15.11606,-7.830933,7.126495
06.12.2023 14:47:43,0.007808338,0.752116,-0.0333582,0.6581397,-3.466012,-7.568977,6.846497,-0.07187332,0.7496686,0.05402771,0.655677,15.09363,-7.842438,7.148712
06.12.2023 14:47:43,0.007777188,0.7520626,-0.03339312,0.6581994,-3.466522,-7.559616,6.852112,-0.07199784,0.7497323,0.05378618,0.6556104,15.08188,-7.855469,7.178894
06.12.2023 14:47:43,0.007854191,0.7521192,-0.03339884,0.6581334,-3.472992,-7.569687,6.845612,-0.0722262,0.7496734,0.05337788,0.6556859,15.06396,-7.848534,7.228912
06.12.2023 14:47:43,0.007882266,0.7521563,-0.03336583,0.6580924,-3.472368,-7.57618,6.840485,-0.07252333,0.7497332,0.05291287,0.6556225,15.0459,-7.86367,7.291138
06.12.2023 14:47:43,0.00787925,0.7521546,-0.03328121,0.6580986,-3.464832,-7.575829,6.834381,-0.07266403,0.7497415,0.05270959,0.6556138,15.03888,-7.867371,7.319031
06.12.2023 14:47:43,0.007940949,0.7521325,-0.03330446,0.6581219,-3.471439,-7.572151,6.830933,-0.07260043,0.7497198,0.0529086,0.6556296,15.05139,-7.86277,7.298096
06.12.2023 14:47:43,0.008048066,0.7521937,-0.03320728,0.6580556,-3.471312,-7.583,6.813995,-0.07247639,0.7497487,0.0531104,0.6555939,15.05939,-7.865944,7.272369
06.12.2023 14:47:43,0.008074695,0.7521904,-0.03323295,0.6580578,-3.475529,-7.582504,6.81366,-0.07213213,0.7497338,0.05342549,0.6556234,15.06079,-7.857491,7.217957
06.12.2023 14:47:43,0.008121716,0.7521049,-0.03312278,0.6581605,-3.469339,-7.56765,6.801727,-0.07197694,0.7497278,0.05354883,0.6556372,15.05978,-7.853783,7.194824
06.12.2023 14:47:43,0.008122668,0.7521209,-0.03311827,0.6581424,-3.469066,-7.570427,6.801239,-0.0717969,0.7497029,0.05380069,0.6556648,15.06808,-7.846558,7.159576
06.12.2023 14:47:43,0.007983317,0.7521233,-0.03303386,0.6581456,-3.451261,-7.570457,6.806854,-0.07173204,0.7497029,0.05384299,0.6556684,15.06686,-7.845444,7.150635
06.12.2023 14:47:43,0.007787815,0.7521209,-0.03312006,0.6581464,-3.443924,-7.569611,6.830261,-0.07182728,0.749763,0.05370796,0.6556002,15.06216,-7.857529,7.170166
06.12.2023 14:47:43,0.007584628,0.7521675,-0.03329742,0.6580865,-3.444012,-7.577385,6.860962,-0.07191306,0.7497586,0.05375098,0.6555925,15.07236,-7.858437,7.174438
06.12.2023 14:47:43,0.007527485,0.7521548,-0.03363638,0.6580844,-3.468913,-7.575279,6.891571,-0.07211953,0.7497461,0.05357236,0.6555986,15.07251,-7.859756,7.205963
06.12.2023 14:47:43,0.007602615,0.752155,-0.03368849,0.6580808,-3.479086,-7.575508,6.889008,-0.07211402,0.7496672,0.05355868,0.6556906,15.07117,-7.845718,7.205292
06.12.2023 14:47:43,0.007739833,0.7521208,-0.03367339,0.658119,-3.488051,-7.56987,6.876221,-0.07210094,0.7496506,0.05355367,0.6557115,15.06979,-7.842529,7.204254
06.12.2023 14:47:43,0.007934458,0.752103,-0.03351537,0.658145,-3.489066,-7.567139,6.847565,-0.07226323,0.7495753,0.05323828,0.6558053,15.05499,-7.831665,7.24118
06.12.2023 14:47:43,0.008009742,0.7521072,-0.03338267,0.658146,-3.483314,-7.567963,6.831024,-0.07245669,0.7496021,0.05309459,0.6557651,15.05707,-7.839714,7.269531
06.12.2023 14:47:43,0.007999266,0.7521619,-0.03330289,0.6580877,-3.47579,-7.577415,6.825623,-0.0727615,0.749612,0.05290207,0.6557355,15.06332,-7.846817,7.311188
06.12.2023 14:47:43,0.007787202,0.7521461,-0.03305997,0.6581205,-3.438762,-7.573982,6.825653,-0.07290532,0.7496676,0.05299191,0.6556487,15.08176,-7.85952,7.318024
06.12.2023 14:47:43,0.007624495,0.7521483,-0.03294617,0.6581257,-3.416656,-7.573875,6.831055,-0.07286273,0.7496534,0.0531034,0.6556606,15.08826,-7.856461,7.305634
06.12.2023 14:47:43,0.00741149,0.7521146,-0.03278612,0.6581746,-3.38666,-7.567413,6.837524,-0.07249615,0.7496243,0.0535622,0.6556973,15.10043,-7.84536,7.23819
06.12.2023 14:47:43,0.007374124,0.7520593,-0.03261378,0.6582467,-3.368812,-7.557579,6.828003,-0.07219583,0.7496315,0.05400398,0.6556858,15.116,-7.841911,7.178467
06.12.2023 14:47:43,0.007293764,0.7520877,-0.03247876,0.6582219,-3.351169,-7.562248,6.824585,-0.07213906,0.7496053,0.05418572,0.6557071,15.12753,-7.836624,7.159332
06.12.2023 14:47:43,0.00704901,0.7520535,-0.0324216,0.6582664,-3.32765,-7.555702,6.841553,-0.07236808,0.7495681,0.05408463,0.6557328,15.1362,-7.834167,7.186646
06.12.2023 14:47:43,0.007021798,0.7520001,-0.03242728,0.6583275,-3.325935,-7.546341,6.844604,-0.07290047,0.7496456,0.05344529,0.6556377,15.12073,-7.856514,7.283112
06.12.2023 14:47:43,0.007028996,0.7519612,-0.03253008,0.6583669,-3.335239,-7.539642,6.851959,-0.07315826,0.7495267,0.05316104,0.6557679,15.11597,-7.83989,7.3255
06.12.2023 14:47:43,0.006908306,0.7520106,-0.03239627,0.6583183,-3.314714,-7.547897,6.85199,-0.07278612,0.7495661,0.0532053,0.6557606,15.09158,-7.839859,7.289825
06.12.2023 14:47:43,0.006908784,0.7519717,-0.03237642,0.6583636,-3.312928,-7.541122,6.850647,-0.07250735,0.7496246,0.0533662,0.6557117,15.08432,-7.845215,7.253937
06.12.2023 14:47:43,0.00682213,0.7520019,-0.03240127,0.6583288,-3.30861,-7.546204,6.859863,-0.07242043,0.7496725,0.0532897,0.6556727,15.07095,-7.851837,7.252747
06.12.2023 14:47:43,0.006897931,0.7520061,-0.03221599,0.6583322,-3.298363,-7.546997,6.839294,-0.07283012,0.7496884,0.05305106,0.6556286,15.08115,-7.861877,7.30722
06.12.2023 14:47:43,0.006832106,0.7520187,-0.0321493,0.6583219,-3.28767,-7.548988,6.839874,-0.07296888,0.7497053,0.05300419,0.6555974,15.08746,-7.867401,7.323303
06.12.2023 14:47:43,0.006742688,0.7520429,-0.03205016,0.6583,-3.272429,-7.55294,6.839966,-0.07293963,0.7497774,0.05330132,0.6554942,15.11075,-7.88018,7.299469
06.12.2023 14:47:43,0.006535567,0.7520306,-0.0320195,0.6583177,-3.254101,-7.550331,6.855591,-0.07254817,0.7496549,0.05394467,0.6556252,15.13736,-7.852547,7.214478
06.12.2023 14:47:43,0.00632954,0.7521548,-0.03200811,0.6581783,-3.237906,-7.571533,6.871887,-0.07233075,0.7496547,0.05433323,0.6556174,15.1546,-7.849236,7.165985
06.12.2023 14:47:43,0.006254148,0.7521404,-0.03195967,0.6581978,-3.22799,-7.568848,6.874786,-0.07239734,0.7496738,0.05441755,0.6555811,15.16687,-7.85405,7.165833
06.12.2023 14:47:43,0.006106541,0.7521982,-0.03190556,0.6581357,-3.212336,-7.578598,6.883148,-0.07262351,0.7495976,0.0543065,0.6556525,15.17456,-7.844658,7.193024
06.12.2023 14:47:43,0.006146649,0.7521924,-0.03189074,0.6581427,-3.21407,-7.577644,6.878601,-0.07279589,0.7495807,0.05387286,0.6556883,15.15005,-7.844032,7.240662
06.12.2023 14:47:43,0.006180795,0.7521758,-0.0318397,0.6581638,-3.212198,-7.574791,6.871887,-0.07306335,0.7495788,0.05341399,0.6556983,15.13052,-7.847801,7.298859
06.12.2023 14:47:43,0.006177622,0.7522245,-0.03179994,0.6581101,-3.208665,-7.583252,6.868927,-0.07320523,0.7496198,0.05297397,0.6556714,15.10297,-7.856773,7.345184
06.12.2023 14:47:43,0.006148278,0.7522237,-0.03180314,0.6581111,-3.206722,-7.583061,6.871704,-0.07307084,0.7496628,0.05296718,0.6556378,15.0921,-7.861771,7.334442
06.12.2023 14:47:43,0.006061174,0.7522739,-0.03181898,0.6580537,-3.201655,-7.591644,6.880157,-0.07274832,0.7496641,0.05336218,0.6556401,15.10199,-7.856712,7.276184
06.12.2023 14:47:43,0.006052624,0.7522286,-0.03197567,0.6580982,-3.214402,-7.583824,6.892944,-0.07263413,0.7496987,0.05364414,0.6555901,15.11768,-7.861259,7.245392
06.12.2023 14:47:43,0.005966745,0.7522624,-0.03191316,0.6580632,-3.202618,-7.589508,6.895477,-0.07257348,0.7496449,0.05418709,0.6556138,15.16028,-7.851784,7.198334
06.12.2023 14:47:43,0.00583342,0.7522953,-0.03191464,0.6580268,-3.192772,-7.594978,6.906921,-0.07255604,0.7496309,0.05442345,0.6556121,15.17947,-7.849503,7.178772
06.12.2023 14:47:43,0.005863292,0.7523283,-0.03196657,0.6579862,-3.199606,-7.60083,6.908112,-0.07255771,0.7495924,0.05452529,0.6556475,15.18854,-7.842964,7.170654
06.12.2023 14:47:43,0.0058838,0.7523816,-0.03204658,0.6579213,-3.208216,-7.610191,6.91214,-0.07290761,0.7496045,0.05398216,0.6556399,15.16788,-7.850563,7.242706
06.12.2023 14:47:44,0.005919279,0.7523335,-0.03207827,0.6579744,-3.21349,-7.601906,6.911713,-0.07309993,0.7495725,0.05377728,0.6556718,15.16473,-7.848152,7.274658
06.12.2023 14:47:44,0.005931808,0.7523749,-0.03212763,0.6579245,-3.218817,-7.609184,6.914154,-0.0731234,0.7494917,0.05353562,0.6557813,15.14587,-7.833862,7.293671
06.12.2023 14:47:44,0.006010455,0.7523438,-0.03221326,0.6579552,-3.232056,-7.603973,6.913971,-0.07302026,0.7494348,0.0536446,0.655849,15.14774,-7.822113,7.275452
06.12.2023 14:47:44,0.005955508,0.7523853,-0.03225933,0.6579061,-3.232005,-7.611115,6.921997,-0.07293345,0.749362,0.05380651,0.6559286,15.15546,-7.807991,7.254425
06.12.2023 14:47:44,0.006045942,0.7523599,-0.03225593,0.6579344,-3.238466,-7.606873,6.914063,-0.07295919,0.7492491,0.05386975,0.6560494,15.16324,-7.78875,7.250183
06.12.2023 14:47:44,0.006117333,0.7523153,-0.03238672,0.6579784,-3.255016,-7.599319,6.917999,-0.07311375,0.7492655,0.05384964,0.6560152,15.1731,-7.794525,7.265625
06.12.2023 14:47:44,0.006116904,0.7523879,-0.03238039,0.6578956,-3.254649,-7.611977,6.917206,-0.07336713,0.7492785,0.05367064,0.6559867,15.1767,-7.801262,7.301758
06.12.2023 14:47:44,0.006080471,0.7523566,-0.03243337,0.6579292,-3.25638,-7.606476,6.9245,-0.0734589,0.7493268,0.05356567,0.6559297,15.17435,-7.81131,7.318542
06.12.2023 14:47:44,0.006113619,0.7524167,-0.03238171,0.6578626,-3.254598,-7.616982,6.91745,-0.07319234,0.7492735,0.05375266,0.6560052,15.17062,-7.797226,7.280029
06.12.2023 14:47:44,0.00604606,0.7524061,-0.03234565,0.6578771,-3.246354,-7.614983,6.920593,-0.07301764,0.7492983,0.05407693,0.6559697,15.18542,-7.798943,7.240509
06.12.2023 14:47:44,0.006092422,0.7523902,-0.03226181,0.657899,-3.242571,-7.612259,6.910339,-0.07287207,0.7493507,0.05422746,0.6559137,15.18729,-7.805725,7.217102
06.12.2023 14:47:44,0.006052495,0.7524055,-0.03231248,0.6578794,-3.243974,-7.614868,6.917542,-0.0728306,0.7493905,0.05433668,0.6558637,15.19348,-7.81218,7.205841
06.12.2023 14:47:44,0.006091976,0.7523894,-0.03230972,0.6578976,-3.246671,-7.612144,6.914001,-0.07299918,0.7493928,0.0539314,0.6558758,15.17111,-7.814926,7.251312
06.12.2023 14:47:44,0.006115341,0.7523462,-0.03236778,0.657944,-3.253321,-7.604691,6.916595,-0.0730681,0.7494413,0.05373954,0.6558284,15.15955,-7.824371,7.272644
06.12.2023 14:47:44,0.006116103,0.7523769,-0.03227919,0.6579131,-3.24582,-7.609985,6.909668,-0.07319707,0.7494851,0.05332391,0.655798,15.13312,-7.833633,7.31601
06.12.2023 14:47:44,0.006294906,0.7523517,-0.03229947,0.6579393,-3.261,-7.605972,6.895905,-0.07302643,0.7495177,0.0532451,0.6557861,15.11334,-7.835976,7.307343
06.12.2023 14:47:44,0.006383657,0.7523744,-0.03220674,0.657917,-3.259762,-7.610046,6.881134,-0.07295237,0.7495539,0.05329076,0.6557493,15.11157,-7.841026,7.297913
06.12.2023 14:47:44,0.006411997,0.7523634,-0.0321985,0.6579298,-3.261159,-7.608177,6.878113,-0.07296111,0.7496392,0.05335398,0.6556455,15.1174,-7.856369,7.295258
06.12.2023 14:47:44,0.006401483,0.7523125,-0.0323098,0.6579825,-3.269826,-7.599365,6.887695,-0.07304771,0.74974,0.05343579,0.6555141,15.13065,-7.875923,7.29834
06.12.2023 14:47:44,0.006597642,0.7523041,-0.03231161,0.6579902,-3.284772,-7.598305,6.870941,-0.0729285,0.7497355,0.05371668,0.6555095,15.146,-7.873466,7.266571
06.12.2023 14:47:44,0.006658859,0.7522588,-0.03234729,0.6580396,-3.292346,-7.590561,6.868591,-0.07265379,0.7497599,0.05384799,0.6555013,15.1366,-7.872833,7.232758
06.12.2023 14:47:44,0.006913349,0.7522412,-0.03240326,0.6580543,-3.316347,-7.588089,6.850922,-0.07246082,0.7497184,0.0539758,0.6555596,15.13324,-7.862152,7.205414
06.12.2023 14:47:44,0.006911747,0.7521815,-0.03236658,0.6581242,-3.312893,-7.577675,6.848602,-0.07225445,0.7496957,0.05411282,0.6555972,15.12964,-7.854546,7.176453
06.12.2023 14:47:44,0.006857389,0.7521984,-0.03249865,0.6580991,-3.320232,-7.580574,6.86319,-0.07233202,0.7496687,0.05400045,0.6556287,15.12585,-7.851021,7.191376
06.12.2023 14:47:44,0.006726968,0.7521768,-0.03277219,0.6581116,-3.333926,-7.576698,6.895203,-0.072671,0.7496513,0.0537569,0.655631,15.13037,-7.853851,7.239441
06.12.2023 14:47:44,0.006640216,0.7521899,-0.03315153,0.6580785,-3.36015,-7.579071,6.931305,-0.07295292,0.7497107,0.05350764,0.6555523,15.12985,-7.869102,7.284088
06.12.2023 14:47:44,0.006590284,0.7522296,-0.03351419,0.6580153,-3.387796,-7.586113,6.962799,-0.07322896,0.7497004,0.05334208,0.6555467,15.13635,-7.872215,7.320831
06.12.2023 14:47:44,0.006763144,0.75227,-0.03357112,0.6579643,-3.405886,-7.593575,6.951996,-0.07314562,0.7497735,0.05337622,0.6554697,15.13275,-7.883568,7.312012
06.12.2023 14:47:44,0.006983181,0.7522396,-0.03356407,0.6579971,-3.421805,-7.58876,6.932617,-0.07278999,0.7499291,0.05368945,0.6553056,15.13254,-7.904892,7.259399
06.12.2023 14:47:44,0.007168508,0.7522879,-0.03354454,0.657941,-3.434257,-7.597572,6.914886,-0.0726843,0.7500069,0.05376932,0.6552217,15.13123,-7.916763,7.245239
06.12.2023 14:47:44,0.007425016,0.7524099,-0.0332651,0.6578128,-3.429856,-7.619225,6.871002,-0.07289456,0.7499909,0.05386204,0.6552091,15.15515,-7.918129,7.256622
06.12.2023 14:47:44,0.007551265,0.7524346,-0.03316719,0.6577882,-3.431004,-7.623749,6.8526,-0.0731216,0.7499605,0.05387436,0.6552175,15.17343,-7.917145,7.27536
06.12.2023 14:47:44,0.007549736,0.7524422,-0.03317374,0.657779,-3.431476,-7.625092,6.85318,-0.0731012,0.7497371,0.05391769,0.6554719,15.17642,-7.87748,7.266785
06.12.2023 14:47:44,0.007429888,0.7525265,-0.03322544,0.6576813,-3.427131,-7.639542,6.867004,-0.07307279,0.7496148,0.05401604,0.6556069,15.18323,-7.855598,7.254944
06.12.2023 14:47:44,0.007366691,0.7524263,-0.03317595,0.6577993,-3.417801,-7.62188,6.869232,-0.07308773,0.7495518,0.05398766,0.6556795,15.1821,-7.844734,7.257416
06.12.2023 14:47:44,0.007313002,0.752463,-0.03324178,0.6577545,-3.419536,-7.628204,6.878662,-0.0730107,0.7496068,0.05403823,0.6556211,15.18048,-7.853058,7.24765
06.12.2023 14:47:44,0.007238066,0.7524188,-0.03310145,0.657813,-3.401637,-7.620239,6.874756,-0.07286493,0.7496187,0.054079,0.6556203,15.17297,-7.85247,7.231873
06.12.2023 14:47:44,0.007290415,0.7523339,-0.03317218,0.657906,-3.411454,-7.605598,6.876007,-0.07305684,0.7497585,0.05390151,0.6554537,15.1716,-7.880356,7.264404
06.12.2023 14:47:44,0.007189904,0.7522456,-0.03310661,0.6580113,-3.397951,-7.589951,6.880188,-0.07315083,0.7497645,0.05395541,0.6554319,15.18335,-7.883324,7.268768
06.12.2023 14:47:44,0.007288321,0.7522354,-0.0332251,0.658016,-3.415583,-7.58847,6.880707,-0.07290111,0.7497815,0.05413979,0.6554251,15.18042,-7.881966,7.233032
06.12.2023 14:47:44,0.007269749,0.7521861,-0.03324566,0.6580714,-3.415813,-7.579865,6.884125,-0.07279962,0.7497881,0.05424166,0.6554204,15.18158,-7.881424,7.216492
06.12.2023 14:47:44,0.007248437,0.7521416,-0.03323413,0.6581231,-3.413081,-7.572044,6.885315,-0.07290167,0.7497629,0.05412811,0.6554474,15.1795,-7.878662,7.233673
06.12.2023 14:47:44,0.007304395,0.7521766,-0.03318467,0.6580849,-3.41314,-7.578239,6.876556,-0.07312108,0.7497334,0.05380882,0.6554828,15.16852,-7.876976,7.276672
06.12.2023 14:47:44,0.007384319,0.7521664,-0.03310888,0.6580995,-3.412606,-7.576599,6.863983,-0.07333217,0.7496634,0.05356839,0.6555591,15.16385,-7.868134,7.312378
06.12.2023 14:47:44,0.007362013,0.7521616,-0.03298506,0.6581115,-3.400222,-7.575623,6.856598,-0.07349977,0.7496203,0.05338108,0.6556049,15.1604,-7.863358,7.340637
06.12.2023 14:47:44,0.007304661,0.7521564,-0.03279723,0.6581274,-3.379666,-7.574463,6.847382,-0.07336631,0.7495502,0.05359434,0.6556826,15.16907,-7.848915,7.311676
06.12.2023 14:47:44,0.007200868,0.7521461,-0.03284712,0.6581379,-3.376101,-7.572456,6.860138,-0.07296783,0.7494376,0.05406505,0.655817,15.18015,-7.82251,7.239197
06.12.2023 14:47:44,0.006995135,0.7521687,-0.03289038,0.6581122,-3.364358,-7.575951,6.881042,-0.07269235,0.7493533,0.05438199,0.6559178,15.1871,-7.803108,7.189606
06.12.2023 14:47:44,0.007015528,0.7521884,-0.03283149,0.6580923,-3.360873,-7.579407,6.874756,-0.07275749,0.7493797,0.05420997,0.6558946,15.17703,-7.808624,7.20874
06.12.2023 14:47:44,0.006983375,0.7522238,-0.03287629,0.65805,-3.362411,-7.585533,6.880707,-0.07312113,0.7494697,0.05384221,0.6557816,15.1723,-7.830597,7.27005
06.12.2023 14:47:44,0.007005467,0.7522466,-0.03284499,0.6580253,-3.361444,-7.589531,6.876343,-0.07333197,0.7494652,0.05352562,0.6557892,15.16083,-7.833145,7.312469
06.12.2023 14:47:44,0.007057196,0.7522128,-0.03267981,0.6580716,-3.350998,-7.583633,6.859558,-0.0732673,0.7495142,0.05356274,0.6557373,15.159,-7.840622,7.304718
06.12.2023 14:47:44,0.00709051,0.7522969,-0.03266112,0.6579759,-3.352139,-7.598373,6.854858,-0.07322459,0.7495589,0.05378531,0.6556727,15.17487,-7.848167,7.284882
06.12.2023 14:47:44,0.007094163,0.7523047,-0.03259239,0.6579705,-3.346504,-7.599678,6.849304,-0.07326161,0.749552,0.05395185,0.6556628,15.19211,-7.848007,7.275513
06.12.2023 14:47:44,0.00705559,0.7522978,-0.0325403,0.6579813,-3.339076,-7.598366,6.848724,-0.07329878,0.7495821,0.05410112,0.6556121,15.20773,-7.854324,7.268036
06.12.2023 14:47:44,0.007069331,0.7523032,-0.03262065,0.657971,-3.347064,-7.599396,6.853577,-0.07349175,0.7496521,0.05409606,0.6555107,15.22159,-7.870354,7.286621
06.12.2023 14:47:44,0.007010992,0.7523265,-0.03266291,0.6579429,-3.346372,-7.60334,6.861694,-0.07354471,0.7497253,0.05420113,0.6554124,15.23444,-7.884491,7.284576
06.12.2023 14:47:44,0.006939635,0.7523249,-0.03265523,0.6579459,-3.340316,-7.602898,6.867279,-0.0735114,0.749774,0.05419355,0.6553611,15.23111,-7.89241,7.282959
06.12.2023 14:47:44,0.00693199,0.7523691,-0.0326372,0.6578962,-3.338308,-7.61058,6.866364,-0.0734646,0.7498641,0.05422617,0.6552606,15.23007,-7.907448,7.277771
06.12.2023 14:47:44,0.006950473,0.7523706,-0.0325796,0.6578972,-3.334736,-7.610832,6.860413,-0.07349572,0.7499158,0.05424295,0.6551964,15.2337,-7.917221,7.28009
06.12.2023 14:47:44,0.007012343,0.7523263,-0.03267329,0.6579427,-3.347369,-7.603317,6.862366,-0.07356451,0.7499486,0.05421838,0.6551533,15.23663,-7.924248,7.288544
06.12.2023 14:47:44,0.006983863,0.7523751,-0.03262468,0.6578896,-3.341161,-7.611717,6.860901,-0.07362708,0.7499772,0.05418337,0.6551164,15.23822,-7.930412,7.29718
06.12.2023 14:47:44,0.00700528,0.7523558,-0.03267282,0.657909,-3.346879,-7.608429,6.862793,-0.07369861,0.7500536,0.05420621,0.655019,15.24533,-7.945305,7.303009
06.12.2023 14:47:44,0.006988212,0.7524208,-0.03279134,0.6578289,-3.356006,-7.61982,6.872864,-0.07366401,0.7501257,0.05435153,0.6549283,15.25504,-7.957672,7.290161
06.12.2023 14:47:44,0.006998893,0.7524062,-0.03288179,0.657841,-3.364579,-7.617355,6.878876,-0.07355215,0.7501447,0.0544544,0.6549106,15.25546,-7.959084,7.272797
06.12.2023 14:47:44,0.006973075,0.7524678,-0.03294963,0.6577675,-3.368663,-7.628067,6.885895,-0.07353017,0.7501609,0.05451391,0.6548895,15.25891,-7.961662,7.266632
06.12.2023 14:47:44,0.007067862,0.7524537,-0.03299476,0.6577803,-3.379675,-7.625862,6.881195,-0.07359308,0.7502196,0.05450276,0.654816,15.26248,-7.973206,7.273987
06.12.2023 14:47:44,0.007064806,0.7524568,-0.0330203,0.6577755,-3.381658,-7.626419,6.883362,-0.07363442,0.7501772,0.05461903,0.6548504,15.27582,-7.966774,7.26825
06.12.2023 14:47:44,0.007160221,0.7524389,-0.03304168,0.6577939,-3.390657,-7.62352,6.876862,-0.07356402,0.7502236,0.0546046,0.6548063,15.2691,-7.973572,7.263824
06.12.2023 14:47:44,0.007145708,0.7525255,-0.03312062,0.6576909,-3.396624,-7.638649,6.883606,-0.07361209,0.7502356,0.05455312,0.6547915,15.26822,-7.976486,7.272156
06.12.2023 14:47:44,0.007226889,0.752477,-0.03325238,0.6577389,-3.41399,-7.630463,6.88681,-0.07362014,0.7502191,0.05444928,0.6548181,15.25989,-7.973511,7.280396
06.12.2023 14:47:44,0.0073159,0.7524862,-0.03332243,0.6577238,-3.426785,-7.632324,6.884369,-0.07371776,0.7502172,0.05422958,0.6548275,15.2482,-7.974571,7.305542
06.12.2023 14:47:44,0.007393493,0.7524765,-0.03332794,0.6577338,-3.433091,-7.630806,6.878143,-0.07374194,0.7501462,0.0541671,0.6549114,15.24487,-7.962364,7.311249
06.12.2023 14:47:44,0.007423846,0.7524998,-0.03337417,0.6577044,-3.43944,-7.634979,6.878876,-0.07357693,0.7500933,0.0541945,0.6549882,15.23499,-7.949944,7.293732
06.12.2023 14:47:44,0.007470459,0.7524269,-0.03340343,0.6577858,-3.445277,-7.622391,6.877441,-0.07356085,0.750061,0.05421544,0.6550252,15.23572,-7.943993,7.290222
06.12.2023 14:47:44,0.007637197,0.7524815,-0.03333833,0.6577247,-3.452401,-7.632271,6.857849,-0.0736622,0.7500498,0.05396218,0.6550476,15.22144,-7.943405,7.318085
06.12.2023 14:47:44,0.007683172,0.7524863,-0.03335356,0.6577179,-3.4572,-7.633224,6.855011,-0.0738156,0.7500191,0.0538864,0.6550717,15.22653,-7.940765,7.336884
06.12.2023 14:47:44,0.007767219,0.7524292,-0.03342179,0.6577788,-3.469276,-7.62352,6.85321,-0.07357641,0.7499593,0.05415818,0.6551446,15.23227,-7.926239,7.294312
06.12.2023 14:47:44,0.007790973,0.7524095,-0.03339374,0.6578025,-3.468592,-7.620117,6.849152,-0.07315125,0.7499115,0.05463595,0.6552074,15.24179,-7.910698,7.21994
06.12.2023 14:47:44,0.007971087,0.7523661,-0.03344141,0.6578475,-3.486186,-7.613029,6.837433,-0.07299426,0.7498857,0.05482773,0.6552383,15.24667,-7.903587,7.191193
06.12.2023 14:47:44,0.00801974,0.7522757,-0.03350093,0.6579473,-3.494745,-7.597435,6.838196,-0.07319836,0.7498438,0.05453334,0.6552881,15.23669,-7.899452,7.230743
06.12.2023 14:47:44,0.008130054,0.7522487,-0.0334384,0.65798,-3.497605,-7.592957,6.824097,-0.0732223,0.7498336,0.05438403,0.6553094,15.22562,-7.897789,7.243958
06.12.2023 14:47:44,0.008105686,0.7522113,-0.03348246,0.6580207,-3.499464,-7.586418,6.829742,-0.07333083,0.7498231,0.05403464,0.6553382,15.20355,-7.89727,7.279694
06.12.2023 14:47:44,0.008020134,0.7522361,-0.03359154,0.657988,-3.502486,-7.590599,6.845215,-0.07332414,0.7499116,0.05396622,0.6552434,15.19681,-7.912575,7.285614
06.12.2023 14:47:44,0.007765908,0.7522523,-0.03387133,0.6579581,-3.507481,-7.592995,6.888214,-0.0733045,0.749984,0.05395505,0.6551637,15.19412,-7.924919,7.285858
06.12.2023 14:47:44,0.00766268,0.7522268,-0.03424184,0.6579694,-3.531591,-7.588554,6.925262,-0.07333677,0.7501056,0.0539402,0.655022,15.19482,-7.946953,7.291748
06.12.2023 14:47:44,0.007627323,0.7522732,-0.03442268,0.6579073,-3.544667,-7.596687,6.941711,-0.07332717,0.750192,0.05409523,0.6549113,15.20724,-7.962341,7.280609
06.12.2023 14:47:44,0.007789456,0.7522737,-0.03447298,0.6579022,-3.561256,-7.597198,6.931519,-0.07312712,0.7502007,0.05428769,0.6549078,15.20883,-7.960472,7.248535
06.12.2023 14:47:44,0.007954023,0.7523798,-0.03430763,0.6577875,-3.559719,-7.615982,6.904266,-0.07293937,0.7503083,0.05438106,0.6547977,15.20242,-7.976059,7.226563
06.12.2023 14:47:44,0.008188255,0.7524528,-0.03423974,0.6577047,-3.571753,-7.62925,6.87851,-0.07290632,0.7504081,0.05438832,0.6546865,15.20023,-7.99305,7.22467
06.12.2023 14:47:45,0.008453096,0.7524825,-0.03401252,0.6576792,-3.572213,-7.634933,6.838318,-0.07288479,0.7504583,0.05439412,0.6546308,15.19891,-8.001511,7.223114
06.12.2023 14:47:45,0.00843292,0.7525878,-0.03396732,0.6575612,-3.567082,-7.653214,6.83609,-0.07323865,0.7504511,0.05409666,0.6546242,15.1998,-8.00634,7.276733
06.12.2023 14:47:45,0.008422832,0.7526229,-0.0339502,0.6575221,-3.564939,-7.659302,6.83548,-0.07351234,0.750411,0.05408015,0.6546408,15.21912,-8.004478,7.301605
06.12.2023 14:47:45,0.008363513,0.7525855,-0.03396361,0.6575649,-3.561515,-7.652634,6.841797,-0.07379737,0.7503737,0.05406651,0.6546528,15.2395,-8.003342,7.327332
06.12.2023 14:47:45,0.008323018,0.7525772,-0.03391898,0.6575772,-3.554581,-7.651062,6.84198,-0.07375412,0.7503202,0.05418387,0.6547092,15.24661,-7.993332,7.313843
06.12.2023 14:47:45,0.008210919,0.7525596,-0.03391935,0.6575988,-3.546102,-7.647697,6.851776,-0.07369135,0.7503893,0.05442422,0.6546171,15.26248,-8.004852,7.29129
06.12.2023 14:47:45,0.008257522,0.7525381,-0.03391052,0.6576232,-3.548797,-7.644073,6.847198,-0.07367802,0.750403,0.05447423,0.6545987,15.26578,-8.007133,7.28656
06.12.2023 14:47:45,0.008239917,0.7525147,-0.03399488,0.6576459,-3.554686,-7.639992,6.855225,-0.0738182,0.750494,0.05437273,0.654487,15.26721,-8.02565,7.308075
06.12.2023 14:47:45,0.008362962,0.7524318,-0.0340629,0.6577356,-3.569616,-7.625908,6.850189,-0.0739703,0.7504829,0.05433233,0.654486,15.27518,-8.026527,7.324432
06.12.2023 14:47:45,0.008327593,0.7523499,-0.03408161,0.6578289,-3.56833,-7.611542,6.855103,-0.07390561,0.7503746,0.05450398,0.6546032,15.28558,-8.006554,7.304077
06.12.2023 14:47:45,0.008366685,0.7522896,-0.03414656,0.657894,-3.576719,-7.601181,6.856964,-0.07359374,0.7503268,0.05472079,0.6546751,15.28107,-7.992592,7.259369
06.12.2023 14:47:45,0.008415783,0.7522666,-0.03411343,0.6579213,-3.577503,-7.597275,6.850342,-0.0734402,0.750258,0.05480215,0.6547642,15.27679,-7.977707,7.238525
06.12.2023 14:47:45,0.008530947,0.7522509,-0.03420215,0.6579332,-3.593815,-7.59491,6.847198,-0.0736022,0.7503508,0.0545746,0.6546588,15.26895,-7.996666,7.271484
06.12.2023 14:47:45,0.008625343,0.752265,-0.03416248,0.6579179,-3.597559,-7.59758,6.835968,-0.07394971,0.750431,0.05429992,0.6545505,15.271,-8.016914,7.324219
06.12.2023 14:47:45,0.008698088,0.7522214,-0.03402933,0.6579737,-3.591439,-7.590073,6.819885,-0.0741218,0.7504739,0.05418664,0.6544912,15.27399,-8.02755,7.348663
06.12.2023 14:47:45,0.008591814,0.752197,-0.03410356,0.6579992,-3.589752,-7.585602,6.834778,-0.0740968,0.7503837,0.05445022,0.6545756,15.29529,-8.011742,7.325226
06.12.2023 14:47:45,0.008529885,0.7522371,-0.0340948,0.6579546,-3.58443,-7.592422,6.839264,-0.07392967,0.7503204,0.05482115,0.654636,15.31506,-7.998169,7.281525
06.12.2023 14:47:45,0.008491271,0.7522514,-0.03413568,0.6579366,-3.585082,-7.594841,6.845581,-0.07376383,0.7501572,0.05499068,0.6548275,15.31784,-7.96656,7.251465
06.12.2023 14:47:45,0.008511703,0.752268,-0.03418678,0.6579148,-3.591083,-7.597809,6.847595,-0.0739862,0.7501945,0.05455824,0.6547959,15.29697,-7.976463,7.304291
06.12.2023 14:47:45,0.008544727,0.7523131,-0.03426149,0.6578588,-3.600153,-7.60582,6.850159,-0.0740744,0.7502025,0.0542319,0.654804,15.2753,-7.978851,7.336761
06.12.2023 14:47:45,0.008649012,0.7523018,-0.03414417,0.6578766,-3.597869,-7.604034,6.832336,-0.07400299,0.7502416,0.05398837,0.6547874,15.24869,-7.983833,7.349365
06.12.2023 14:47:45,0.008677188,0.7523128,-0.03416033,0.6578627,-3.601422,-7.606049,6.831085,-0.07368181,0.7502839,0.05412142,0.6547641,15.2359,-7.985405,7.311523
06.12.2023 14:47:45,0.008683843,0.7523196,-0.03399212,0.6578636,-3.587423,-7.607124,6.817749,-0.07347345,0.7503124,0.05436774,0.6547344,15.24146,-7.986977,7.274994
06.12.2023 14:47:45,0.008655746,0.7523389,-0.03402756,0.65784,-3.588414,-7.610443,6.822754,-0.07314321,0.7503038,0.05474072,0.6547502,15.24893,-7.979942,7.217529
06.12.2023 14:47:45,0.008661512,0.752343,-0.03408488,0.6578323,-3.59381,-7.611221,6.826569,-0.07309613,0.7503865,0.05494124,0.6546438,15.26251,-7.99408,7.199585
06.12.2023 14:47:45,0.008499518,0.7523712,-0.03406348,0.6578032,-3.579808,-7.615692,6.838776,-0.07324453,0.7503296,0.05477998,0.654706,15.25989,-7.986526,7.223969
06.12.2023 14:47:45,0.008518979,0.7523967,-0.03406679,0.6577736,-3.581634,-7.620193,6.837219,-0.07345959,0.7504119,0.0545438,0.6546072,15.25531,-8.004646,7.262115
06.12.2023 14:47:45,0.008433416,0.7523288,-0.03402475,0.6578546,-3.571354,-7.608101,6.841797,-0.07357759,0.7504498,0.05432186,0.654569,15.24484,-8.013107,7.289856
06.12.2023 14:47:45,0.008444251,0.7523108,-0.0340675,0.6578729,-3.575812,-7.605019,6.844177,-0.07358741,0.7504433,0.05412481,0.6545917,15.22852,-8.011711,7.30542
06.12.2023 14:47:45,0.008408062,0.752302,-0.03404307,0.6578846,-3.570945,-7.603378,6.84549,-0.07332985,0.7504487,0.05428517,0.6546012,15.22302,-8.008072,7.270599
06.12.2023 14:47:45,0.008455178,0.7522993,-0.03401135,0.6578886,-3.571759,-7.603012,6.83905,-0.07328788,0.750402,0.05425275,0.6546621,15.21722,-7.998962,7.268585
06.12.2023 14:47:45,0.008408486,0.7522644,-0.03406096,0.6579266,-3.572416,-7.596848,6.847015,-0.0733711,0.7503982,0.05413828,0.6546666,15.21356,-7.999634,7.284515
06.12.2023 14:47:45,0.008432179,0.7523254,-0.03398976,0.6578603,-3.56823,-7.607468,6.839264,-0.07365055,0.7503088,0.05388164,0.6547589,15.21268,-7.98867,7.327179
06.12.2023 14:47:45,0.008364442,0.7523412,-0.03403774,0.6578405,-3.567301,-7.6101,6.848663,-0.07379143,0.7502669,0.05388453,0.6547908,15.22369,-7.983994,7.338806
06.12.2023 14:47:45,0.008426289,0.7523564,-0.03412937,0.6578177,-3.579925,-7.612976,6.850159,-0.07374838,0.750267,0.05410795,0.654777,15.23981,-7.983681,7.318176
06.12.2023 14:47:45,0.008484568,0.7523596,-0.03409297,0.6578151,-3.581192,-7.613655,6.842346,-0.07361464,0.750299,0.05450842,0.6547222,15.26431,-7.987633,7.276733
06.12.2023 14:47:45,0.008466817,0.7523541,-0.03417214,0.6578176,-3.58667,-7.612701,6.849884,-0.07342366,0.7503447,0.05487469,0.6546608,15.28152,-7.992821,7.233002
06.12.2023 14:47:45,0.008537011,0.7523605,-0.03413002,0.6578116,-3.588353,-7.61396,6.840637,-0.073313,0.7503355,0.0552274,0.654654,15.3038,-7.989853,7.196533
06.12.2023 14:47:45,0.008626556,0.7523707,-0.03417877,0.6577963,-3.599352,-7.616005,6.836517,-0.07344723,0.7503543,0.05507067,0.6546305,15.30026,-7.995422,7.22052
06.12.2023 14:47:45,0.008751717,0.7524218,-0.0342431,0.6577327,-3.6145,-7.625305,6.830292,-0.07363995,0.7503733,0.05487643,0.6546035,15.29785,-8.002037,7.252502
06.12.2023 14:47:45,0.00876862,0.7523786,-0.03427427,0.6577802,-3.618348,-7.617851,6.831421,-0.07368692,0.7504053,0.05450992,0.6545922,15.26953,-8.007759,7.284698
06.12.2023 14:47:45,0.008886678,0.7523797,-0.03437343,0.6577722,-3.635826,-7.618431,6.828705,-0.07361396,0.7504062,0.05431336,0.6546157,15.24698,-8.006088,7.29303
06.12.2023 14:47:45,0.008931566,0.7523382,-0.03438539,0.6578184,-3.640133,-7.611328,6.825958,-0.07351329,0.750502,0.05414472,0.6545311,15.22446,-8.020691,7.298279
06.12.2023 14:47:45,0.009008577,0.7523323,-0.03451169,0.6578176,-3.656837,-7.610588,6.828888,-0.07356071,0.750589,0.05415848,0.6544249,15.22891,-8.036972,7.302826
06.12.2023 14:47:45,0.009077116,0.752333,-0.03455371,0.6578137,-3.665642,-7.610931,6.826141,-0.07353595,0.7506839,0.05421688,0.654314,15.23178,-8.053368,7.297729
06.12.2023 14:47:45,0.009137066,0.7523221,-0.0345639,0.6578247,-3.671019,-7.609215,6.821808,-0.07342751,0.7507338,0.05429732,0.6542621,15.23044,-8.06028,7.282867
06.12.2023 14:47:45,0.00918784,0.7522882,-0.03447383,0.6578675,-3.666985,-7.603378,6.810822,-0.07321258,0.750699,0.05447908,0.6543111,15.23013,-8.05043,7.249603
06.12.2023 14:47:45,0.009226047,0.752274,-0.03449717,0.657882,-3.671846,-7.601021,6.809357,-0.07303564,0.7506058,0.05466554,0.6544222,15.23331,-8.030998,7.218414
06.12.2023 14:47:45,0.009241746,0.7521767,-0.03450668,0.6579925,-3.673585,-7.584114,6.809265,-0.0730822,0.7505955,0.05462711,0.6544321,15.23352,-8.029984,7.225281
06.12.2023 14:47:45,0.00923652,0.7521842,-0.03459441,0.6579794,-3.680784,-7.585472,6.816284,-0.073326,0.7505532,0.0542782,0.6544823,15.22177,-8.026428,7.27243
06.12.2023 14:47:45,0.009349238,0.7520596,-0.03452817,0.6581236,-3.68324,-7.564026,6.802246,-0.07347773,0.7505578,0.05399405,0.6544836,15.20853,-8.029503,7.307312
06.12.2023 14:47:45,0.009414382,0.7520372,-0.03442113,0.658154,-3.678863,-7.560226,6.788666,-0.07341708,0.7505262,0.05385235,0.6545382,15.1918,-8.022469,7.312103
06.12.2023 14:47:45,0.009465725,0.7519757,-0.03453445,0.6582175,-3.692355,-7.549736,6.793152,-0.07322837,0.7505245,0.05387414,0.6545596,15.17947,-8.018608,7.293701
06.12.2023 14:47:45,0.009398093,0.7519639,-0.03441035,0.6582385,-3.676503,-7.547394,6.789673,-0.0730224,0.7505193,0.05415734,0.6545652,15.18854,-8.014374,7.254059
06.12.2023 14:47:45,0.009233488,0.7519795,-0.03451978,0.6582173,-3.673549,-7.549736,6.812073,-0.07294796,0.7504414,0.05423174,0.6546566,15.18967,-7.999374,7.240631
06.12.2023 14:47:45,0.00910244,0.7519423,-0.03484566,0.6582446,-3.691663,-7.543121,6.848206,-0.07303397,0.7504016,0.05428303,0.6546885,15.20071,-7.994095,7.243774
06.12.2023 14:47:45,0.008962257,0.7519614,-0.03505103,0.6582137,-3.698845,-7.546219,6.875732,-0.07312116,0.7503273,0.05414468,0.6547752,15.19556,-7.982376,7.260742
06.12.2023 14:47:45,0.008930884,0.7519424,-0.03518855,0.6582285,-3.708287,-7.542931,6.888947,-0.07323608,0.7503192,0.05397239,0.6547859,15.1893,-7.98275,7.283752
06.12.2023 14:47:45,0.009010782,0.7519316,-0.03515024,0.6582417,-3.710989,-7.541245,6.879211,-0.07312989,0.7502635,0.05383272,0.6548732,15.1694,-7.970589,7.283966
06.12.2023 14:47:45,0.009277146,0.7520012,-0.0350536,0.6581636,-3.722976,-7.554039,6.848511,-0.0728553,0.7502462,0.05378371,0.6549276,15.14453,-7.962212,7.263031
06.12.2023 14:47:45,0.009404382,0.7520566,-0.03480139,0.6581119,-3.710977,-7.563858,6.818176,-0.07280505,0.7502164,0.05370267,0.654974,15.13385,-7.955818,7.264221
06.12.2023 14:47:45,0.009430708,0.7520564,-0.03463698,0.6581206,-3.698777,-7.563759,6.803467,-0.07274952,0.750151,0.0538029,0.6550468,15.13855,-7.943466,7.250732
06.12.2023 14:47:45,0.009475222,0.75209,-0.03461394,0.6580826,-3.700244,-7.569748,6.797699,-0.07265024,0.7501009,0.05403278,0.6550963,15.15115,-7.933243,7.223877
06.12.2023 14:47:45,0.009368354,0.7521615,-0.0345125,0.6580077,-3.683611,-7.581825,6.798859,-0.07254353,0.7500482,0.05419192,0.6551552,15.1571,-7.922295,7.20163
06.12.2023 14:47:45,0.009178356,0.7521231,-0.03451923,0.6580541,-3.669732,-7.574593,6.815979,-0.07250094,0.7500544,0.05424415,0.6551485,15.15839,-7.922691,7.194031
06.12.2023 14:47:45,0.009009816,0.7520546,-0.03449806,0.6581357,-3.654982,-7.562195,6.829315,-0.07275812,0.7499883,0.05408681,0.6552087,15.16437,-7.915573,7.2276
06.12.2023 14:47:45,0.008951287,0.7520186,-0.03444275,0.6581805,-3.645687,-7.555725,6.830383,-0.07286062,0.7499917,0.05396039,0.6552038,15.16113,-7.917847,7.246246
06.12.2023 14:47:45,0.008851394,0.7519981,-0.0345036,0.6582022,-3.643332,-7.55191,6.843719,-0.07279946,0.7499384,0.05392857,0.6552743,15.15393,-7.907211,7.242401
06.12.2023 14:47:45,0.008856412,0.7519512,-0.03447063,0.6582574,-3.640735,-7.543739,6.841034,-0.07269061,0.7499099,0.05400234,0.6553129,15.15222,-7.900291,7.226746
06.12.2023 14:47:45,0.008892293,0.7518589,-0.03451462,0.6583599,-3.646984,-7.527802,6.841797,-0.07257754,0.7498714,0.05396198,0.6553729,15.14035,-7.891266,7.219177
06.12.2023 14:47:45,0.008910208,0.7518238,-0.0347392,0.6583881,-3.667616,-7.521881,6.857422,-0.07273485,0.7498494,0.0537695,0.6553963,15.13559,-7.889977,7.247223
06.12.2023 14:47:45,0.008883349,0.7518135,-0.0347221,0.658401,-3.664082,-7.520012,6.85849,-0.07276127,0.7498531,0.05369727,0.6553952,15.13132,-7.890968,7.255066
06.12.2023 14:47:45,0.008940355,0.7518862,-0.03467466,0.6583198,-3.664501,-7.532784,6.849579,-0.07276274,0.7498705,0.0537377,0.6553718,15.13489,-7.894135,7.252441
06.12.2023 14:47:45,0.008980802,0.7518684,-0.03467025,0.6583398,-3.667128,-7.529793,6.845856,-0.07262351,0.7498827,0.05391571,0.6553586,15.13977,-7.894043,7.226898
06.12.2023 14:47:45,0.00900802,0.7518744,-0.03440854,0.6583462,-3.646621,-7.530731,6.8237,-0.07253367,0.7499372,0.05428354,0.6552758,15.16467,-7.90274,7.192108
06.12.2023 14:47:45,0.008835511,0.7519095,-0.0344802,0.6583048,-3.639864,-7.536423,6.843811,-0.07273008,0.7499732,0.05440921,0.6552024,15.19022,-7.913071,7.200623
06.12.2023 14:47:45,0.00876045,0.7519497,-0.03449378,0.6582592,-3.635476,-7.543236,6.851074,-0.0728709,0.749957,0.05426538,0.6552173,15.18842,-7.912575,7.223663
06.12.2023 14:47:45,0.008747565,0.751976,-0.03454164,0.6582268,-3.638707,-7.547821,6.855652,-0.07275143,0.7499601,0.05423985,0.6552291,15.17722,-7.910797,7.215057
06.12.2023 14:47:45,0.008703632,0.7519575,-0.03445906,0.6582528,-3.628209,-7.544426,6.853302,-0.07263725,0.7499319,0.05416693,0.6552801,15.16238,-7.903503,7.209991
06.12.2023 14:47:45,0.008731932,0.7519749,-0.03436107,0.6582377,-3.621941,-7.547455,6.843384,-0.07257839,0.7498862,0.05404055,0.6553494,15.14716,-7.894073,7.213562
06.12.2023 14:47:45,0.008800704,0.7520115,-0.03434174,0.658196,-3.625571,-7.553993,6.835785,-0.07275347,0.7499196,0.05379645,0.6553118,15.1391,-7.90274,7.247955
06.12.2023 14:47:45,0.008747488,0.7519736,-0.03429932,0.6582422,-3.617784,-7.547218,6.837372,-0.07278112,0.7499315,0.05358594,0.6553124,15.12289,-7.904907,7.266418
06.12.2023 14:47:45,0.008616027,0.7520194,-0.03440708,0.658186,-3.617278,-7.554932,6.856598,-0.07302394,0.7499434,0.05350561,0.6552782,15.13422,-7.911469,7.294159
06.12.2023 14:47:45,0.008515517,0.752036,-0.03443598,0.6581669,-3.612225,-7.557579,6.867371,-0.07307544,0.7499912,0.05347148,0.6552205,15.13495,-7.920799,7.302032
06.12.2023 14:47:45,0.008470709,0.7520685,-0.03449711,0.6581271,-3.614208,-7.563171,6.875671,-0.07276549,0.7500677,0.05374661,0.655145,15.13516,-7.92897,7.255096
06.12.2023 14:47:45,0.008353801,0.7520314,-0.03458334,0.6581663,-3.61271,-7.55648,6.892487,-0.07238277,0.7500807,0.05414216,0.65514,15.14056,-7.924858,7.19162
06.12.2023 14:47:45,0.008243024,0.7520899,-0.03452011,0.6581044,-3.599051,-7.566322,6.896942,-0.07228569,0.7501035,0.05423202,0.6551171,15.14096,-7.927254,7.176636
06.12.2023 14:47:45,0.008282525,0.752167,-0.03453302,0.658015,-3.603371,-7.57988,6.894104,-0.07253199,0.7501518,0.05397139,0.6550561,15.13678,-7.93985,7.218811
06.12.2023 14:47:46,0.008326209,0.7522098,-0.03448832,0.6579679,-3.602936,-7.587418,6.886719,-0.07277941,0.7501304,0.05379337,0.6550679,15.14005,-7.940376,7.253784
06.12.2023 14:47:46,0.008262769,0.7521989,-0.03448109,0.6579815,-3.597489,-7.58535,6.891693,-0.0728755,0.7500685,0.05366234,0.6551387,15.13617,-7.931023,7.271179
06.12.2023 14:47:46,0.008208929,0.7522793,-0.03459117,0.6578845,-3.603156,-7.599297,6.904236,-0.07284464,0.7500336,0.05368187,0.6551806,15.13565,-7.924316,7.266418
06.12.2023 14:47:46,0.008214996,0.7523044,-0.03459217,0.6578556,-3.603774,-7.603706,6.903625,-0.07263607,0.7500005,0.05381132,0.6552311,15.13126,-7.914803,7.237701
06.12.2023 14:47:46,0.008151912,0.7523496,-0.03455422,0.6578067,-3.595865,-7.611397,6.905975,-0.07257684,0.7499048,0.05396602,0.6553344,15.14053,-7.897148,7.21933
06.12.2023 14:47:46,0.008223508,0.752353,-0.03460681,0.6577991,-3.605821,-7.612206,6.903748,-0.07266293,0.7499088,0.05397132,0.6553198,15.14746,-7.899513,7.226624
06.12.2023 14:47:46,0.008208097,0.7523851,-0.03468802,0.6577584,-3.611761,-7.617821,6.911041,-0.07275925,0.7498342,0.05392262,0.6553985,15.15076,-7.888077,7.23764
06.12.2023 14:47:46,0.008188924,0.752391,-0.03466177,0.6577532,-3.608065,-7.61879,6.910675,-0.07273418,0.7497792,0.05391355,0.6554649,15.14825,-7.877899,7.235229
06.12.2023 14:47:46,0.008267166,0.752403,-0.0346768,0.6577378,-3.615305,-7.621071,6.904999,-0.07261121,0.7499089,0.05387614,0.6553333,15.13531,-7.898331,7.229187
06.12.2023 14:47:46,0.008166354,0.7523797,-0.0347595,0.6577612,-3.614765,-7.616829,6.920074,-0.07257961,0.74997,0.05397202,0.6552588,15.14102,-7.908722,7.220123
06.12.2023 14:47:46,0.008151101,0.7524222,-0.03477168,0.6577123,-3.614789,-7.624191,6.922058,-0.07243261,0.7500793,0.05402943,0.6551454,15.13455,-7.925308,7.204498
06.12.2023 14:47:46,0.008112635,0.7524258,-0.03481864,0.6577061,-3.61595,-7.624779,6.928925,-0.07236375,0.7500675,0.05408844,0.6551617,15.13452,-7.92205,7.193787
06.12.2023 14:47:46,0.008158214,0.7524337,-0.03485549,0.6576946,-3.622597,-7.626282,6.927734,-0.07226995,0.750053,0.05414648,0.6551837,15.13254,-7.91787,7.180878
06.12.2023 14:47:46,0.008204548,0.7524325,-0.03485494,0.6576955,-3.626044,-7.626183,6.923676,-0.07218068,0.7500355,0.05409611,0.6552178,15.12149,-7.912987,7.176483
06.12.2023 14:47:46,0.008232761,0.7524295,-0.0348075,0.657701,-3.624069,-7.625702,6.917694,-0.07233673,0.7499904,0.05383451,0.6552738,15.11075,-7.907425,7.20929
06.12.2023 14:47:46,0.008246385,0.7524148,-0.03477176,0.6577196,-3.621969,-7.623154,6.913879,-0.07255135,0.7498986,0.0534652,0.6553854,15.09525,-7.894501,7.254639
06.12.2023 14:47:46,0.008259312,0.7524607,-0.03475556,0.6576677,-3.62168,-7.63118,6.911285,-0.07268641,0.7499201,0.05317723,0.6553692,15.08041,-7.900238,7.288605
06.12.2023 14:47:46,0.008208854,0.7524545,-0.03483691,0.6576711,-3.624876,-7.630035,6.921844,-0.0726701,0.7498767,0.0531597,0.6554221,15.07782,-7.89225,7.287811
06.12.2023 14:47:46,0.008290279,0.7524241,-0.0348286,0.6577054,-3.630218,-7.624924,6.914337,-0.07257424,0.7498316,0.05332796,0.6554707,15.08533,-7.882843,7.265961
06.12.2023 14:47:46,0.00837089,0.7523736,-0.03485827,0.6577604,-3.638721,-7.616364,6.909912,-0.0721942,0.7496925,0.05410852,0.6556077,15.12473,-7.852852,7.171387
06.12.2023 14:47:46,0.008402613,0.752435,-0.03475776,0.6576951,-3.632615,-7.627075,6.899231,-0.07199458,0.7497446,0.05446259,0.6555408,15.14017,-7.859024,7.127899
06.12.2023 14:47:46,0.008521472,0.7523781,-0.03473056,0.6577601,-3.639078,-7.617439,6.887238,-0.07184815,0.7497131,0.0547674,0.6555675,15.15561,-7.851372,7.091492
06.12.2023 14:47:46,0.00858441,0.7524526,-0.03470568,0.6576755,-3.641895,-7.630562,6.879517,-0.07157398,0.7496654,0.05482205,0.6556474,15.13983,-7.837975,7.062378
06.12.2023 14:47:46,0.008534773,0.7524658,-0.03467505,0.6576626,-3.63554,-7.632729,6.881409,-0.07155544,0.7495506,0.05437262,0.6558181,15.09988,-7.81646,7.092773
06.12.2023 14:47:46,0.008423273,0.7524633,-0.0348678,0.6576567,-3.643759,-7.632133,6.905609,-0.07197218,0.7493523,0.05349087,0.6560715,15.05566,-7.787498,7.192963
06.12.2023 14:47:46,0.008425314,0.752508,-0.03509844,0.6575931,-3.66396,-7.640121,6.922607,-0.07237796,0.7491771,0.05275476,0.6562866,15.02319,-7.762741,7.281616
06.12.2023 14:47:46,0.00833655,0.7524511,-0.03538748,0.657644,-3.68205,-7.630173,6.952423,-0.07260655,0.7490909,0.05204162,0.6564167,14.97906,-7.750412,7.354218
06.12.2023 14:47:46,0.008496298,0.7524041,-0.035608,0.6576838,-3.713014,-7.622559,6.955536,-0.07261431,0.749065,0.05175736,0.6564679,14.95514,-7.745407,7.375916
06.12.2023 14:47:46,0.008711357,0.7524197,-0.03556836,0.6576653,-3.725876,-7.625824,6.933899,-0.07248046,0.7491669,0.05220385,0.6563309,14.98331,-7.761734,7.332001
06.12.2023 14:47:46,0.008874367,0.7524037,-0.03551885,0.6576841,-3.733864,-7.623428,6.916168,-0.07230469,0.7492046,0.0525041,0.6562834,14.99588,-7.765686,7.294434
06.12.2023 14:47:46,0.009087699,0.7523504,-0.03532178,0.6577528,-3.732803,-7.614571,6.883148,-0.07193001,0.7493706,0.05324605,0.6560753,15.03125,-7.789391,7.207947
06.12.2023 14:47:46,0.009180944,0.7523953,-0.03516756,0.6577084,-3.726657,-7.622543,6.86322,-0.07155396,0.7494013,0.05388366,0.6560293,15.05795,-7.789108,7.127136
06.12.2023 14:47:46,0.009075485,0.7522904,-0.03504894,0.6578362,-3.708155,-7.603867,6.863953,-0.07143007,0.7494593,0.05415504,0.6559542,15.0719,-7.797569,7.096649
06.12.2023 14:47:46,0.009008866,0.7522888,-0.03499311,0.6578419,-3.698299,-7.603378,6.865479,-0.0716927,0.7495486,0.05390776,0.6558439,15.07001,-7.817665,7.139893
06.12.2023 14:47:46,0.008894154,0.7522849,-0.03502205,0.6578463,-3.692122,-7.602409,6.877594,-0.07235578,0.7495814,0.05317879,0.655793,15.05679,-7.834351,7.253967
06.12.2023 14:47:46,0.00885225,0.7522154,-0.03493613,0.657931,-3.681341,-7.590103,6.875122,-0.0725838,0.7494786,0.05272367,0.6559221,15.03497,-7.819595,7.306824
06.12.2023 14:47:46,0.008815652,0.7521497,-0.03488475,0.6580093,-3.673955,-7.578522,6.874756,-0.07266856,0.749515,0.05246352,0.6558919,15.01871,-7.827065,7.334473
06.12.2023 14:47:46,0.008862517,0.7521774,-0.03491801,0.6579753,-3.680445,-7.583488,6.873077,-0.07261307,0.7494807,0.05252533,0.6559322,15.01999,-7.820114,7.324371
06.12.2023 14:47:46,0.008967455,0.7520561,-0.03484285,0.6581165,-3.681541,-7.562584,6.859009,-0.07271139,0.7494127,0.05252445,0.6559992,15.02759,-7.809998,7.332092
06.12.2023 14:47:46,0.00897073,0.7520373,-0.03492869,0.6581334,-3.689144,-7.55938,6.865326,-0.07285331,0.7494835,0.05272482,0.6558865,15.05536,-7.825569,7.330658
06.12.2023 14:47:46,0.00901405,0.7520835,-0.03496376,0.6580781,-3.695575,-7.567581,6.863983,-0.07292245,0.7496004,0.05293141,0.6557285,15.07803,-7.847893,7.323029
06.12.2023 14:47:46,0.009027422,0.7520152,-0.03494084,0.6581572,-3.694414,-7.555702,6.861481,-0.07246112,0.7497558,0.05365109,0.6555434,15.10504,-7.868057,7.230438
06.12.2023 14:47:46,0.009035526,0.7520131,-0.03486899,0.6581632,-3.68882,-7.555305,6.855347,-0.07208748,0.7498689,0.05399008,0.6554275,15.10583,-7.881645,7.173615
06.12.2023 14:47:46,0.009048579,0.752037,-0.03462553,0.6581486,-3.668863,-7.559326,6.835693,-0.07195954,0.7500159,0.05421313,0.6552549,15.11505,-7.905624,7.147797
06.12.2023 14:47:46,0.008967904,0.7520016,-0.03453555,0.658195,-3.654902,-7.552864,6.83606,-0.07227741,0.7500533,0.05395593,0.6551983,15.11658,-7.917656,7.195862
06.12.2023 14:47:46,0.008788235,0.751989,-0.03443275,0.6582171,-3.632421,-7.550117,6.843842,-0.07263692,0.7501451,0.05373379,0.6550717,15.12411,-7.940147,7.24585
06.12.2023 14:47:46,0.008610623,0.752094,-0.03439984,0.6581012,-3.616455,-7.567917,6.85611,-0.07289908,0.7501485,0.05346154,0.6550609,15.12027,-7.945129,7.289612
06.12.2023 14:47:46,0.008441602,0.7521145,-0.03446664,0.6580765,-3.609509,-7.571091,6.875641,-0.07297457,0.7501734,0.05354352,0.6550172,15.13297,-7.951149,7.290527
06.12.2023 14:47:46,0.008311821,0.7521473,-0.03448102,0.6580399,-3.60104,-7.576477,6.887756,-0.07291363,0.7501913,0.05370486,0.6549904,15.14227,-7.953484,7.273285
06.12.2023 14:47:46,0.008246781,0.7521947,-0.03446794,0.6579872,-3.595134,-7.584572,6.89212,-0.07282321,0.7502685,0.05387884,0.6548978,15.1503,-7.965729,7.253387
06.12.2023 14:47:46,0.008399845,0.7522072,-0.03440386,0.6579742,-3.601201,-7.587097,6.873993,-0.07269009,0.7503582,0.05385193,0.654812,15.13763,-7.978973,7.245026
06.12.2023 14:47:46,0.008458282,0.7522944,-0.03431068,0.6578788,-3.597818,-7.602371,6.86142,-0.0727502,0.7503927,0.05373883,0.6547751,15.13223,-7.985947,7.259399
06.12.2023 14:47:46,0.008380499,0.7522268,-0.03410799,0.6579676,-3.574256,-7.590248,6.85321,-0.07273199,0.7503944,0.05364636,0.6547827,15.12283,-7.985703,7.26474
06.12.2023 14:47:46,0.008238479,0.7522618,-0.03415266,0.657927,-3.567484,-7.596024,6.868652,-0.07262729,0.7503703,0.0535612,0.654829,15.10767,-7.979279,7.261505
06.12.2023 14:47:46,0.008032143,0.75238,-0.03419192,0.6577924,-3.555628,-7.616119,6.888763,-0.07256714,0.750297,0.05356565,0.6549193,15.10376,-7.965218,7.2547
06.12.2023 14:47:46,0.007957029,0.7523748,-0.03411727,0.6578031,-3.543497,-7.614983,6.889648,-0.07256269,0.7503346,0.05367383,0.6548678,15.11267,-7.972015,7.246735
06.12.2023 14:47:46,0.0078236,0.7524143,-0.0341772,0.6577564,-3.538709,-7.621582,6.905487,-0.07263858,0.7503511,0.05362718,0.6548443,15.11429,-7.976265,7.257233
06.12.2023 14:47:46,0.007685939,0.7524366,-0.03411129,0.6577359,-3.52269,-7.625099,6.912262,-0.07252877,0.7503896,0.05368603,0.6548076,15.11099,-7.981087,7.243683
06.12.2023 14:47:46,0.007767176,0.7523934,-0.03406757,0.6577867,-3.524923,-7.617722,6.902191,-0.07234292,0.7504218,0.05383651,0.6547789,15.10992,-7.983574,7.2164
06.12.2023 14:47:46,0.007705688,0.7524552,-0.03402496,0.657719,-3.516781,-7.628311,6.903931,-0.07228979,0.7503822,0.05390988,0.654824,15.11243,-7.975754,7.205566
06.12.2023 14:47:46,0.007768252,0.7524242,-0.03394298,0.6577579,-3.514336,-7.623001,6.892517,-0.07242616,0.7503586,0.05376227,0.6548481,15.10999,-7.973854,7.228363
06.12.2023 14:47:46,0.007690812,0.752412,-0.0340206,0.6577687,-3.515156,-7.62075,6.905121,-0.07277292,0.7503479,0.05341612,0.6548503,15.10614,-7.977783,7.284973
06.12.2023 14:47:46,0.007786022,0.7524154,-0.03393742,0.657768,-3.515173,-7.621521,6.890594,-0.07303596,0.7503316,0.05312072,0.6548637,15.1004,-7.979271,7.330231
06.12.2023 14:47:46,0.007709549,0.7524801,-0.03392107,0.6576958,-3.508174,-7.632599,6.89563,-0.07312164,0.750277,0.05314715,0.6549146,15.10934,-7.971336,7.334991
06.12.2023 14:47:46,0.007647826,0.7524863,-0.03391357,0.6576898,-3.502885,-7.63353,6.90036,-0.07271285,0.7502633,0.05350384,0.6549467,15.1095,-7.961922,7.271729
06.12.2023 14:47:46,0.007722863,0.7524091,-0.03393316,0.6577762,-3.510018,-7.620255,6.895782,-0.07246846,0.7502697,0.05381306,0.6549412,15.11786,-7.959076,7.226929
06.12.2023 14:47:46,0.007754026,0.7524235,-0.03385168,0.6577635,-3.505378,-7.622787,6.886841,-0.07238334,0.7502615,0.05396823,0.6549472,15.12494,-7.956367,7.207581
06.12.2023 14:47:46,0.007728994,0.7523609,-0.03390347,0.6578327,-3.507779,-7.611862,6.89325,-0.07275451,0.7501665,0.05379369,0.6550292,15.13809,-7.946274,7.252106
06.12.2023 14:47:46,0.007725509,0.752354,-0.03391454,0.6578401,-3.508452,-7.610649,6.89444,-0.07312939,0.7500681,0.05357436,0.6551181,15.14767,-7.9356,7.300293
06.12.2023 14:47:46,0.007732578,0.7523358,-0.0339109,0.657861,-3.50862,-7.607498,6.893646,-0.07319927,0.7500544,0.05351201,0.6551312,15.14758,-7.934364,7.310944
06.12.2023 14:47:46,0.00779878,0.7522733,-0.03391608,0.6579315,-3.513886,-7.596756,6.888641,-0.07288209,0.7501149,0.0535438,0.6550947,15.12622,-7.939056,7.281403
06.12.2023 14:47:46,0.007885272,0.7522903,-0.03406462,0.6579034,-3.53329,-7.600037,6.892334,-0.07263934,0.7501866,0.05368963,0.6550275,15.12033,-7.947411,7.250031
06.12.2023 14:47:46,0.00790427,0.7522819,-0.03402061,0.657915,-3.530901,-7.598587,6.88739,-0.07228352,0.7502422,0.05381471,0.6549931,15.10419,-7.950729,7.209991
06.12.2023 14:47:46,0.007960525,0.7523034,-0.03396485,0.6578926,-3.530398,-7.60244,6.878204,-0.07229165,0.750298,0.05377682,0.6549313,15.10132,-7.96064,7.214417
06.12.2023 14:47:46,0.007934006,0.7522607,-0.03384402,0.657948,-3.517843,-7.594841,6.871613,-0.07228142,0.750254,0.05387671,0.6549746,15.10934,-7.952927,7.205322
06.12.2023 14:47:46,0.00791782,0.7522689,-0.03382003,0.65794,-3.514574,-7.596222,6.871155,-0.07234146,0.7502642,0.05396955,0.6549486,15.12189,-7.956062,7.203827
06.12.2023 14:47:46,0.007960659,0.7522383,-0.03384293,0.6579733,-3.519698,-7.591011,6.869354,-0.07264188,0.7502987,0.05400695,0.6548728,15.14764,-7.967896,7.22818
06.12.2023 14:47:46,0.00795674,0.7522363,-0.03391203,0.6579721,-3.525361,-7.590691,6.874908,-0.07275732,0.7503672,0.05401132,0.6547811,15.15646,-7.982178,7.239136
06.12.2023 14:47:46,0.008068577,0.7522376,-0.03387077,0.6579714,-3.530251,-7.591164,6.862122,-0.07270999,0.7504493,0.0541569,0.6546803,15.16525,-7.996071,7.225281
06.12.2023 14:47:46,0.008118927,0.7522665,-0.0337595,0.6579434,-3.52453,-7.59626,6.849243,-0.07251274,0.7504904,0.05409406,0.6546602,15.14481,-7.999443,7.213165
06.12.2023 14:47:46,0.008116734,0.7522633,-0.03379627,0.6579452,-3.527529,-7.595718,6.852203,-0.07244472,0.7505028,0.05406396,0.654656,15.13702,-8.000282,7.209595
06.12.2023 14:47:46,0.00806599,0.7522403,-0.03375694,0.6579742,-3.520237,-7.591553,6.853729,-0.07251882,0.7505146,0.05386924,0.6546503,15.1257,-8.003349,7.230988
06.12.2023 14:47:46,0.007927498,0.7522641,-0.03378453,0.6579472,-3.512226,-7.595383,6.867645,-0.07258581,0.7503915,0.05381333,0.6547886,15.12631,-7.982773,7.239197
06.12.2023 14:47:46,0.00787818,0.752322,-0.03391618,0.6578749,-3.52003,-7.605431,6.881561,-0.07272068,0.7503653,0.05380608,0.6548043,15.13593,-7.98069,7.251282
06.12.2023 14:47:46,0.007736158,0.7523524,-0.03419939,0.6578271,-3.533842,-7.610588,6.915039,-0.0728435,0.7503994,0.05387056,0.6547462,15.15063,-7.989189,7.257874
06.12.2023 14:47:46,0.007718663,0.752402,-0.03437627,0.6577613,-3.547938,-7.619324,6.929626,-0.07300813,0.7505319,0.05383049,0.6545793,15.15912,-8.01561,7.277557
06.12.2023 14:47:46,0.007885753,0.7524437,-0.03451995,0.6577042,-3.573081,-7.627106,6.925842,-0.07306739,0.7507139,0.05371853,0.654373,15.15323,-8.048607,7.294067
06.12.2023 14:47:46,0.008086797,0.7524473,-0.0344247,0.6577026,-3.580048,-7.628174,6.901276,-0.07312799,0.750801,0.05356583,0.6542789,15.14423,-8.064781,7.312286
06.12.2023 14:47:46,0.008349093,0.752429,-0.03434572,0.6577243,-3.59298,-7.625587,6.872772,-0.0731163,0.7509325,0.05348638,0.6541358,15.13599,-8.087593,7.319275
06.12.2023 14:47:46,0.008362745,0.7524787,-0.03426832,0.6576713,-3.587469,-7.634232,6.865479,-0.07314909,0.7509277,0.05348191,0.654138,15.13809,-8.087372,7.322418
06.12.2023 14:47:46,0.008452831,0.7524964,-0.03415248,0.657656,-3.584318,-7.637466,6.848846,-0.07316571,0.7508275,0.05356387,0.6542444,15.14682,-8.070183,7.316193
06.12.2023 14:47:47,0.008424652,0.7525083,-0.03403796,0.6576486,-3.572335,-7.639389,6.84256,-0.07297964,0.7507681,0.05381463,0.6543129,15.15475,-8.056686,7.279907
06.12.2023 14:47:47,0.008207492,0.7524469,-0.03399809,0.6577237,-3.552325,-7.62809,6.858643,-0.07279965,0.7506844,0.05411094,0.6544045,15.16721,-8.039146,7.240387
06.12.2023 14:47:47,0.00814818,0.7524151,-0.03397903,0.6577619,-3.54611,-7.622375,6.862488,-0.0727938,0.7505979,0.05422733,0.6544948,15.17715,-8.024025,7.229767
06.12.2023 14:47:47,0.008080726,0.7524065,-0.03400433,0.6577712,-3.543177,-7.620735,6.87027,-0.07286981,0.7506362,0.05405217,0.6544568,15.16754,-8.031853,7.250275
06.12.2023 14:47:47,0.007968993,0.7523353,-0.03402395,0.657853,-3.53623,-7.608055,6.881775,-0.07313421,0.7506198,0.05381862,0.6544654,15.16727,-8.033493,7.291016
06.12.2023 14:47:47,0.008158806,0.7522992,-0.034032,0.6578915,-3.551157,-7.602257,6.866211,-0.07322869,0.7506127,0.05361147,0.65448,15.15643,-8.033585,7.314819
06.12.2023 14:47:47,0.008167486,0.7521883,-0.03408822,0.6580154,-3.556351,-7.58297,6.8703,-0.07304649,0.7505088,0.05364739,0.6546165,15.14621,-8.011856,7.294342
06.12.2023 14:47:47,0.008266923,0.7521321,-0.03416614,0.6580743,-3.570428,-7.573494,6.86792,-0.07280338,0.7504207,0.05378588,0.6547332,15.1402,-7.992004,7.261017
06.12.2023 14:47:47,0.008263053,0.7520838,-0.03424424,0.6581255,-3.576739,-7.565125,6.87442,-0.07271671,0.7502995,0.05389811,0.6548726,15.14383,-7.969215,7.242981
06.12.2023 14:47:47,0.00830447,0.7521299,-0.03415682,0.6580768,-3.572453,-7.573196,6.863983,-0.07273321,0.7501619,0.05405455,0.6550154,15.15909,-7.945625,7.23053
06.12.2023 14:47:47,0.008344461,0.7520927,-0.03423009,0.658115,-3.581693,-7.566864,6.866272,-0.07272129,0.7501012,0.05401761,0.6550893,15.15521,-7.934624,7.231323
06.12.2023 14:47:47,0.008434349,0.7520326,-0.03411157,0.6581886,-3.578087,-7.556549,6.849884,-0.0728993,0.7501001,0.05373889,0.6550937,15.14447,-7.937202,7.268036
06.12.2023 14:47:47,0.008423316,0.7520848,-0.03410651,0.6581295,-3.576963,-7.565605,6.850159,-0.07325473,0.7500853,0.05347539,0.6550926,15.14847,-7.940788,7.319122
06.12.2023 14:47:47,0.008292692,0.7520295,-0.03406614,0.6581963,-3.563454,-7.555611,6.858673,-0.07333481,0.7501045,0.05344624,0.655064,15.15192,-7.945648,7.328705
06.12.2023 14:47:47,0.008199631,0.7520288,-0.03410694,0.6581963,-3.559942,-7.555275,6.869812,-0.07316554,0.7501085,0.05366177,0.6550606,15.15781,-7.943596,7.297546
06.12.2023 14:47:47,0.008075158,0.7520992,-0.03419603,0.6581127,-3.558426,-7.567291,6.886902,-0.07293312,0.7501489,0.05399949,0.6550127,15.16943,-7.947006,7.252197
06.12.2023 14:47:47,0.008051273,0.7521095,-0.03410941,0.6581058,-3.549176,-7.568962,6.882355,-0.07297057,0.7502078,0.05402745,0.6549387,15.17447,-7.958168,7.254333
06.12.2023 14:47:47,0.008016621,0.7521583,-0.03410482,0.6580505,-3.546302,-7.577385,6.884735,-0.073158,0.7502534,0.05376396,0.6548873,15.16559,-7.9692,7.291473
06.12.2023 14:47:47,0.008154634,0.7521855,-0.03399638,0.6580234,-3.547445,-7.582397,6.864471,-0.07312512,0.7502662,0.05373828,0.6548783,15.16086,-7.970779,7.29068
06.12.2023 14:47:47,0.008200881,0.7521387,-0.03391106,0.6580806,-3.543442,-7.57431,6.854279,-0.0730302,0.750265,0.05387184,0.6548793,15.16528,-7.969048,7.272217
06.12.2023 14:47:47,0.008162413,0.752147,-0.03381806,0.6580764,-3.532534,-7.575584,6.850555,-0.07280999,0.7502868,0.05404702,0.6548644,15.16379,-7.969086,7.239868
06.12.2023 14:47:47,0.008135507,0.752199,-0.03377708,0.6580195,-3.52711,-7.584541,6.849487,-0.07278048,0.7503547,0.05414661,0.6547817,15.16998,-7.980713,7.230835
06.12.2023 14:47:47,0.008065988,0.7522066,-0.033824,0.6580092,-3.525931,-7.585732,6.858978,-0.07287761,0.7504195,0.05405491,0.6547042,15.16913,-7.993782,7.247345
06.12.2023 14:47:47,0.007987955,0.7522434,-0.03383115,0.6579677,-3.520758,-7.591949,6.866058,-0.07317535,0.7505049,0.05376941,0.6545966,15.1665,-8.013901,7.296539
06.12.2023 14:47:47,0.00804227,0.752212,-0.0337341,0.6580079,-3.516395,-7.586555,6.854218,-0.0733322,0.7504671,0.05367884,0.6546298,15.17056,-8.010033,7.316681
06.12.2023 14:47:47,0.008023527,0.7522143,-0.03365576,0.6580096,-3.508223,-7.586838,6.849915,-0.07315338,0.7505189,0.05377308,0.6545827,15.1651,-8.015961,7.294525
06.12.2023 14:47:47,0.00801896,0.7522528,-0.03356351,0.6579703,-3.500025,-7.593483,6.843109,-0.07302999,0.7505974,0.05390993,0.6544952,15.16742,-8.02774,7.274536
06.12.2023 14:47:47,0.00794026,0.7522161,-0.0335536,0.6580138,-3.493122,-7.586876,6.849365,-0.07302493,0.7506291,0.05399173,0.6544526,15.17401,-8.033424,7.268463
06.12.2023 14:47:47,0.007951257,0.7522435,-0.0334913,0.6579854,-3.488652,-7.591644,6.843567,-0.07321654,0.7507041,0.0539968,0.6543448,15.1886,-8.050331,7.286255
06.12.2023 14:47:47,0.007850476,0.7521592,-0.03346299,0.6580844,-3.47836,-7.576691,6.850555,-0.07313406,0.7507072,0.05430033,0.6543254,15.20871,-8.049973,7.256165
06.12.2023 14:47:47,0.007752202,0.7521538,-0.03346487,0.6580917,-3.471083,-7.5755,6.859222,-0.07302876,0.7507166,0.05447742,0.6543116,15.21609,-8.050011,7.233673
06.12.2023 14:47:47,0.007746931,0.7521681,-0.03346652,0.6580753,-3.470868,-7.577988,6.859711,-0.07307186,0.7506427,0.05449739,0.6543899,15.22131,-8.037842,7.234833
06.12.2023 14:47:47,0.007678343,0.7521843,-0.03344028,0.6580591,-3.463468,-7.58062,6.863556,-0.07334834,0.7505766,0.05433632,0.6544482,15.22839,-8.031097,7.270416
06.12.2023 14:47:47,0.007736498,0.7522176,-0.0334449,0.65802,-3.468354,-7.586578,6.858734,-0.07345998,0.7505403,0.05416299,0.6544917,15.22189,-8.026451,7.292786
06.12.2023 14:47:47,0.007641948,0.7521897,-0.03344023,0.6580532,-3.46073,-7.58149,6.866669,-0.07344535,0.7504719,0.05416837,0.6545712,15.2215,-8.01413,7.290009
06.12.2023 14:47:47,0.007665414,0.7522412,-0.03335688,0.6579983,-3.455454,-7.590454,6.858093,-0.0734717,0.7505234,0.05404396,0.6545196,15.21252,-8.023438,7.30249
06.12.2023 14:47:47,0.007680672,0.7522255,-0.0333055,0.6580187,-3.452127,-7.587723,6.852966,-0.07351077,0.7505564,0.05410595,0.6544722,15.22073,-8.030151,7.301819
06.12.2023 14:47:47,0.007738422,0.7522786,-0.03322474,0.6579615,-3.449667,-7.597046,6.841614,-0.07350633,0.7505736,0.05410629,0.6544529,15.22037,-8.033104,7.301666
06.12.2023 14:47:47,0.007805959,0.7521946,-0.03324918,0.6580554,-3.456644,-7.582603,6.838074,-0.07334159,0.7506138,0.05434984,0.6544051,15.22894,-8.037575,7.269409
06.12.2023 14:47:47,0.007793433,0.7522771,-0.03327983,0.6579597,-3.458573,-7.596954,6.841034,-0.07314757,0.7505841,0.05452745,0.6544461,15.22983,-8.029015,7.238373
06.12.2023 14:47:47,0.007832822,0.7522405,-0.03330281,0.6579998,-3.463429,-7.590706,6.839569,-0.07314407,0.750531,0.0544086,0.6545174,15.21945,-8.01931,7.246155
06.12.2023 14:47:47,0.007827393,0.752257,-0.03332918,0.6579797,-3.465342,-7.593582,6.841919,-0.07308545,0.7505556,0.05437523,0.6544985,15.21207,-8.022453,7.243866
06.12.2023 14:47:47,0.007921831,0.7522421,-0.03337771,0.6579932,-3.476621,-7.591248,6.837524,-0.07323645,0.750545,0.05405741,0.6545201,15.19592,-8.022766,7.280945
06.12.2023 14:47:47,0.00790529,0.7522675,-0.0333405,0.6579662,-3.472231,-7.595612,6.835999,-0.0735793,0.7505553,0.05361721,0.6545061,15.1835,-8.030182,7.344604
06.12.2023 14:47:47,0.007942357,0.7522619,-0.03325214,0.6579767,-3.467388,-7.594658,6.826172,-0.07372414,0.7504913,0.05350871,0.654572,15.18524,-8.021454,7.364594
06.12.2023 14:47:47,0.007951903,0.7523026,-0.03317176,0.6579341,-3.461284,-7.601707,6.819061,-0.07359168,0.7503942,0.05388891,0.654667,15.20856,-8.002625,7.322754
06.12.2023 14:47:47,0.00798092,0.7522609,-0.03320178,0.65798,-3.465951,-7.594528,6.819031,-0.07342585,0.7503796,0.05398741,0.6546943,15.20468,-7.997063,7.300415
06.12.2023 14:47:47,0.008032626,0.7522128,-0.03320662,0.658034,-3.470142,-7.586288,6.815186,-0.07291361,0.7503014,0.05475437,0.6547773,15.23285,-7.975182,7.196106
06.12.2023 14:47:47,0.008114333,0.7521982,-0.03311342,0.6580544,-3.468229,-7.583885,6.801178,-0.07274341,0.7502225,0.05477767,0.6548848,15.22232,-7.958076,7.17804
06.12.2023 14:47:47,0.008228005,0.7521026,-0.03314226,0.6581608,-3.479043,-7.567535,6.794037,-0.072791,0.7502119,0.05458719,0.6549075,15.20941,-7.956688,7.196411
06.12.2023 14:47:47,0.008235455,0.7520552,-0.03328441,0.6582077,-3.491744,-7.559387,6.804413,-0.07307509,0.7501044,0.05400957,0.6550469,15.18115,-7.941895,7.263336
06.12.2023 14:47:47,0.008137209,0.7520483,-0.03337942,0.6582121,-3.4925,-7.557999,6.820099,-0.07330124,0.7501636,0.05377175,0.6549734,15.17737,-7.956123,7.302185
06.12.2023 14:47:47,0.007938463,0.7519729,-0.03365144,0.6582867,-3.500745,-7.544579,6.858215,-0.07314389,0.7502001,0.0538262,0.6549447,15.1701,-7.959679,7.284698
06.12.2023 14:47:47,0.007743566,0.7520078,-0.03395912,0.6582333,-3.512666,-7.550392,6.898102,-0.07294594,0.7503092,0.05400657,0.6548269,15.17044,-7.975533,7.25531
06.12.2023 14:47:47,0.007699123,0.7520213,-0.03420175,0.6582059,-3.530284,-7.552811,6.920197,-0.07298012,0.7504527,0.05410786,0.6546504,15.1813,-8.001701,7.252991
06.12.2023 14:47:47,0.007696006,0.7520251,-0.03431132,0.6581959,-3.539515,-7.553535,6.928711,-0.07309575,0.7505295,0.05416572,0.6545446,15.19476,-8.017586,7.260101
06.12.2023 14:47:47,0.007868025,0.7520747,-0.0343613,0.6581345,-3.55697,-7.562645,6.917389,-0.07304603,0.7505723,0.05430853,0.6544892,15.20325,-8.024513,7.245636
06.12.2023 14:47:47,0.008042539,0.7521034,-0.03418195,0.658109,-3.554759,-7.56794,6.888611,-0.07287967,0.7505462,0.05446181,0.654525,15.2041,-8.017059,7.218964
06.12.2023 14:47:47,0.008156234,0.7521898,-0.03396138,0.6580204,-3.544557,-7.583115,6.861664,-0.07290076,0.750492,0.05443075,0.6545873,15.20319,-8.007835,7.22229
06.12.2023 14:47:47,0.008236947,0.752272,-0.03384708,0.6579311,-3.541019,-7.59758,6.845642,-0.07317703,0.7504591,0.05417068,0.6546159,15.20157,-8.006729,7.265839
06.12.2023 14:47:47,0.008172118,0.7523293,-0.03379053,0.6578693,-3.531403,-7.607361,6.846649,-0.07344202,0.750432,0.05398162,0.6546328,15.2052,-8.006615,7.303101
06.12.2023 14:47:47,0.008122155,0.7523878,-0.03366346,0.6578096,-3.516823,-7.61734,6.841034,-0.07371884,0.7504216,0.05376428,0.6546315,15.20724,-8.009613,7.343842
06.12.2023 14:47:47,0.008144648,0.7523596,-0.03367525,0.657841,-3.519461,-7.61248,6.840149,-0.07384369,0.7504306,0.0537784,0.654606,15.21783,-8.013641,7.353973
06.12.2023 14:47:47,0.008134512,0.752404,-0.03365089,0.6577916,-3.516717,-7.620178,6.838928,-0.07379114,0.7505107,0.05411348,0.6544925,15.24265,-8.027489,7.325409
06.12.2023 14:47:47,0.008114747,0.7523453,-0.03351659,0.6578658,-3.503466,-7.609802,6.830811,-0.07355489,0.7505478,0.05457038,0.6544386,15.26434,-8.030495,7.270721
06.12.2023 14:47:47,0.008140625,0.7523195,-0.03343637,0.6578991,-3.498424,-7.605309,6.822662,-0.07346511,0.7505813,0.05490112,0.6543825,15.28613,-8.035431,7.238434
06.12.2023 14:47:47,0.008231264,0.7522339,-0.03345696,0.6579948,-3.506809,-7.59063,6.816864,-0.0735058,0.7506263,0.05497153,0.6543203,15.29514,-8.044319,7.237488
06.12.2023 14:47:47,0.008187699,0.7521724,-0.03351407,0.6580628,-3.508278,-7.579849,6.825256,-0.07340828,0.7505938,0.05504495,0.6543625,15.29428,-8.036865,7.222778
06.12.2023 14:47:47,0.008216613,0.7520422,-0.03357251,0.6582081,-3.515145,-7.557289,6.827881,-0.07326838,0.7505601,0.055087,0.6544132,15.28751,-8.028328,7.206696
06.12.2023 14:47:47,0.00817221,0.7519864,-0.03364476,0.6582687,-3.517869,-7.547516,6.837463,-0.07310209,0.7505122,0.05500731,0.6544935,15.26825,-8.016518,7.197144
06.12.2023 14:47:47,0.008158446,0.751992,-0.03365172,0.6582621,-3.517446,-7.548454,6.839142,-0.07334028,0.7504873,0.05464341,0.6545259,15.25473,-8.015877,7.245239
06.12.2023 14:47:47,0.008110733,0.751904,-0.03356826,0.6583676,-3.506392,-7.532944,6.837433,-0.07362005,0.7504848,0.05435304,0.6545215,15.25061,-8.020172,7.29184
06.12.2023 14:47:47,0.008122125,0.751853,-0.03342031,0.6584331,-3.494348,-7.523994,6.825531,-0.07392386,0.7504367,0.05409276,0.654564,15.2511,-8.016968,7.337585
06.12.2023 14:47:47,0.008002941,0.7518479,-0.03336018,0.6584435,-3.480139,-7.522766,6.831299,-0.0739908,0.7504078,0.0540807,0.6545906,15.25519,-8.013123,7.343964
06.12.2023 14:47:47,0.007865057,0.7518368,-0.03327063,0.6584623,-3.461961,-7.520439,6.836456,-0.07369367,0.7505011,0.05444635,0.6544868,15.26419,-8.024666,7.291595
06.12.2023 14:47:47,0.007717125,0.7518766,-0.03333126,0.6584156,-3.456122,-7.527046,6.853607,-0.07350674,0.7505276,0.05466033,0.6544597,15.26859,-8.026207,7.259369
06.12.2023 14:47:47,0.007622969,0.7519404,-0.03338588,0.6583411,-3.453899,-7.537979,6.865509,-0.07362542,0.750559,0.05456238,0.6544184,15.26892,-8.033829,7.27774
06.12.2023 14:47:47,0.007637283,0.7519853,-0.03350106,0.6582838,-3.465046,-7.545891,6.872742,-0.07396954,0.7505828,0.05439311,0.6543664,15.28003,-8.044289,7.321381
06.12.2023 14:47:47,0.00767347,0.7519877,-0.03351926,0.6582797,-3.469358,-7.546417,6.871002,-0.07397401,0.7505362,0.05442563,0.6544167,15.28336,-8.036217,7.318604
06.12.2023 14:47:47,0.007831461,0.7520272,-0.03351136,0.6582331,-3.480726,-7.553673,6.856567,-0.07380109,0.7505395,0.05453722,0.6544231,15.28,-8.033707,7.294922
06.12.2023 14:47:47,0.00788956,0.7520851,-0.03341746,0.6581709,-3.477175,-7.56385,6.844147,-0.07373854,0.7505414,0.05453741,0.6544279,15.27533,-8.032845,7.289398
06.12.2023 14:47:47,0.007776746,0.7521893,-0.0334134,0.6580535,-3.468595,-7.581718,6.853027,-0.0737007,0.7505838,0.05454176,0.6543832,15.27271,-8.039604,7.286377
06.12.2023 14:47:47,0.007809568,0.7521892,-0.03334177,0.6580569,-3.464892,-7.581726,6.844788,-0.07371189,0.7506333,0.05447426,0.6543308,15.26752,-8.048409,7.293213
06.12.2023 14:47:47,0.00781145,0.7522663,-0.03341306,0.657965,-3.471404,-7.59523,6.849579,-0.07365399,0.7506623,0.0545473,0.654298,15.26938,-8.052567,7.283051
06.12.2023 14:47:47,0.007677474,0.7522893,-0.03346175,0.6579379,-3.465553,-7.59893,6.864716,-0.07353538,0.7506604,0.05464096,0.6543058,15.26859,-8.050148,7.265472
06.12.2023 14:47:47,0.007645378,0.7523363,-0.03350766,0.6578822,-3.467226,-7.607079,6.870697,-0.07368395,0.7506856,0.05468211,0.6542567,15.28326,-8.057549,7.27597
06.12.2023 14:47:47,0.007570283,0.7523618,-0.03357718,0.6578504,-3.467629,-7.611397,6.882294,-0.07380632,0.7506435,0.05468132,0.6542912,15.29254,-8.052483,7.286224
06.12.2023 14:47:47,0.007610445,0.7524013,-0.03355303,0.6578059,-3.468689,-7.618362,6.876801,-0.07401241,0.7506554,0.05453404,0.6542666,15.29523,-8.058235,7.315765
06.12.2023 14:47:47,0.007552308,0.7524027,-0.03358739,0.6578032,-3.467271,-7.618492,6.884399,-0.07416683,0.7507014,0.05435275,0.6542113,15.29095,-8.068947,7.343811
06.12.2023 14:47:48,0.007512003,0.7523993,-0.03357067,0.6578084,-3.462773,-7.617805,6.886658,-0.07427005,0.7507347,0.0542333,0.6541713,15.28824,-8.076561,7.362457
06.12.2023 14:47:48,0.007533621,0.7523861,-0.03356738,0.6578234,-3.464085,-7.615547,6.884613,-0.07428,0.7507133,0.05423621,0.6541945,15.28931,-8.072983,7.362793
06.12.2023 14:47:48,0.007462307,0.7523918,-0.03353922,0.6578192,-3.456285,-7.616356,6.888611,-0.07409236,0.7507233,0.0544102,0.6541899,15.29025,-8.071487,7.333221
06.12.2023 14:47:48,0.007464098,0.7524135,-0.03360165,0.6577911,-3.461872,-7.620186,6.893036,-0.07404687,0.7506749,0.05469409,0.654227,15.31161,-8.062698,7.307098
06.12.2023 14:47:48,0.007471575,0.7524475,-0.03360748,0.6577518,-3.463038,-7.626137,6.89267,-0.07400484,0.7506132,0.0548594,0.6542886,15.32303,-8.051376,7.289978
06.12.2023 14:47:48,0.00746069,0.75238,-0.03360063,0.6578295,-3.46143,-7.614342,6.893433,-0.07423686,0.7505907,0.05479705,0.6542933,15.33514,-8.051765,7.314911
06.12.2023 14:47:48,0.007496546,0.752407,-0.03356778,0.6578,-3.461379,-7.619087,6.887726,-0.0744526,0.7506365,0.05455652,0.6542365,15.33035,-8.063484,7.352844
06.12.2023 14:47:48,0.007553492,0.7524065,-0.03351585,0.6578025,-3.461194,-7.619118,6.878876,-0.07452557,0.7506863,0.05440431,0.6541836,15.32245,-8.07338,7.371552
06.12.2023 14:47:48,0.007558933,0.7523779,-0.03361413,0.6578302,-3.470008,-7.614204,6.885986,-0.07452016,0.7508084,0.05426567,0.6540557,15.3096,-8.094498,7.383423
06.12.2023 14:47:48,0.007601239,0.7523773,-0.03359921,0.6578311,-3.471913,-7.614189,6.881226,-0.07441416,0.7508524,0.05438638,0.6540072,15.31192,-8.100479,7.365662
06.12.2023 14:47:48,0.007594137,0.7523339,-0.03347973,0.6578869,-3.460938,-7.606529,6.873016,-0.07427513,0.750879,0.0544382,0.6539882,15.30588,-8.102585,7.349823
06.12.2023 14:47:48,0.007581705,0.7523326,-0.03358032,0.6578834,-3.468679,-7.606346,6.881714,-0.07417175,0.7508343,0.05456009,0.6540409,15.30884,-8.092979,7.330811
06.12.2023 14:47:48,0.007629572,0.7523429,-0.03357632,0.6578712,-3.471978,-7.608253,6.877228,-0.07408119,0.7508895,0.0547258,0.6539741,15.31619,-8.101326,7.311188
06.12.2023 14:47:48,0.007655171,0.752331,-0.03351565,0.6578878,-3.46864,-7.606186,6.870483,-0.07378592,0.7507551,0.05488347,0.6541485,15.30814,-8.07225,7.270996
06.12.2023 14:47:48,0.007702463,0.7522929,-0.03361609,0.6579256,-3.480773,-7.599731,6.874207,-0.07371872,0.7507685,0.05489321,0.6541399,15.30389,-8.073326,7.264526
06.12.2023 14:47:48,0.007817793,0.7522385,-0.03359068,0.6579878,-3.487135,-7.590508,6.86261,-0.07373248,0.750757,0.05467128,0.6541702,15.28571,-8.071068,7.282227
06.12.2023 14:47:48,0.007902022,0.7522987,-0.03356983,0.657919,-3.491867,-7.601181,6.853455,-0.07379974,0.7508361,0.05440744,0.6540938,15.26761,-8.085739,7.309265
06.12.2023 14:47:48,0.007959938,0.752266,-0.03348812,0.6579598,-3.489096,-7.595589,6.842438,-0.07395487,0.7508853,0.05418189,0.6540385,15.25955,-8.096924,7.340729
06.12.2023 14:47:48,0.008024881,0.7522706,-0.03343142,0.6579567,-3.48912,-7.596489,6.83255,-0.07399076,0.7508956,0.05423767,0.654018,15.26703,-8.099556,7.339905
06.12.2023 14:47:48,0.008046828,0.7522627,-0.03351836,0.657961,-3.49826,-7.595245,6.83725,-0.07385813,0.7508951,0.054543,0.6540082,15.28354,-8.09758,7.305206
06.12.2023 14:47:48,0.008156985,0.7522005,-0.03346321,0.6580334,-3.501648,-7.584656,6.823914,-0.07361218,0.7508184,0.05485472,0.6540979,15.29236,-8.079994,7.258728
06.12.2023 14:47:48,0.008220843,0.7521358,-0.03337691,0.6581112,-3.498844,-7.573456,6.812225,-0.07330158,0.7507296,0.05524024,0.6542023,15.30273,-8.059212,7.200806
06.12.2023 14:47:48,0.008313619,0.7521045,-0.03339101,0.658145,-3.506983,-7.568253,6.80545,-0.07327411,0.7506279,0.05516262,0.6543285,15.29428,-8.040581,7.202576
06.12.2023 14:47:48,0.008408717,0.7520518,-0.03336358,0.6582054,-3.511657,-7.559296,6.795441,-0.07344355,0.7506214,0.05487365,0.6543413,15.28198,-8.042023,7.239227
06.12.2023 14:47:48,0.008384676,0.751986,-0.03347484,0.6582752,-3.51926,-7.547852,6.806274,-0.07376673,0.7505592,0.05441241,0.6544148,15.26654,-8.03624,7.301575
06.12.2023 14:47:48,0.008240905,0.7519972,-0.03363454,0.658256,-3.522208,-7.549561,6.830688,-0.07370934,0.7505679,0.05419993,0.6544289,15.24377,-8.036201,7.312561
06.12.2023 14:47:48,0.008082507,0.752013,-0.03406654,0.6582178,-3.54756,-7.552208,6.876923,-0.07350993,0.7506125,0.05424098,0.6543968,15.23218,-8.040321,7.29248
06.12.2023 14:47:48,0.007923684,0.7520321,-0.03435563,0.6581829,-3.560562,-7.555344,6.912384,-0.07353377,0.7506083,0.0543725,0.654388,15.24536,-8.040329,7.284668
06.12.2023 14:47:48,0.007906091,0.7521094,-0.03450869,0.6580867,-3.572667,-7.568886,6.925049,-0.07336787,0.7507037,0.05473664,0.6542668,15.26413,-8.054794,7.24411
06.12.2023 14:47:48,0.008033702,0.7521236,-0.03452434,0.6580681,-3.5837,-7.571693,6.915161,-0.07344622,0.7507802,0.05484087,0.6541616,15.27881,-8.07003,7.244446
06.12.2023 14:47:48,0.008238645,0.7521721,-0.03441148,0.6580161,-3.589581,-7.580566,6.888672,-0.0735523,0.7509114,0.05479259,0.6540031,15.28214,-8.095123,7.259552
06.12.2023 14:47:48,0.008379972,0.7522675,-0.0342051,0.6579161,-3.582713,-7.597397,6.860352,-0.07366544,0.750989,0.05469047,0.6539097,15.28152,-8.110786,7.278503
06.12.2023 14:47:48,0.008590043,0.7523358,-0.03404746,0.6578433,-3.585162,-7.609756,6.829956,-0.07373364,0.751053,0.05463331,0.6538333,15.28146,-8.123268,7.289856
06.12.2023 14:47:48,0.008545161,0.7524827,-0.03391818,0.6576827,-3.571019,-7.635132,6.823242,-0.07360388,0.7510743,0.05478135,0.6538112,15.28448,-8.124863,7.267578
06.12.2023 14:47:48,0.008429672,0.7524526,-0.03394191,0.6577173,-3.564265,-7.629616,6.835175,-0.073548,0.7510129,0.05482858,0.6538839,15.28461,-8.113052,7.258087
06.12.2023 14:47:48,0.008417558,0.7524533,-0.03396245,0.6577156,-3.565125,-7.629723,6.837769,-0.0734947,0.7509817,0.05488454,0.6539211,15.28555,-8.106636,7.248657
06.12.2023 14:47:48,0.008324063,0.7524431,-0.0340153,0.6577257,-3.562601,-7.627747,6.849884,-0.07369447,0.7509465,0.05476274,0.6539492,15.29013,-8.104004,7.274994
06.12.2023 14:47:48,0.00831536,0.7524709,-0.03395335,0.6576973,-3.556673,-7.632515,6.845825,-0.07382973,0.7509606,0.05451148,0.6539387,15.27844,-8.108543,7.306091
06.12.2023 14:47:48,0.008296679,0.7523949,-0.03386073,0.6577892,-3.547053,-7.619156,6.840851,-0.07391539,0.7510013,0.0544226,0.6538898,15.27704,-8.11718,7.321014
06.12.2023 14:47:48,0.008241787,0.7523505,-0.0338985,0.6578386,-3.546044,-7.611305,6.848663,-0.07388089,0.7510175,0.05439647,0.6538772,15.27213,-8.119324,7.32016
06.12.2023 14:47:48,0.008256144,0.7522573,-0.03397635,0.6579411,-3.553586,-7.595154,6.853821,-0.07368394,0.7510387,0.05467166,0.6538522,15.28113,-8.119865,7.282349
06.12.2023 14:47:48,0.008360889,0.7521706,-0.03406639,0.6580343,-3.569026,-7.580368,6.852051,-0.07361919,0.7511246,0.05483395,0.6537472,15.29004,-8.134163,7.265778
06.12.2023 14:47:48,0.00834453,0.752137,-0.03406278,0.658073,-3.567384,-7.574471,6.853363,-0.07355284,0.7511697,0.0548842,0.6536986,15.28925,-8.140968,7.256836
06.12.2023 14:47:48,0.008290519,0.7520686,-0.0341026,0.6581497,-3.566547,-7.562454,6.86142,-0.07361747,0.7511529,0.05492691,0.653707,15.29785,-8.139343,7.259125
06.12.2023 14:47:48,0.008305037,0.7520574,-0.03398884,0.6581684,-3.557795,-7.56044,6.851624,-0.07343839,0.7511983,0.05496326,0.653672,15.28741,-8.14399,7.241211
06.12.2023 14:47:48,0.00839802,0.7519899,-0.03393544,0.6582471,-3.560023,-7.548889,6.839935,-0.07345574,0.751233,0.05482479,0.6536418,15.27658,-8.150146,7.253693
06.12.2023 14:47:48,0.008327213,0.7520373,-0.03375147,0.6582032,-3.53893,-7.556839,6.831879,-0.07375392,0.7511356,0.0546288,0.6537365,15.28232,-8.138252,7.293335
06.12.2023 14:47:48,0.008352877,0.7520869,-0.03378749,0.6581444,-3.544116,-7.565567,6.832123,-0.07393861,0.7511252,0.05456656,0.6537328,15.29083,-8.139832,7.31424
06.12.2023 14:47:48,0.00818148,0.7520009,-0.03372206,0.6582481,-3.52528,-7.550102,6.842438,-0.07408178,0.7509887,0.05451836,0.6538775,15.29791,-8.118378,7.3284
06.12.2023 14:47:48,0.008000798,0.7520564,-0.03377917,0.6581841,-3.516712,-7.559357,6.86203,-0.07410646,0.7508991,0.05463733,0.6539675,15.31039,-8.103325,7.320221
06.12.2023 14:47:48,0.007917188,0.7520826,-0.03381396,0.6581533,-3.513472,-7.563751,6.871735,-0.07410699,0.7508197,0.05474433,0.6540498,15.32001,-8.089546,7.310974
06.12.2023 14:47:48,0.007959468,0.7521198,-0.03381976,0.6581099,-3.517272,-7.570343,6.868317,-0.07396168,0.7508615,0.05470625,0.6540214,15.3056,-8.094017,7.301605
06.12.2023 14:47:48,0.008029168,0.7521683,-0.03383371,0.658053,-3.523879,-7.578964,6.863098,-0.07395522,0.7509263,0.05460351,0.6539563,15.29599,-8.105118,7.309784
06.12.2023 14:47:48,0.008057473,0.7521634,-0.03363619,0.6580684,-3.508956,-7.578033,6.845764,-0.07371671,0.7509598,0.05473502,0.6539338,15.28934,-8.10672,7.279266
06.12.2023 14:47:48,0.008034499,0.7521667,-0.03363172,0.6580651,-3.506844,-7.57856,6.847382,-0.07353384,0.7509501,0.05495544,0.6539471,15.29474,-8.101967,7.246307
06.12.2023 14:47:48,0.007959018,0.752229,-0.03362966,0.6579949,-3.50114,-7.589233,6.853424,-0.07322738,0.7510098,0.05526353,0.6538869,15.29822,-8.107323,7.19693
06.12.2023 14:47:48,0.007893926,0.752171,-0.03364549,0.6580611,-3.497427,-7.578979,6.860535,-0.07332074,0.7509781,0.05534958,0.6539056,15.31281,-8.103699,7.198242
06.12.2023 14:47:48,0.007829973,0.7522686,-0.03379264,0.6579428,-3.505574,-7.59594,6.876648,-0.0734974,0.7509373,0.05524728,0.6539412,15.31735,-8.099678,7.220978
06.12.2023 14:47:48,0.007688217,0.7523193,-0.03380985,0.6578856,-3.496499,-7.604439,6.889923,-0.0734869,0.7509229,0.05521815,0.6539615,15.31409,-8.096848,7.221985
06.12.2023 14:47:48,0.007582151,0.7523351,-0.03381931,0.6578683,-3.489351,-7.606949,6.899719,-0.07371145,0.7509168,0.0549893,0.6539624,15.31116,-8.099594,7.259003
06.12.2023 14:47:48,0.007522301,0.7523529,-0.03373488,0.657853,-3.477594,-7.609848,6.898407,-0.07395724,0.7509904,0.05465518,0.6538782,15.30042,-8.116577,7.307098
06.12.2023 14:47:48,0.00751702,0.7523701,-0.0337885,0.6578307,-3.481874,-7.612862,6.902832,-0.07433685,0.7510287,0.05438586,0.6538135,15.30545,-8.130112,7.361633
06.12.2023 14:47:48,0.00755918,0.7523771,-0.03375487,0.6578239,-3.482175,-7.614166,6.896606,-0.07470612,0.7510979,0.05419363,0.6537079,15.31625,-8.149101,7.409973
06.12.2023 14:47:48,0.007536418,0.7524174,-0.03377996,0.6577767,-3.482738,-7.621162,6.900238,-0.07523885,0.7512577,0.05400291,0.6534789,15.33914,-8.187355,7.474152
06.12.2023 14:47:48,0.007494685,0.7524901,-0.03388825,0.6576885,-3.489148,-7.633804,6.911652,-0.07583213,0.7514169,0.05370173,0.6532521,15.35693,-8.226524,7.552063
06.12.2023 14:47:48,0.007542953,0.752461,-0.0339499,0.6577181,-3.49803,-7.628891,6.912292,-0.07625122,0.751604,0.05356453,0.6529993,15.37573,-8.267616,7.602631
06.12.2023 14:47:48,0.007474843,0.7525118,-0.03397086,0.6576596,-3.494846,-7.637604,6.919495,-0.07637096,0.7516873,0.05367561,0.6528804,15.39404,-8.284988,7.606293
06.12.2023 14:47:48,0.007573089,0.7525252,-0.03406464,0.6576383,-3.510399,-7.640236,6.917999,-0.07578387,0.7518311,0.05423067,0.6527373,15.39764,-8.300026,7.514771
06.12.2023 14:47:48,0.007543447,0.7525118,-0.03411439,0.6576514,-3.512418,-7.637863,6.924408,-0.07562055,0.7518603,0.0545169,0.6526988,15.41013,-8.302628,7.479279
06.12.2023 14:47:48,0.007491947,0.7525226,-0.03410707,0.65764,-3.507931,-7.639626,6.928223,-0.07588004,0.7518751,0.05442725,0.652659,15.42175,-8.310196,7.509338
06.12.2023 14:47:48,0.007575979,0.752449,-0.03418725,0.657719,-3.520982,-7.62706,6.927429,-0.07655286,0.7519087,0.05387613,0.6525876,15.42422,-8.32827,7.611053
06.12.2023 14:47:48,0.007679906,0.7524547,-0.03421474,0.65771,-3.531219,-7.628304,6.920502,-0.07731272,0.7519647,0.05306418,0.6524999,15.4104,-8.351593,7.740417
06.12.2023 14:47:48,0.007713934,0.7524611,-0.03427221,0.6576992,-3.538769,-7.629547,6.921875,-0.07771457,0.7520571,0.05256307,0.6523862,15.39661,-8.374931,7.815216
06.12.2023 14:47:48,0.007841735,0.7524403,-0.03427957,0.6577211,-3.548992,-7.626236,6.911499,-0.07792514,0.7522005,0.05234833,0.6522129,15.3931,-8.404099,7.852356
06.12.2023 14:47:48,0.007860196,0.7523806,-0.03427479,0.6577895,-3.549801,-7.615868,6.909882,-0.07791686,0.7523699,0.05229662,0.6520227,15.38724,-8.433807,7.858215
06.12.2023 14:47:48,0.007783832,0.7523642,-0.0343314,0.6578061,-3.548875,-7.612862,6.920837,-0.0781651,0.7525555,0.0521147,0.6517934,15.38919,-8.471313,7.896942
06.12.2023 14:47:48,0.007847797,0.7523111,-0.03423898,0.6578709,-3.545571,-7.603691,6.9086,-0.07859246,0.7528043,0.05181399,0.6514786,15.39389,-8.523445,7.961548
06.12.2023 14:47:48,0.007905439,0.7523022,-0.03423832,0.6578805,-3.549841,-7.602287,6.903625,-0.0785334,0.7529212,0.05218891,0.6513206,15.42154,-8.543869,7.930176
06.12.2023 14:47:48,0.00795135,0.752254,-0.03430697,0.6579314,-3.559096,-7.594048,6.905121,-0.07816707,0.7529109,0.05338749,0.6512794,15.49847,-8.537399,7.80777
06.12.2023 14:47:48,0.008027946,0.7521879,-0.03417592,0.6580129,-3.553379,-7.582634,6.888977,-0.07822207,0.7529823,0.05361217,0.6511718,15.52182,-8.551735,7.797058
06.12.2023 14:47:48,0.008110636,0.7522107,-0.03408204,0.6579908,-3.551587,-7.586723,6.874603,-0.07885356,0.7528882,0.05342656,0.6512197,15.55331,-8.547607,7.865784
06.12.2023 14:47:48,0.00814172,0.7521853,-0.0339742,0.6580249,-3.544555,-7.582321,6.863922,-0.07989322,0.7527929,0.05300101,0.651238,15.59448,-8.5513,7.988892
06.12.2023 14:47:48,0.008118286,0.7521439,-0.03384573,0.6580791,-3.53158,-7.574959,6.856445,-0.08017505,0.7526906,0.05292267,0.651328,15.60919,-8.538872,8.01825
06.12.2023 14:47:48,0.00809524,0.7520614,-0.03384379,0.6581738,-3.529438,-7.560516,6.858734,-0.08031345,0.7527155,0.05319069,0.6512603,15.64276,-8.54686,8.011017
06.12.2023 14:47:48,0.008185467,0.7520153,-0.0337497,0.6582302,-3.528007,-7.552643,6.844086,-0.08050276,0.7526727,0.05345676,0.6512645,15.68027,-8.543915,8.007355
06.12.2023 14:47:48,0.008233793,0.7519448,-0.03384738,0.6583051,-3.539889,-7.540558,6.847687,-0.08086372,0.7526099,0.05380658,0.6512635,15.73798,-8.541283,8.012482
06.12.2023 14:47:48,0.008413823,0.7518992,-0.0337151,0.6583616,-3.541954,-7.53299,6.822388,-0.08153492,0.7524475,0.05399692,0.6513518,15.80548,-8.527237,8.055573
06.12.2023 14:47:48,0.008487375,0.7518551,-0.03370938,0.6584114,-3.546898,-7.525475,6.815857,-0.08252915,0.7523797,0.05436567,0.6512743,15.91226,-8.537498,8.115875
06.12.2023 14:47:48,0.008436532,0.7517328,-0.03372079,0.6585512,-3.5437,-7.504051,6.821777,-0.08328006,0.7521304,0.05485013,0.651426,16.01175,-8.510834,8.1427
06.12.2023 14:47:48,0.008241517,0.7517686,-0.0339462,0.6585011,-3.548503,-7.509964,6.855438,-0.08374068,0.7521366,0.05574337,0.6512839,16.1239,-8.524307,8.11734
06.12.2023 14:47:49,0.00817052,0.751739,-0.03425471,0.6585199,-3.569665,-7.504837,6.88504,-0.08339594,0.7520475,0.05670834,0.6513478,16.18246,-8.503387,8.012817
06.12.2023 14:47:49,0.008109477,0.7517207,-0.03449896,0.6585287,-3.586067,-7.501678,6.908875,-0.08321787,0.7520444,0.05719174,0.6513317,16.21121,-8.500198,7.960724
06.12.2023 14:47:49,0.008203921,0.751752,-0.03464315,0.6584842,-3.605735,-7.507469,6.911469,-0.08308329,0.751832,0.05770667,0.6515488,16.24689,-8.460869,7.906464
06.12.2023 14:47:49,0.008462294,0.7517034,-0.03453651,0.658542,-3.615929,-7.499596,6.881378,-0.08311455,0.7519093,0.057796,0.6514477,16.25665,-8.475502,7.903931
06.12.2023 14:47:49,0.008759256,0.7517923,-0.03447213,0.6584401,-3.633076,-7.5158,6.850403,-0.08331896,0.7519534,0.05804267,0.6513487,16.29321,-8.488449,7.904602
06.12.2023 14:47:49,0.009008346,0.7517782,-0.03430035,0.6584617,-3.637047,-7.513893,6.81601,-0.08392884,0.7519078,0.05807482,0.6513202,16.34189,-8.493843,7.956055
06.12.2023 14:47:49,0.009084986,0.7517787,-0.03411892,0.6584696,-3.62719,-7.514061,6.795685,-0.08554582,0.7520266,0.05753795,0.6510202,16.41559,-8.549583,8.143311
06.12.2023 14:47:49,0.009145455,0.7518395,-0.03417761,0.6583962,-3.63699,-7.524857,6.794586,-0.08633451,0.7521051,0.05764806,0.6508156,16.48376,-8.58165,8.207306
06.12.2023 14:47:49,0.009110318,0.7518029,-0.03418239,0.6584383,-3.634647,-7.518387,6.798157,-0.08708756,0.7520996,0.05809243,0.6506822,16.5788,-8.599045,8.241699
06.12.2023 14:47:49,0.009000558,0.7517802,-0.03425226,0.6584621,-3.632315,-7.514191,6.813049,-0.08766279,0.752243,0.05832156,0.6504186,16.64102,-8.638397,8.278931
06.12.2023 14:47:49,0.008944095,0.7517664,-0.03420025,0.6584814,-3.623522,-7.511589,6.814056,-0.08741757,0.7524998,0.05842238,0.6501454,16.63019,-8.678719,8.253998
06.12.2023 14:47:49,0.008979954,0.7517192,-0.03419305,0.6585351,-3.625482,-7.503464,6.810669,-0.08716617,0.7525535,0.05883022,0.6500804,16.64667,-8.683586,8.201965
06.12.2023 14:47:49,0.008939043,0.7516232,-0.03424597,0.6586425,-3.626689,-7.486679,6.818726,-0.08676004,0.7522565,0.05922418,0.6504425,16.6521,-8.622513,8.130676
06.12.2023 14:47:49,0.009056146,0.7515835,-0.0343009,0.6586834,-3.640171,-7.480103,6.813019,-0.08694179,0.7521999,0.05919162,0.6504866,16.66312,-8.616524,8.148407
06.12.2023 14:47:49,0.00917241,0.751541,-0.03436345,0.658727,-3.654241,-7.473083,6.807953,-0.08761656,0.7520546,0.05882165,0.6505977,16.68204,-8.605171,8.23407
06.12.2023 14:47:49,0.009243832,0.7514725,-0.03453615,0.6587951,-3.674348,-7.461487,6.815247,-0.08893995,0.7518408,0.05795255,0.6507432,16.70639,-8.595535,8.414063
06.12.2023 14:47:49,0.009256537,0.7514299,-0.03453209,0.6588437,-3.674841,-7.454094,6.814087,-0.08982585,0.7517006,0.0574178,0.6508308,16.72678,-8.589981,8.531158
06.12.2023 14:47:49,0.009311032,0.751448,-0.03446556,0.6588257,-3.673275,-7.457359,6.80423,-0.09018315,0.7516367,0.05707739,0.6508852,16.72418,-8.586136,8.587555
06.12.2023 14:47:49,0.009350522,0.7514108,-0.03433906,0.6588742,-3.665254,-7.450897,6.791473,-0.0900708,0.7516147,0.05731235,0.6509054,16.73636,-8.580215,8.559509
06.12.2023 14:47:49,0.0094377,0.75139,-0.03421129,0.6589034,-3.660774,-7.447433,6.774414,-0.08921731,0.7516323,0.05838576,0.6509072,16.7659,-8.56617,8.402893
06.12.2023 14:47:49,0.009417148,0.7513851,-0.03406571,0.6589168,-3.646654,-7.446404,6.765198,-0.08882657,0.7515752,0.05928969,0.650945,16.81567,-8.549316,8.299225
06.12.2023 14:47:49,0.009394892,0.7513875,-0.03402586,0.6589164,-3.641542,-7.446747,6.764069,-0.08847327,0.7513368,0.05991935,0.6512106,16.84521,-8.500412,8.216034
06.12.2023 14:47:49,0.009199998,0.7514262,-0.03399467,0.6588767,-3.624214,-7.452911,6.77832,-0.08813713,0.7511458,0.06034495,0.6514371,16.85803,-8.459831,8.150482
06.12.2023 14:47:49,0.009091224,0.751406,-0.03406664,0.6588975,-3.622138,-7.449135,6.793243,-0.0882516,0.7510679,0.06003209,0.6515405,16.83975,-8.447777,8.182709
06.12.2023 14:47:49,0.009011667,0.7514603,-0.03407722,0.6588361,-3.617181,-7.458389,6.800598,-0.08882573,0.7510004,0.05900781,0.6516337,16.79401,-8.446396,8.309662
06.12.2023 14:47:49,0.009078038,0.7514735,-0.03413455,0.6588172,-3.62718,-7.460899,6.799164,-0.08948284,0.7509517,0.0578248,0.651706,16.74054,-8.449951,8.456238
06.12.2023 14:47:49,0.009145472,0.7514552,-0.03399128,0.6588445,-3.619876,-7.457809,6.782593,-0.08960731,0.7509539,0.05731897,0.651731,16.70587,-8.451912,8.50528
06.12.2023 14:47:49,0.009263947,0.7514326,-0.03381867,0.6588776,-3.613893,-7.454079,6.75946,-0.08934749,0.7509233,0.05727814,0.6518056,16.68304,-8.440269,8.484406
06.12.2023 14:47:49,0.009194785,0.7514964,-0.03385999,0.6588035,-3.612395,-7.465034,6.768188,-0.08907826,0.7509429,0.05760041,0.6517915,16.6908,-8.438309,8.436493
06.12.2023 14:47:49,0.00907647,0.7515163,-0.03386433,0.6587822,-3.603876,-7.46817,6.778595,-0.08916573,0.7509862,0.05777376,0.6517143,16.71219,-8.448502,8.43219
06.12.2023 14:47:49,0.008924289,0.7515845,-0.03390793,0.6587043,-3.596312,-7.479652,6.794647,-0.0892333,0.7510118,0.05800015,0.6516554,16.73682,-8.455246,8.421814
06.12.2023 14:47:49,0.008850483,0.7515404,-0.03395761,0.6587531,-3.594896,-7.471817,6.805023,-0.08894168,0.7511024,0.05835132,0.6515595,16.74506,-8.465439,8.371002
06.12.2023 14:47:49,0.008721415,0.7515627,-0.03393631,0.6587305,-3.583359,-7.475334,6.814423,-0.08855654,0.7511197,0.05853711,0.6515753,16.7323,-8.460037,8.322815
06.12.2023 14:47:49,0.008633188,0.7515932,-0.03398278,0.6586945,-3.580779,-7.480438,6.825378,-0.08811406,0.7512445,0.05852334,0.6514927,16.69736,-8.471901,8.286346
06.12.2023 14:47:49,0.008619043,0.7516782,-0.03401521,0.6585959,-3.582742,-7.495239,6.828583,-0.0880137,0.7512724,0.05813333,0.6515089,16.65576,-8.473495,8.306946
06.12.2023 14:47:49,0.008568142,0.7516656,-0.03406611,0.6586083,-3.58325,-7.492943,6.836884,-0.08816829,0.7513421,0.05736681,0.6514756,16.60031,-8.487404,8.379364
06.12.2023 14:47:49,0.008552426,0.751747,-0.03391545,0.6585235,-3.569292,-7.506966,6.826416,-0.08845957,0.7513509,0.05658377,0.6514945,16.55396,-8.493622,8.464203
06.12.2023 14:47:49,0.008512446,0.7517859,-0.03397768,0.6584764,-3.571747,-7.51368,6.834351,-0.08855253,0.7513832,0.05615762,0.6514816,16.52365,-8.500381,8.504944
06.12.2023 14:47:49,0.008535733,0.7517773,-0.03396518,0.6584865,-3.572405,-7.512238,6.831451,-0.08859619,0.7513155,0.05605909,0.6515621,16.51871,-8.489128,8.515015
06.12.2023 14:47:49,0.008385069,0.7518719,-0.03397999,0.6583797,-3.562558,-7.528328,6.845062,-0.08860403,0.7513217,0.0564444,0.6515206,16.55276,-8.49144,8.487061
06.12.2023 14:47:49,0.008415988,0.7518618,-0.0341526,0.6583819,-3.579758,-7.526772,6.855499,-0.08863708,0.7513005,0.05663932,0.6515236,16.57233,-8.488953,8.475098
06.12.2023 14:47:49,0.008465276,0.7519808,-0.03421776,0.6582419,-3.589442,-7.547676,6.85553,-0.08859698,0.75126,0.05699268,0.651545,16.60028,-8.481766,8.444366
06.12.2023 14:47:49,0.008413862,0.7520019,-0.03426803,0.6582159,-3.589954,-7.551247,6.863647,-0.08806092,0.7512943,0.05734939,0.6515468,16.591,-8.476379,8.370178
06.12.2023 14:47:49,0.008402435,0.7520236,-0.03429124,0.6581901,-3.591154,-7.555016,6.866272,-0.08784066,0.7512333,0.05731918,0.6516495,16.5722,-8.460396,8.351532
06.12.2023 14:47:49,0.008401193,0.7520805,-0.03438045,0.6581203,-3.598921,-7.565002,6.872803,-0.08796188,0.751161,0.05686476,0.6517564,16.54214,-8.449142,8.395081
06.12.2023 14:47:49,0.008320491,0.7521577,-0.03450482,0.6580266,-3.603779,-7.578339,6.888733,-0.0880555,0.7510884,0.05635244,0.6518719,16.50497,-8.43708,8.440491
06.12.2023 14:47:49,0.008297135,0.7521613,-0.03454445,0.6580207,-3.605445,-7.578934,6.893738,-0.08762325,0.7510809,0.05618028,0.6519536,16.4577,-8.425339,8.414398
06.12.2023 14:47:49,0.008329258,0.7522327,-0.034793,0.6579257,-3.629532,-7.591629,6.909332,-0.0872398,0.7511151,0.0562326,0.6519611,16.43338,-8.42276,8.376678
06.12.2023 14:47:49,0.008367634,0.7523012,-0.03493575,0.6578393,-3.644953,-7.603775,6.916443,-0.08669277,0.7512326,0.05594196,0.6519237,16.36655,-8.430382,8.35141
06.12.2023 14:47:49,0.00846023,0.75236,-0.03503305,0.6577655,-3.660517,-7.614357,6.915466,-0.08678869,0.7513446,0.05541551,0.6518268,16.32739,-8.451065,8.401337
06.12.2023 14:47:49,0.008509733,0.7523858,-0.03511618,0.657731,-3.671509,-7.619041,6.917328,-0.08693287,0.7513666,0.05496542,0.6518204,16.29892,-8.457077,8.448273
06.12.2023 14:47:49,0.008553026,0.7524405,-0.035275,0.6576594,-3.688651,-7.628807,6.925293,-0.08701083,0.7514074,0.05466803,0.651788,16.27869,-8.465317,8.47821
06.12.2023 14:47:49,0.008559241,0.7524918,-0.03536315,0.6575959,-3.696882,-7.637825,6.931122,-0.08704338,0.7513527,0.05452538,0.6518586,16.26901,-8.456001,8.490845
06.12.2023 14:47:49,0.008599412,0.7525719,-0.03527473,0.6575084,-3.692513,-7.651848,6.920532,-0.08709958,0.7512537,0.05462729,0.6519567,16.28259,-8.43998,8.486511
06.12.2023 14:47:49,0.008512832,0.7525967,-0.03529533,0.6574801,-3.68783,-7.655952,6.929413,-0.08693729,0.7512159,0.05494853,0.6519948,16.29858,-8.430428,8.447296
06.12.2023 14:47:49,0.008491033,0.7526323,-0.03528561,0.6574401,-3.685449,-7.662094,6.930359,-0.08661903,0.7512936,0.05547687,0.6519029,16.32028,-8.438324,8.380615
06.12.2023 14:47:49,0.008517087,0.7526762,-0.03534152,0.6573865,-3.692374,-7.669868,6.932098,-0.08586276,0.7513746,0.05575487,0.6518859,16.28745,-8.436317,8.293457
06.12.2023 14:47:49,0.008559144,0.7526707,-0.03536429,0.657391,-3.697499,-7.669044,6.930206,-0.08576766,0.7515012,0.05544967,0.6517785,16.25314,-8.455856,8.309937
06.12.2023 14:47:49,0.008616617,0.7527066,-0.03528613,0.6573533,-3.695189,-7.6754,6.919128,-0.0854801,0.7516194,0.05512238,0.6517078,16.20258,-8.469521,8.310669
06.12.2023 14:47:49,0.008727532,0.7526929,-0.03523728,0.6573702,-3.699301,-7.673271,6.905945,-0.08528553,0.7517293,0.05474741,0.6516382,16.15485,-8.483704,8.323151
06.12.2023 14:47:49,0.008755713,0.7526866,-0.03526641,0.6573755,-3.703926,-7.672256,6.905731,-0.08503689,0.7517073,0.05412133,0.6517484,16.08191,-8.472656,8.34726
06.12.2023 14:47:49,0.008672753,0.7526682,-0.03533604,0.6573939,-3.703626,-7.668877,6.918274,-0.08534354,0.7518034,0.05342567,0.6516548,16.04385,-8.494781,8.428345
06.12.2023 14:47:49,0.008591432,0.7526553,-0.03551285,0.6574003,-3.712722,-7.66655,6.938721,-0.08516464,0.7517768,0.05333583,0.6517162,16.0228,-8.48584,8.418579
06.12.2023 14:47:49,0.00851713,0.7526265,-0.0357785,0.6574198,-3.729974,-7.661522,6.965363,-0.08504221,0.7517592,0.05347401,0.6517411,16.02576,-8.480354,8.396973
06.12.2023 14:47:49,0.008478026,0.7526173,-0.0360094,0.6574183,-3.746939,-7.659996,6.986206,-0.0848343,0.7518875,0.05394067,0.6515818,16.05011,-8.499664,8.345703
06.12.2023 14:47:49,0.008639733,0.7525795,-0.03604323,0.6574575,-3.761953,-7.653862,6.975037,-0.08461956,0.7519564,0.05431031,0.6514995,16.06586,-8.508064,8.300018
06.12.2023 14:47:49,0.008675337,0.7526032,-0.03604994,0.6574295,-3.765291,-7.658096,6.972321,-0.08446398,0.7521393,0.05466106,0.6512792,16.0838,-8.537964,8.263031
06.12.2023 14:47:49,0.008717185,0.7525883,-0.03584389,0.6574574,-3.750609,-7.655434,6.953247,-0.08407552,0.7522761,0.05529132,0.6511182,16.10892,-8.555283,8.183502
06.12.2023 14:47:49,0.008844923,0.7525831,-0.03574258,0.657467,-3.751487,-7.654816,6.93457,-0.08375826,0.7523675,0.05553408,0.6510328,16.1059,-8.56514,8.138519
06.12.2023 14:47:49,0.008739412,0.7526209,-0.03561593,0.657432,-3.732694,-7.661034,6.933929,-0.08361222,0.7523338,0.05545459,0.6510974,16.08823,-8.555725,8.130798
06.12.2023 14:47:49,0.008567052,0.7525277,-0.03551424,0.6575466,-3.710625,-7.644218,6.94165,-0.08377957,0.7522722,0.05517625,0.6511706,16.07681,-8.547783,8.165527
06.12.2023 14:47:49,0.008562972,0.7525085,-0.03551407,0.6575685,-3.710246,-7.640877,6.942108,-0.08370356,0.7522267,0.05499423,0.6512485,16.05551,-8.537544,8.171509
06.12.2023 14:47:49,0.008534901,0.7525765,-0.03551515,0.657491,-3.708421,-7.652664,6.944214,-0.08397286,0.7522297,0.05486612,0.651221,16.06448,-8.543686,8.205261
06.12.2023 14:47:49,0.008522907,0.7525796,-0.03559829,0.6574832,-3.714705,-7.653229,6.951508,-0.08471812,0.7522084,0.05453745,0.6511766,16.09171,-8.55555,8.296234
06.12.2023 14:47:49,0.008620332,0.7526415,-0.03565921,0.6574077,-3.727505,-7.66433,6.947357,-0.08472124,0.7522632,0.05502352,0.651072,16.13397,-8.566597,8.261169
06.12.2023 14:47:49,0.008714451,0.7526535,-0.03572432,0.6573892,-3.740268,-7.666718,6.944061,-0.08471426,0.7523009,0.05539079,0.6509984,16.16522,-8.574066,8.233795
06.12.2023 14:47:49,0.008819107,0.7526448,-0.03578593,0.6573945,-3.753464,-7.665535,6.939728,-0.08414297,0.7524211,0.05614336,0.650869,16.18741,-8.584717,8.128479
06.12.2023 14:47:49,0.009025812,0.7526782,-0.03594276,0.6573448,-3.782711,-7.672058,6.933533,-0.08426333,0.7524263,0.05624783,0.6508384,16.20551,-8.588562,8.131561
06.12.2023 14:47:49,0.009053108,0.75271,-0.03598844,0.6573056,-3.78881,-7.677704,6.934448,-0.08467453,0.7523858,0.0558346,0.6508675,16.20044,-8.589424,8.198578
06.12.2023 14:47:49,0.009135811,0.7527665,-0.03614842,0.6572309,-3.809039,-7.687927,6.939056,-0.08477867,0.7523202,0.05559385,0.6509503,16.18759,-8.579475,8.224731
06.12.2023 14:47:49,0.00933273,0.752829,-0.03628452,0.657149,-3.835842,-7.699493,6.931946,-0.08442786,0.7522602,0.05559393,0.6510652,16.16168,-8.561028,8.19223
06.12.2023 14:47:49,0.009382354,0.7528874,-0.03627703,0.6570819,-3.83911,-7.709808,6.926758,-0.08412968,0.7523057,0.05567539,0.6510442,16.14627,-8.562721,8.160217
06.12.2023 14:47:49,0.009481826,0.7529807,-0.03633621,0.6569702,-3.852002,-7.726433,6.922058,-0.08400777,0.7523153,0.05545555,0.6510677,16.11795,-8.561157,8.165863
06.12.2023 14:47:49,0.009467985,0.7529808,-0.03662294,0.6569544,-3.875737,-7.726631,6.944885,-0.08434984,0.7524105,0.05513196,0.650941,16.1149,-8.584785,8.222321
06.12.2023 14:47:49,0.009461698,0.7530742,-0.03672743,0.6568415,-3.884572,-7.743019,6.952789,-0.08451598,0.7525156,0.0553107,0.6507827,16.14236,-8.607605,8.225708
06.12.2023 14:47:49,0.009403007,0.7531474,-0.03696324,0.6567452,-3.900747,-7.755821,6.97522,-0.08428252,0.7524861,0.05599391,0.6507887,16.18454,-8.598961,8.153259
06.12.2023 14:47:49,0.009306671,0.7532271,-0.03715333,0.6566446,-3.910156,-7.7696,6.997406,-0.08396404,0.7524905,0.05655995,0.6507757,16.20999,-8.594177,8.08255
06.12.2023 14:47:49,0.00929405,0.753297,-0.03732969,0.6565544,-3.924666,-7.781929,7.011383,-0.08349576,0.7525469,0.05720828,0.6507142,16.23114,-8.595573,7.993134
06.12.2023 14:47:49,0.009329407,0.7533052,-0.03735589,0.6565431,-3.929622,-7.78347,7.010254,-0.08353691,0.7525805,0.0574974,0.6506445,16.25925,-8.603218,7.97583
06.12.2023 14:47:49,0.009327342,0.7533449,-0.03729735,0.6565009,-3.924525,-7.790359,7.005768,-0.08375636,0.7525787,0.05717039,0.6506472,16.24719,-8.606857,8.019897
06.12.2023 14:47:50,0.009309225,0.7534711,-0.03734683,0.6563535,-3.927825,-7.812401,7.010315,-0.08385679,0.752585,0.05689805,0.6506509,16.23096,-8.609474,8.049347
06.12.2023 14:47:50,0.00919499,0.7535717,-0.03741433,0.6562358,-3.925363,-7.829704,7.024689,-0.08395797,0.7526299,0.05627427,0.6506401,16.18399,-8.618073,8.105743
06.12.2023 14:47:50,0.009098014,0.7536383,-0.03756563,0.656152,-3.931349,-7.841194,7.044067,-0.0840371,0.7526871,0.05590621,0.6505955,16.15759,-8.629013,8.141296
06.12.2023 14:47:50,0.009010747,0.7537234,-0.03757723,0.6560548,-3.926042,-7.855835,7.051971,-0.08346165,0.7526659,0.05598088,0.6506877,16.12119,-8.612762,8.08374
06.12.2023 14:47:50,0.008976716,0.7537777,-0.03765763,0.6559882,-3.930605,-7.865311,7.060669,-0.08232747,0.7527316,0.05655597,0.6507065,16.08615,-8.601196,7.940308
06.12.2023 14:47:50,0.008808904,0.7539011,-0.03765203,0.655849,-3.917869,-7.886406,7.074036,-0.08143803,0.7526774,0.05715818,0.6508284,16.0723,-8.573967,7.814758
06.12.2023 14:47:50,0.008772445,0.7540076,-0.03752975,0.6557341,-3.904877,-7.904831,7.067322,-0.08126857,0.7527265,0.05710014,0.6507979,16.05438,-8.578896,7.804749
06.12.2023 14:47:50,0.008765073,0.7541238,-0.03760841,0.655596,-3.911498,-7.925201,7.073212,-0.08165567,0.7528242,0.05654889,0.6506845,16.03491,-8.603149,7.882233
06.12.2023 14:47:50,0.008642212,0.7542817,-0.03748204,0.6554232,-3.891809,-7.952393,7.073364,-0.08179249,0.7528859,0.05626272,0.6506208,16.01993,-8.616318,7.916901
06.12.2023 14:47:50,0.008587914,0.7543785,-0.03738794,0.6553179,-3.87988,-7.969101,7.070404,-0.0820694,0.7530077,0.05603614,0.6504645,16.02036,-8.643333,7.960724
06.12.2023 14:47:50,0.008511396,0.7545025,-0.03727604,0.6551825,-3.864824,-7.990501,7.067871,-0.08242027,0.7532309,0.05546341,0.6502107,15.99567,-8.689117,8.038696
06.12.2023 14:47:50,0.00846558,0.7545457,-0.03725222,0.6551346,-3.859451,-7.99794,7.069794,-0.08260085,0.7534243,0.05511168,0.6499935,15.9776,-8.726524,8.084412
06.12.2023 14:47:50,0.008254574,0.7546066,-0.03717408,0.6550717,-3.837003,-8.007965,7.081848,-0.08276673,0.7536304,0.05501491,0.6497417,15.98056,-8.766533,8.110016
06.12.2023 14:47:50,0.008104115,0.7546493,-0.03718721,0.6550235,-3.826959,-8.015068,7.095612,-0.08267466,0.7537966,0.05502864,0.6495595,15.97409,-8.794128,8.103577
06.12.2023 14:47:50,0.008142371,0.7546433,-0.03724246,0.6550269,-3.834603,-8.014145,7.096497,-0.08297829,0.7539096,0.05499857,0.6493922,15.99356,-8.820763,8.134979
06.12.2023 14:47:50,0.008061616,0.7546542,-0.03718114,0.6550189,-3.823253,-8.015808,7.098785,-0.0836314,0.7539437,0.05471569,0.6492926,16.01743,-8.840424,8.215271
06.12.2023 14:47:50,0.008006137,0.7546412,-0.03713528,0.6550371,-3.815065,-8.013344,7.10022,-0.08407704,0.7539153,0.05469002,0.6492702,16.04855,-8.845139,8.256714
06.12.2023 14:47:50,0.008054006,0.7545326,-0.03710327,0.6551635,-3.815547,-7.994423,7.094299,-0.08418171,0.7540327,0.05494358,0.6490988,16.07788,-8.869049,8.249268
06.12.2023 14:47:50,0.008075361,0.754505,-0.03705589,0.6551977,-3.812962,-7.989609,7.08905,-0.08378194,0.7543101,0.05548757,0.648782,16.09418,-8.911057,8.177673
06.12.2023 14:47:50,0.008117083,0.7544312,-0.03708213,0.6552805,-3.818138,-7.976837,7.08783,-0.08334542,0.7544871,0.05594889,0.6485928,16.10104,-8.934204,8.107208
06.12.2023 14:47:50,0.008051757,0.754397,-0.03698466,0.6553263,-3.804673,-7.970596,7.086365,-0.08271006,0.754739,0.05624062,0.6483557,16.078,-8.965981,8.032776
06.12.2023 14:47:50,0.008073398,0.7543212,-0.0370728,0.6554084,-3.813691,-7.957451,7.091553,-0.08268625,0.7549655,0.05598686,0.648117,16.05301,-9.005142,8.053406
06.12.2023 14:47:50,0.008133467,0.7543176,-0.03712831,0.6554085,-3.823007,-7.957039,7.090576,-0.08282415,0.7552505,0.05543613,0.6478146,16.01382,-9.057518,8.111603
06.12.2023 14:47:50,0.008177986,0.7542987,-0.0371658,0.6554276,-3.829543,-7.953865,7.08963,-0.08312684,0.7553405,0.05500962,0.6477073,15.99863,-9.079041,8.172028
06.12.2023 14:47:50,0.008249298,0.7542504,-0.03712739,0.6554845,-3.831432,-7.945572,7.080872,-0.08391594,0.7553858,0.05438884,0.6476051,16.00287,-9.102859,8.289886
06.12.2023 14:47:50,0.008221623,0.7542846,-0.03702446,0.6554512,-3.820546,-7.951408,7.075317,-0.08482323,0.7555286,0.05362932,0.6473835,16.00317,-9.146484,8.430359
06.12.2023 14:47:50,0.008267378,0.7542148,-0.03702718,0.6555308,-3.824005,-7.939323,7.07196,-0.08689536,0.7557892,0.05218916,0.6469222,16.02966,-9.235954,8.728333
06.12.2023 14:47:50,0.008305432,0.7542484,-0.03703094,0.6554915,-3.8273,-7.94529,7.068756,-0.08902659,0.7561879,0.05090221,0.6462686,16.07263,-9.353027,9.022858
06.12.2023 14:47:50,0.008405415,0.7542281,-0.03705433,0.6555123,-3.836788,-7.942017,7.061981,-0.0896479,0.7567205,0.05071926,0.6455733,16.09924,-9.46241,9.101807
06.12.2023 14:47:50,0.008463629,0.754184,-0.03707878,0.6555608,-3.843148,-7.934494,7.059052,-0.08887275,0.7570443,0.051687,0.6452242,16.12466,-9.504868,8.96582
06.12.2023 14:47:50,0.008611929,0.7542024,-0.03711805,0.6555355,-3.857768,-7.938141,7.049042,-0.08838236,0.7573019,0.05227941,0.6449413,16.13873,-9.54126,8.882202
06.12.2023 14:47:50,0.00872411,0.7541763,-0.03703583,0.6555688,-3.859015,-7.9338,7.033295,-0.08732899,0.7574769,0.0533012,0.6447957,16.14938,-9.551071,8.714539
06.12.2023 14:47:50,0.008662207,0.7541122,-0.03702465,0.6556438,-3.853187,-7.922432,7.038208,-0.08642324,0.7576314,0.05409826,0.6446697,16.1514,-9.560234,8.576477
06.12.2023 14:47:50,0.008627478,0.7540932,-0.03707987,0.6556631,-3.855293,-7.919044,7.045471,-0.08591288,0.757695,0.05430558,0.6446458,16.13147,-9.56057,8.516144
06.12.2023 14:47:50,0.008473276,0.7541111,-0.03732075,0.6556309,-3.864589,-7.921951,7.076874,-0.08602377,0.7576378,0.05405494,0.6447194,16.11801,-9.552109,8.543671
06.12.2023 14:47:50,0.008410974,0.7541648,-0.03750888,0.6555592,-3.876354,-7.931335,7.0961,-0.08597337,0.757408,0.05372237,0.6450237,16.08643,-9.508827,8.559662
06.12.2023 14:47:50,0.008262836,0.754181,-0.03766185,0.6555337,-3.878496,-7.933899,7.120361,-0.0855538,0.7572089,0.05389085,0.6452992,16.0712,-9.464104,8.505859
06.12.2023 14:47:50,0.008357801,0.7542108,-0.03776863,0.655492,-3.894985,-7.939453,7.119995,-0.08524638,0.7572501,0.05402121,0.6452807,16.05966,-9.46489,8.469177
06.12.2023 14:47:50,0.008487058,0.7542379,-0.03770726,0.6554627,-3.899489,-7.944489,7.104034,-0.0853568,0.7574191,0.05384492,0.6450824,16.05145,-9.497154,8.495117
06.12.2023 14:47:50,0.008616885,0.754302,-0.03754886,0.6553964,-3.895751,-7.955917,7.080475,-0.08554994,0.7575489,0.05356695,0.6449275,16.04071,-9.524002,8.535339
06.12.2023 14:47:50,0.00880593,0.7543392,-0.03745499,0.6553564,-3.901969,-7.962875,7.056824,-0.08560683,0.7577695,0.05344888,0.6446706,16.03336,-9.564476,8.553009
06.12.2023 14:47:50,0.008833014,0.754417,-0.03737593,0.655271,-3.897406,-7.976501,7.048065,-0.08525779,0.7577821,0.05357522,0.6446915,16.01855,-9.559196,8.51236
06.12.2023 14:47:50,0.008744258,0.7544701,-0.03736207,0.6552119,-3.889693,-7.985527,7.054382,-0.08430228,0.7577987,0.05412662,0.6447517,15.99609,-9.542252,8.385651
06.12.2023 14:47:50,0.008745634,0.7544941,-0.03729044,0.6551882,-3.883668,-7.989685,7.048737,-0.08392169,0.7576549,0.05440801,0.6449466,15.99335,-9.508797,8.328003
06.12.2023 14:47:50,0.008621368,0.7545115,-0.03718523,0.6551759,-3.865262,-7.992294,7.051483,-0.08400579,0.7572842,0.05463451,0.6453517,16.02133,-9.444908,8.312469
06.12.2023 14:47:50,0.008651874,0.75443,-0.03710606,0.6552737,-3.860447,-7.978058,7.043365,-0.08412203,0.7570477,0.05466931,0.6456111,16.03418,-9.405243,8.316284
06.12.2023 14:47:50,0.008553044,0.7544224,-0.03706779,0.655286,-3.849673,-7.976425,7.049072,-0.08434008,0.7567305,0.05472643,0.6459495,16.05698,-9.353516,8.326263
06.12.2023 14:47:50,0.008585661,0.7543913,-0.03695484,0.6553278,-3.842249,-7.97097,7.037933,-0.08408155,0.756658,0.05481179,0.646061,16.04565,-9.335007,8.29538
06.12.2023 14:47:50,0.008656529,0.7542781,-0.03700007,0.6554545,-3.851148,-7.951408,7.035858,-0.08375911,0.7566706,0.05496659,0.646075,16.03522,-9.330536,8.255066
06.12.2023 14:47:50,0.008638773,0.7542052,-0.0370292,0.655537,-3.852106,-7.938629,7.040039,-0.08341605,0.7567398,0.055097,0.6460271,16.02084,-9.335678,8.215668
06.12.2023 14:47:50,0.00873739,0.754136,-0.03689165,0.6556231,-3.84741,-7.926666,7.021545,-0.08341263,0.7567322,0.0549991,0.6460448,16.01208,-9.333977,8.222473
06.12.2023 14:47:50,0.008778612,0.7540928,-0.03691618,0.6556709,-3.852503,-7.919243,7.020081,-0.08389525,0.7566109,0.05416996,0.6461945,15.97592,-9.320641,8.325287
06.12.2023 14:47:50,0.00888959,0.7540217,-0.03690537,0.6557517,-3.859705,-7.907112,7.010071,-0.08395302,0.7565705,0.05365985,0.6462768,15.93579,-9.313293,8.367554
06.12.2023 14:47:50,0.008988755,0.7539598,-0.03683798,0.6558253,-3.861152,-7.8965,6.996765,-0.08349193,0.7564933,0.05363682,0.6464287,15.89996,-9.289223,8.326416
06.12.2023 14:47:50,0.00900498,0.7539123,-0.03672609,0.6558859,-3.852548,-7.888161,6.987213,-0.08301795,0.7565272,0.05436754,0.646389,15.92856,-9.286865,8.230194
06.12.2023 14:47:50,0.008942946,0.7538853,-0.03673121,0.6559175,-3.848236,-7.883278,6.993134,-0.08407039,0.7565083,0.0539482,0.6463103,15.97003,-9.305588,8.355713
06.12.2023 14:47:50,0.008927144,0.7538775,-0.03672051,0.6559274,-3.846096,-7.881844,6.993744,-0.08400704,0.7565184,0.05320678,0.6463682,15.90042,-9.303925,8.40509
06.12.2023 14:47:50,0.008904911,0.7538484,-0.03683429,0.6559547,-3.854178,-7.876793,7.004425,-0.08234729,0.7565455,0.05391955,0.646491,15.83951,-9.274216,8.203308
06.12.2023 14:47:50,0.00882817,0.7538852,-0.03690442,0.6559095,-3.854579,-7.883064,7.016113,-0.08108941,0.7565589,0.05482285,0.6465583,15.8251,-9.251862,8.023407
06.12.2023 14:47:50,0.00883749,0.753869,-0.03687602,0.6559296,-3.852774,-7.880249,7.013275,-0.080786,0.7565073,0.05478927,0.6466595,15.79987,-9.236046,7.997742
06.12.2023 14:47:50,0.008978195,0.7538706,-0.03682131,0.6559289,-3.858642,-7.880867,6.996948,-0.08113784,0.7562912,0.05384693,0.6469473,15.74463,-9.202438,8.095612
06.12.2023 14:47:50,0.008923372,0.7538708,-0.03664264,0.6559395,-3.839055,-7.8806,6.988251,-0.08124194,0.7562221,0.0534896,0.6470447,15.72144,-9.191383,8.13031
06.12.2023 14:47:50,0.008986401,0.7539057,-0.03652719,0.6559049,-3.833918,-7.886787,6.973877,-0.08108035,0.7563761,0.05370672,0.6468669,15.72769,-9.215988,8.102264
06.12.2023 14:47:50,0.008974177,0.7539276,-0.03649068,0.6558819,-3.829904,-7.890556,6.972076,-0.08095168,0.7564835,0.05389734,0.6467416,15.73428,-9.232925,8.078369
06.12.2023 14:47:50,0.008966479,0.7539568,-0.03643718,0.6558514,-3.824783,-7.895599,6.968536,-0.0811941,0.7566347,0.05377343,0.6465447,15.74072,-9.264793,8.111877
06.12.2023 14:47:50,0.00904294,0.7539839,-0.03656143,0.6558123,-3.841374,-7.900658,6.97113,-0.0813155,0.7567269,0.05384111,0.6464158,15.75522,-9.284081,8.119324
06.12.2023 14:47:50,0.009067314,0.7539738,-0.03666676,0.6558177,-3.852294,-7.89904,6.97699,-0.08111744,0.7568149,0.05410853,0.6463153,15.76349,-9.296272,8.083191
06.12.2023 14:47:50,0.009009376,0.7540612,-0.03664061,0.6557195,-3.845932,-7.914139,6.979523,-0.08088014,0.7567157,0.0546172,0.6464184,15.79083,-9.274834,8.022491
06.12.2023 14:47:50,0.0089823,0.7540145,-0.03667261,0.6557718,-3.84652,-7.905922,6.984558,-0.08091556,0.7566274,0.05470125,0.6465102,15.80124,-9.26004,8.017944
06.12.2023 14:47:50,0.008941098,0.7539848,-0.03669041,0.6558055,-3.844868,-7.900627,6.989624,-0.08080599,0.7563732,0.05487217,0.6468068,15.80923,-9.212746,7.99115
06.12.2023 14:47:50,0.008847332,0.7540343,-0.03676454,0.6557456,-3.844375,-7.909103,7.003052,-0.08070999,0.7562532,0.0549683,0.646951,15.81104,-9.189514,7.973358
06.12.2023 14:47:50,0.008880993,0.7540977,-0.03674721,0.6556733,-3.845602,-7.920258,6.998444,-0.08067602,0.7561667,0.05503212,0.6470509,15.81451,-9.1735,7.964111
06.12.2023 14:47:50,0.008789385,0.7540493,-0.03672811,0.6557313,-3.836904,-7.911514,7.005219,-0.08048299,0.7560345,0.05531783,0.6472051,15.82571,-9.146545,7.92334
06.12.2023 14:47:50,0.008766714,0.754122,-0.03674101,0.6556473,-3.836536,-7.924187,7.007751,-0.0802257,0.7559358,0.05571606,0.647318,15.84183,-9.124542,7.868988
06.12.2023 14:47:50,0.008782811,0.7541129,-0.03671226,0.6556591,-3.835232,-7.922615,7.004242,-0.0802389,0.75594,0.05569167,0.6473136,15.84067,-9.125496,7.87207
06.12.2023 14:47:50,0.008707915,0.7541385,-0.03674438,0.6556288,-3.832451,-7.926918,7.01297,-0.08039889,0.7559226,0.05555809,0.6473255,15.84097,-9.125435,7.896057
06.12.2023 14:47:50,0.008739847,0.7541838,-0.03670373,0.6555786,-3.831476,-7.934891,7.006897,-0.08091439,0.7560017,0.0550612,0.6472114,15.83551,-9.149223,7.980591
06.12.2023 14:47:50,0.00875026,0.7542145,-0.03676031,0.65554,-3.837251,-7.940331,7.010071,-0.08120756,0.7560629,0.05478215,0.6471269,15.83264,-9.165688,8.028656
06.12.2023 14:47:50,0.00873536,0.7542294,-0.03681438,0.65552,-3.840856,-7.94294,7.01535,-0.08124836,0.7561858,0.05476693,0.6469795,15.83374,-9.188469,8.035553
06.12.2023 14:47:50,0.00873033,0.7542499,-0.03681432,0.6554964,-3.840535,-7.946526,7.015656,-0.08123689,0.7562846,0.05489199,0.6468548,15.84338,-9.206207,8.026917
06.12.2023 14:47:50,0.00868017,0.7543185,-0.03685934,0.6554157,-3.840868,-7.95842,7.02298,-0.08082718,0.7564052,0.05520876,0.6467382,15.84009,-9.219818,7.968628
06.12.2023 14:47:50,0.008734763,0.7543514,-0.03682227,0.6553792,-3.841869,-7.964294,7.015289,-0.08018514,0.7564185,0.05581952,0.64675,15.84573,-9.210167,7.865845
06.12.2023 14:47:50,0.008728156,0.7543201,-0.03695669,0.6554077,-3.852914,-7.958908,7.026154,-0.0794735,0.7564039,0.05626575,0.6468163,15.83194,-9.193687,7.768555
06.12.2023 14:47:50,0.008761703,0.7543377,-0.03690574,0.6553899,-3.851081,-7.962036,7.019318,-0.07962432,0.7564327,0.05579774,0.6468046,15.80209,-9.200752,7.817291
06.12.2023 14:47:50,0.008722804,0.7543485,-0.03693262,0.6553766,-3.850514,-7.963837,7.024628,-0.08011122,0.7564757,0.05524285,0.6467418,15.78955,-9.217247,7.902924
06.12.2023 14:47:50,0.008759934,0.7543817,-0.03685936,0.6553419,-3.847068,-7.969688,7.015717,-0.08032913,0.7565539,0.05483461,0.6466581,15.76968,-9.234749,7.954102
06.12.2023 14:47:50,0.008883479,0.7543036,-0.03696188,0.6554243,-3.865002,-7.956459,7.013184,-0.08003426,0.7568051,0.05478707,0.6464046,15.74249,-9.273239,7.935333
06.12.2023 14:47:50,0.008940876,0.7542872,-0.03686166,0.6554481,-3.860595,-7.953667,7.000763,-0.07918236,0.7568617,0.05553951,0.6463791,15.74481,-9.267403,7.803955
06.12.2023 14:47:50,0.008984912,0.754303,-0.03683229,0.6554309,-3.861415,-7.956528,6.994659,-0.07861244,0.756834,0.05617605,0.6464261,15.7583,-9.252243,7.705109
06.12.2023 14:47:50,0.008966275,0.7542931,-0.03683286,0.6554425,-3.860032,-7.954742,6.996368,-0.078436,0.7568126,0.05642315,0.6464511,15.76688,-9.245392,7.670563
06.12.2023 14:47:51,0.008916897,0.7542254,-0.03682578,0.6555215,-3.855495,-7.942757,7.000519,-0.07861439,0.7568004,0.05655562,0.6464322,15.79178,-9.247292,7.676575
06.12.2023 14:47:51,0.009105338,0.7542753,-0.03683702,0.6554609,-3.870804,-7.952019,6.984741,-0.07895861,0.7567428,0.0564299,0.6464686,15.80658,-9.243866,7.715851
06.12.2023 14:47:51,0.009229789,0.7542208,-0.03689728,0.6555184,-3.885224,-7.942902,6.978851,-0.07977934,0.756714,0.05557755,0.6464753,15.79312,-9.253716,7.852295
06.12.2023 14:47:51,0.009321656,0.7541366,-0.0368053,0.6556192,-3.883924,-7.928345,6.964478,-0.08011764,0.7567509,0.05510456,0.6464307,15.7767,-9.266197,7.918396
06.12.2023 14:47:51,0.009412271,0.7541725,-0.03681564,0.6555761,-3.891748,-7.934891,6.957184,-0.08011431,0.7568634,0.05505039,0.6463041,15.77121,-9.286079,7.924011
06.12.2023 14:47:51,0.009406339,0.7541901,-0.03702449,0.6555441,-3.909433,-7.938133,6.973328,-0.08006357,0.7570177,0.05546831,0.646094,15.80331,-9.313728,7.891083
06.12.2023 14:47:51,0.009230192,0.7542097,-0.03736815,0.6555046,-3.925982,-7.941338,7.014343,-0.07928685,0.757177,0.05668108,0.6458978,15.8511,-9.329109,7.7341
06.12.2023 14:47:51,0.009087878,0.7543323,-0.03776749,0.6553426,-3.950225,-7.962715,7.055969,-0.07847581,0.7572235,0.05815028,0.6458117,15.91934,-9.324455,7.553131
06.12.2023 14:47:51,0.00902014,0.7544783,-0.03808405,0.655157,-3.973001,-7.98835,7.084808,-0.07753792,0.7573161,0.0603704,0.6456127,16.0437,-9.327705,7.305908
06.12.2023 14:47:51,0.009095545,0.7546031,-0.03831349,0.6549989,-3.998944,-8.010597,7.094757,-0.07708162,0.7574713,0.06170734,0.6453587,16.12637,-9.349846,7.168518
06.12.2023 14:47:51,0.009291492,0.7547207,-0.03836052,0.6548579,-4.018133,-8.031799,7.080627,-0.076725,0.757593,0.06223352,0.6452079,16.14557,-9.365791,7.099579
06.12.2023 14:47:51,0.009540499,0.7549167,-0.03830524,0.6546315,-4.032687,-8.066833,7.05368,-0.07685997,0.75759,0.06180608,0.6452364,16.11816,-9.366821,7.143341
06.12.2023 14:47:51,0.009776772,0.7550833,-0.03832171,0.654435,-4.052396,-8.096725,7.033417,-0.07692985,0.7575477,0.06166274,0.6452914,16.11093,-9.360283,7.159515
06.12.2023 14:47:51,0.00988734,0.7552327,-0.03833287,0.6542602,-4.062136,-8.123268,7.023743,-0.07730835,0.7575607,0.0608599,0.6453072,16.06866,-9.368156,7.253235
06.12.2023 14:47:51,0.009899175,0.7553822,-0.03836818,0.6540853,-4.066549,-8.149567,7.024445,-0.07787086,0.7574485,0.06029493,0.6454242,16.06137,-9.358131,7.343719
06.12.2023 14:47:51,0.009840728,0.7554997,-0.03851197,0.653942,-4.074993,-8.170113,7.039581,-0.07884071,0.7573185,0.05907563,0.6455718,16.02707,-9.351707,7.519043
06.12.2023 14:47:51,0.009843417,0.7555513,-0.03872729,0.6538697,-4.094031,-8.179359,7.055206,-0.07894626,0.7573647,0.05868467,0.6455404,16.00049,-9.361107,7.558289
06.12.2023 14:47:51,0.009837305,0.7555803,-0.03878639,0.6538329,-4.09879,-8.184471,7.059998,-0.07857833,0.757399,0.05900275,0.6455161,16.00089,-9.360405,7.502228
06.12.2023 14:47:51,0.009840347,0.7556489,-0.03879847,0.6537529,-4.100282,-8.196518,7.060211,-0.07831188,0.7575187,0.05926086,0.6453843,16.00327,-9.376999,7.461212
06.12.2023 14:47:51,0.009849024,0.7557631,-0.03896956,0.6536104,-4.116137,-8.216759,7.071594,-0.07852948,0.7576328,0.05960709,0.645192,16.04932,-9.402977,7.457123
06.12.2023 14:47:51,0.009927706,0.7558397,-0.03901963,0.6535177,-4.12663,-8.230484,7.068024,-0.07922454,0.7577038,0.05930017,0.6450519,16.07373,-9.429482,7.54364
06.12.2023 14:47:51,0.009949246,0.755954,-0.03906006,0.6533827,-4.132117,-8.250656,7.068481,-0.0796468,0.7578712,0.05901165,0.6448296,16.07907,-9.467636,7.605927
06.12.2023 14:47:51,0.01002791,0.756112,-0.03917628,0.6531917,-4.148608,-8.27874,7.069366,-0.0798393,0.7581812,0.05856857,0.6444818,16.05325,-9.526039,7.661438
06.12.2023 14:47:51,0.0100126,0.7561537,-0.03914255,0.6531456,-4.144662,-8.285995,7.067902,-0.08025729,0.7585344,0.05775839,0.6440873,16.01166,-9.596031,7.765076
06.12.2023 14:47:51,0.009971024,0.7561857,-0.03913665,0.6531096,-4.141133,-8.291473,7.070862,-0.0809164,0.7585968,0.0568746,0.6440099,15.98264,-9.618866,7.890869
06.12.2023 14:47:51,0.01005108,0.7561841,-0.03898303,0.6531194,-4.133798,-8.291306,7.052399,-0.08158702,0.758599,0.05621994,0.6439803,15.97482,-9.631905,7.999756
06.12.2023 14:47:51,0.01000893,0.7561609,-0.03895633,0.6531485,-4.128244,-8.287071,7.054199,-0.0819277,0.7583573,0.05633807,0.6442113,16.01151,-9.596298,8.017609
06.12.2023 14:47:51,0.009979053,0.7561495,-0.03886468,0.6531677,-4.118012,-8.284889,7.049988,-0.0815372,0.7581487,0.05720535,0.6444299,16.05963,-9.552864,7.914703
06.12.2023 14:47:51,0.009894316,0.7561388,-0.03882523,0.6531836,-4.108197,-8.282715,7.054443,-0.08104641,0.7580268,0.05801342,0.6445629,16.09467,-9.52269,7.808624
06.12.2023 14:47:51,0.009685186,0.7561032,-0.03878039,0.6532307,-4.088502,-8.27578,7.069458,-0.08032355,0.75811,0.05889617,0.6444756,16.11813,-9.524582,7.679626
06.12.2023 14:47:51,0.009598977,0.7561017,-0.0387136,0.6532375,-4.076232,-8.275215,7.07193,-0.08053736,0.7582272,0.05880589,0.6443191,16.12558,-9.549957,7.707642
06.12.2023 14:47:51,0.009547999,0.7560236,-0.03869211,0.65333,-4.070293,-8.261314,7.075226,-0.08117896,0.7584222,0.05827225,0.6440576,16.12546,-9.597267,7.80835
06.12.2023 14:47:51,0.009493026,0.7558931,-0.03859122,0.6534879,-4.056999,-8.238144,7.073242,-0.08110256,0.7585413,0.0584464,0.6439112,16.13455,-9.617493,7.79068
06.12.2023 14:47:51,0.00947656,0.7557508,-0.03850644,0.6536576,-4.047956,-8.213051,7.069183,-0.08060171,0.7587232,0.05885691,0.6437222,16.13272,-9.640541,7.718353
06.12.2023 14:47:51,0.009453511,0.7557354,-0.03832107,0.6536867,-4.030096,-8.210114,7.057373,-0.08051523,0.7587851,0.0588673,0.6436592,16.12698,-9.649834,7.710846
06.12.2023 14:47:51,0.009400486,0.7556883,-0.038237,0.6537468,-4.018673,-8.201614,7.055939,-0.0812585,0.7589054,0.05790547,0.6435113,16.09702,-9.684677,7.851044
06.12.2023 14:47:51,0.009380076,0.7556451,-0.03822065,0.653798,-4.015586,-8.19397,7.056732,-0.08193122,0.7588586,0.0569101,0.6435699,16.05963,-9.688026,7.984406
06.12.2023 14:47:51,0.009312891,0.7556325,-0.03829144,0.6538094,-4.016643,-8.191628,7.067963,-0.08182405,0.7587784,0.05678834,0.6436889,16.04138,-9.670921,7.9823
06.12.2023 14:47:51,0.009232288,0.7555858,-0.03828457,0.6538648,-4.009846,-8.183205,7.074738,-0.08127293,0.7587358,0.05719512,0.6437728,16.03653,-9.652466,7.901794
06.12.2023 14:47:51,0.00920303,0.7556142,-0.03834608,0.6538289,-4.013073,-8.188141,7.081726,-0.08079495,0.7586898,0.05763889,0.6438476,16.04028,-9.635162,7.825104
06.12.2023 14:47:51,0.009116245,0.7556375,-0.03827183,0.6538075,-4.000191,-8.191917,7.083527,-0.08035364,0.7585853,0.05815357,0.6439797,16.05325,-9.608376,7.745483
06.12.2023 14:47:51,0.009020688,0.7557157,-0.03821412,0.6537219,-3.98826,-8.205307,7.087006,-0.08029508,0.758515,0.05823687,0.6440623,16.05652,-9.594749,7.732819
06.12.2023 14:47:51,0.00902827,0.7557236,-0.03827908,0.6537088,-3.994489,-8.206779,7.091156,-0.08035429,0.7585028,0.05820319,0.6440722,16.05798,-9.593742,7.740448
06.12.2023 14:47:51,0.008980488,0.7557826,-0.03827057,0.6536416,-3.990352,-8.216995,7.094299,-0.08063252,0.7585239,0.05780826,0.6440483,16.04385,-9.602356,7.795074
06.12.2023 14:47:51,0.008955548,0.7558174,-0.03831186,0.6535994,-3.992174,-8.223045,7.099365,-0.08095705,0.758666,0.05698608,0.6439134,15.99512,-9.6325,7.887512
06.12.2023 14:47:51,0.008927157,0.7558515,-0.0383604,0.6535574,-3.994365,-8.229012,7.105255,-0.08103566,0.7587836,0.0562836,0.6438268,15.93878,-9.653267,7.948486
06.12.2023 14:47:51,0.008894937,0.7559015,-0.03837222,0.6534994,-3.993133,-8.237701,7.108643,-0.08089801,0.7588659,0.05579718,0.6437895,15.88556,-9.663666,7.973358
06.12.2023 14:47:51,0.008939615,0.7559543,-0.0384064,0.6534357,-3.999622,-8.247124,7.106995,-0.0808598,0.7588044,0.05586027,0.6438613,15.88855,-9.651978,7.964203
06.12.2023 14:47:51,0.00882648,0.7559977,-0.03846075,0.6533839,-3.995989,-8.254463,7.120636,-0.08084103,0.7586635,0.05609566,0.6440092,15.90845,-9.626961,7.942719
06.12.2023 14:47:51,0.00890433,0.7560121,-0.03854205,0.6533613,-4.008933,-8.257301,7.119904,-0.08078093,0.7584658,0.05683513,0.6441848,15.96976,-9.592308,7.879303
06.12.2023 14:47:51,0.00878016,0.7560335,-0.03850014,0.6533407,-3.996047,-8.260651,7.12738,-0.08066327,0.7582994,0.05781812,0.6443079,16.04797,-9.562759,7.793213
06.12.2023 14:47:51,0.008868125,0.7560027,-0.03852329,0.6533738,-4.004558,-8.255508,7.121674,-0.08059689,0.758243,0.05862799,0.6443093,16.11432,-9.553551,7.72641
06.12.2023 14:47:51,0.008898185,0.7560166,-0.03860761,0.6533524,-4.014175,-8.25811,7.125336,-0.08040312,0.7582338,0.05935762,0.6442775,16.164,-9.549866,7.654877
06.12.2023 14:47:51,0.008956355,0.7560216,-0.0386747,0.6533418,-4.02438,-8.259216,7.125275,-0.07996859,0.758228,0.06004068,0.6442751,16.19171,-9.541481,7.565094
06.12.2023 14:47:51,0.009021021,0.7559397,-0.03871778,0.6534331,-4.032705,-8.245064,7.123413,-0.07903673,0.7583356,0.06051004,0.6442196,16.16342,-9.542313,7.448273
06.12.2023 14:47:51,0.00894839,0.7559003,-0.03864539,0.6534839,-4.020844,-8.237885,7.124512,-0.07832506,0.7585676,0.06037756,0.6440459,16.09818,-9.568565,7.39798
06.12.2023 14:47:51,0.008968876,0.7558681,-0.03871442,0.6535168,-4.028267,-8.232346,7.128113,-0.07911015,0.7587584,0.05867298,0.6438827,16.00604,-9.614433,7.597961
06.12.2023 14:47:51,0.009062349,0.75581,-0.03866434,0.6535857,-4.030749,-8.222374,7.116608,-0.08013332,0.7586957,0.0575981,0.643927,15.98773,-9.621872,7.768524
06.12.2023 14:47:51,0.009084682,0.7557547,-0.03867656,0.6536486,-4.033307,-8.212753,7.115936,-0.08031771,0.7586687,0.05716698,0.6439743,15.96368,-9.619728,7.816528
06.12.2023 14:47:51,0.009141401,0.7557668,-0.03857368,0.6536399,-4.028679,-8.214935,7.10321,-0.07986235,0.7587671,0.0573164,0.6439017,15.94266,-9.628075,7.766113
06.12.2023 14:47:51,0.009151946,0.7556734,-0.03849546,0.6537523,-4.022385,-8.198517,7.096985,-0.07871885,0.7587996,0.05862178,0.6438868,15.97241,-9.613419,7.5672
06.12.2023 14:47:51,0.009184063,0.7556716,-0.03837747,0.6537609,-4.014555,-8.198189,7.085358,-0.07769872,0.7586728,0.05976772,0.6440547,15.99789,-9.572594,7.388428
06.12.2023 14:47:51,0.009142881,0.7556145,-0.03827779,0.6538334,-4.002635,-8.187958,7.081787,-0.07574666,0.7582428,0.06203967,0.6445785,16.05386,-9.461761,7.037262
06.12.2023 14:47:51,0.009216778,0.7555517,-0.03817429,0.6539109,-3.999007,-8.177078,7.067993,-0.07461003,0.7578708,0.06340642,0.6450155,16.09036,-9.375946,6.827393
06.12.2023 14:47:51,0.009301795,0.7554882,-0.03805514,0.65399,-3.994859,-8.166092,7.052063,-0.07477369,0.7575202,0.06371352,0.645378,16.13043,-9.317261,6.813232
06.12.2023 14:47:51,0.009364973,0.7554443,-0.03786436,0.6540509,-3.982924,-8.158401,7.032532,-0.07629134,0.7572609,0.06359942,0.6455159,16.23404,-9.30127,6.953552
06.12.2023 14:47:51,0.009291971,0.7553568,-0.03788839,0.6541515,-3.979252,-8.142883,7.041199,-0.07734951,0.7569689,0.06346969,0.6457451,16.30228,-9.270393,7.053162
06.12.2023 14:47:51,0.00929176,0.7553265,-0.0378536,0.6541886,-3.976125,-8.13752,7.038757,-0.07903911,0.7566655,0.06257734,0.6459832,16.35083,-9.248894,7.26593
06.12.2023 14:47:51,0.009129182,0.7552842,-0.03792715,0.6542354,-3.970155,-8.129715,7.058655,-0.08021067,0.7565991,0.06196747,0.6459754,16.3848,-9.260185,7.415436
06.12.2023 14:47:51,0.009003567,0.7552485,-0.03818874,0.6542631,-3.983281,-8.123322,7.089417,-0.08118965,0.7569503,0.06172128,0.645465,16.43463,-9.343521,7.528168
06.12.2023 14:47:51,0.008998981,0.755144,-0.03841481,0.6543706,-4.002199,-8.105179,7.107452,-0.08148341,0.7569798,0.0626025,0.6453086,16.53354,-9.35778,7.489929
06.12.2023 14:47:51,0.009023011,0.7551067,-0.03847414,0.6544099,-4.009028,-8.098755,7.110046,-0.08101671,0.7571188,0.06393299,0.6450737,16.61493,-9.376495,7.351837
06.12.2023 14:47:51,0.009230877,0.7550579,-0.03847573,0.6544632,-4.024632,-8.090797,7.092468,-0.07828221,0.7575426,0.06725267,0.6445761,16.70139,-9.4039,6.867157
06.12.2023 14:47:51,0.009404399,0.7550513,-0.03816215,0.6544867,-4.010476,-8.089874,7.053894,-0.07469826,0.7577451,0.07154524,0.6443011,16.81091,-9.379044,6.22998
06.12.2023 14:47:51,0.009444946,0.7549775,-0.03803344,0.6545787,-4.002138,-8.076958,7.041138,-0.07250667,0.758005,0.0740888,0.6439582,16.87057,-9.389572,5.848999
06.12.2023 14:47:51,0.009522007,0.7549891,-0.03789539,0.6545722,-3.996004,-8.079102,7.024017,-0.07216386,0.7581314,0.07584415,0.6436434,16.99902,-9.410934,5.690399
06.12.2023 14:47:51,0.00939093,0.7549167,-0.03773417,0.6546669,-3.971954,-8.065887,7.023682,-0.07349987,0.7582425,0.07552134,0.6433994,17.07001,-9.456566,5.836761
06.12.2023 14:47:51,0.009345047,0.7549126,-0.03770318,0.6546741,-3.965807,-8.06501,7.02536,-0.07647837,0.758366,0.07304554,0.6431924,17.07379,-9.532043,6.291046
06.12.2023 14:47:51,0.009264247,0.7548281,-0.03760158,0.6547785,-3.950667,-8.049889,7.025238,-0.07887971,0.7585202,0.07006601,0.643052,16.98996,-9.601143,6.731201
06.12.2023 14:47:51,0.009295704,0.7548126,-0.03754596,0.6547991,-3.948166,-8.047218,7.018402,-0.07913478,0.7587277,0.06857982,0.6429361,16.87775,-9.639313,6.867981
06.12.2023 14:47:51,0.009231833,0.75479,-0.03743891,0.6548322,-3.934018,-8.042984,7.016022,-0.07640787,0.7590038,0.06805733,0.6429956,16.62888,-9.629913,6.665436
06.12.2023 14:47:51,0.009315209,0.7546583,-0.03730962,0.6549902,-3.928685,-8.02005,6.999878,-0.07483532,0.7591635,0.06857171,0.6429374,16.55704,-9.62796,6.488525
06.12.2023 14:47:51,0.009392748,0.7545193,-0.03733168,0.6551479,-3.936005,-7.995972,6.995667,-0.07469562,0.7592538,0.06954607,0.6427423,16.63208,-9.644363,6.405548
06.12.2023 14:47:51,0.009541458,0.7544891,-0.03737381,0.6551782,-3.95075,-7.991135,6.986115,-0.07492929,0.759196,0.06998467,0.6427358,16.68808,-9.64006,6.393158
06.12.2023 14:47:51,0.009541517,0.7544338,-0.03739318,0.6552408,-3.952264,-7.981468,6.987915,-0.07460193,0.7592734,0.07053965,0.6426218,16.7124,-9.649055,6.324066
06.12.2023 14:47:51,0.009590751,0.7544506,-0.03749398,0.6552148,-3.964749,-7.984657,6.99115,-0.07279998,0.759535,0.07199615,0.6423577,16.70627,-9.664467,6.058777
06.12.2023 14:47:51,0.009641824,0.7544032,-0.03743884,0.6552719,-3.963674,-7.976448,6.982849,-0.07103322,0.7598157,0.07326415,0.6420801,16.68628,-9.684227,5.811035
06.12.2023 14:47:51,0.009641885,0.7543896,-0.03747184,0.6552856,-3.966495,-7.974106,6.985413,-0.070543,0.7603829,0.07280488,0.6415147,16.60876,-9.775612,5.811218
06.12.2023 14:47:51,0.009715751,0.7544289,-0.03733511,0.655247,-3.960332,-7.981102,6.968475,-0.07116378,0.7606099,0.07152222,0.6413212,16.54156,-9.824661,5.966003
06.12.2023 14:47:51,0.009668862,0.7544268,-0.03731342,0.6552514,-3.954919,-7.98056,6.970917,-0.07209298,0.7604433,0.06946542,0.641641,16.42966,-9.80645,6.198517
06.12.2023 14:47:52,0.009497694,0.7544551,-0.03727388,0.6552237,-3.9387,-7.984962,6.982605,-0.07188229,0.7600288,0.06850428,0.6422588,16.33029,-9.724663,6.243011
06.12.2023 14:47:52,0.00937546,0.754496,-0.03730525,0.6551765,-3.932344,-7.991806,6.9953,-0.07122181,0.7599487,0.06862049,0.6424147,16.29169,-9.697708,6.173523
06.12.2023 14:47:52,0.009314301,0.7544973,-0.03733604,0.6551741,-3.930413,-7.991875,7.002899,-0.07066596,0.7599311,0.06911631,0.6424437,16.2941,-9.685265,6.086578
06.12.2023 14:47:52,0.009336501,0.754532,-0.03734542,0.6551333,-3.933002,-7.998032,7.001495,-0.07035702,0.7600014,0.06962273,0.6423398,16.31558,-9.693497,6.022614
06.12.2023 14:47:52,0.00931537,0.7545238,-0.03736085,0.6551422,-3.932723,-7.996536,7.004517,-0.06926547,0.7601364,0.07116988,0.6421292,16.37048,-9.70163,5.8125
06.12.2023 14:47:52,0.00944988,0.7545694,-0.03733993,0.6550889,-3.94117,-8.004906,6.991028,-0.06803076,0.7602664,0.07259414,0.6419478,16.40402,-9.706131,5.598511
06.12.2023 14:47:52,0.00934108,0.7545829,-0.0372962,0.6550775,-3.929238,-8.006905,6.99707,-0.06714665,0.76028,0.07377049,0.6418907,16.44189,-9.695709,5.432312
06.12.2023 14:47:52,0.009308182,0.7546369,-0.03720411,0.655021,-3.918952,-8.016197,6.992676,-0.06753024,0.7602228,0.07341862,0.6419586,16.43945,-9.691437,5.491791
06.12.2023 14:47:52,0.009271246,0.7546591,-0.03724646,0.6549934,-3.91991,-8.02002,6.998932,-0.06791904,0.7601725,0.07292783,0.642033,16.42517,-9.688126,5.562103
06.12.2023 14:47:52,0.009005437,0.7547227,-0.03723096,0.6549248,-3.898769,-8.030373,7.020386,-0.06875458,0.7596884,0.07185818,0.6426374,16.39362,-9.613335,5.707611
06.12.2023 14:47:52,0.008902609,0.7547149,-0.03729828,0.6549314,-3.896844,-8.028778,7.034424,-0.06941725,0.7592858,0.07131459,0.6431023,16.39554,-9.551758,5.800171
06.12.2023 14:47:52,0.008736277,0.7547128,-0.03727678,0.6549373,-3.882464,-8.027931,7.047211,-0.06936584,0.7584653,0.07229067,0.6439666,16.47839,-9.406105,5.708466
06.12.2023 14:47:52,0.008670268,0.7547764,-0.03717757,0.6548705,-3.869105,-8.038811,7.045105,-0.0690645,0.757767,0.07425561,0.6445971,16.62903,-9.280731,5.522949
06.12.2023 14:47:52,0.008561928,0.75477,-0.03719692,0.6548782,-3.862613,-8.037407,7.055969,-0.06917803,0.757086,0.07657555,0.6451135,16.84143,-9.167427,5.348175
06.12.2023 14:47:52,0.008463851,0.7548374,-0.03711616,0.6548063,-3.848454,-8.048882,7.057983,-0.06986292,0.756577,0.0782408,0.6454371,17.03885,-9.094025,5.276184
06.12.2023 14:47:52,0.008397745,0.7548849,-0.03713957,0.6547511,-3.845661,-8.057053,7.065216,-0.07060801,0.7563614,0.07929301,0.6454802,17.18686,-9.072815,5.26062
06.12.2023 14:47:52,0.008318481,0.7549026,-0.03709301,0.6547343,-3.835723,-8.059898,7.068451,-0.07168058,0.7564085,0.07979514,0.6452449,17.31104,-9.103706,5.320465
06.12.2023 14:47:52,0.008305128,0.7549879,-0.03705824,0.6546381,-3.831976,-8.074783,7.066498,-0.07196686,0.7566346,0.07955655,0.6449773,17.31137,-9.149254,5.368347
06.12.2023 14:47:52,0.008216335,0.7549999,-0.03710013,0.6546231,-3.828969,-8.076668,7.077271,-0.07175472,0.7569356,0.07940351,0.6446666,17.28195,-9.198715,5.366486
06.12.2023 14:47:52,0.008174861,0.7550414,-0.03708676,0.6545764,-3.824825,-8.083839,7.07962,-0.06981599,0.7575524,0.07984331,0.6441002,17.17557,-9.273346,5.171417
06.12.2023 14:47:52,0.008117463,0.7550216,-0.03696601,0.6546069,-3.809984,-8.080101,7.075623,-0.06579465,0.7583933,0.08083996,0.6434094,16.96317,-9.352509,-0.2477382
06.12.2023 14:47:52,0.008119457,0.7550208,-0.03697184,0.6546074,-3.810637,-8.079979,7.075897,-0.06378736,0.7589567,0.08103248,0.6429228,16.83072,-9.418495,-0.4315309
06.12.2023 14:47:52,0.007937751,0.7550236,-0.03701204,0.6546041,-3.800471,-8.08004,7.094666,-0.06423927,0.7599003,0.08071687,0.6418019,16.83719,-9.595726,-0.3499345
06.12.2023 14:47:52,0.007738843,0.7550447,-0.03688151,0.6545895,-3.774276,-8.08313,7.101959,-0.06985264,0.7604377,0.07738071,0.6409893,16.96042,-9.786652,5.41214
06.12.2023 14:47:52,0.007623198,0.7550024,-0.03687586,0.65464,-3.764957,-8.075432,7.111786,-0.07109701,0.7605109,0.07627307,0.6408985,16.95508,-9.820541,5.607544
06.12.2023 14:47:52,0.007555734,0.7550459,-0.03672934,0.6545988,-3.747329,-8.082764,7.106354,-0.07067049,0.7606519,0.07654686,0.6407456,16.94745,-9.838577,5.551514
06.12.2023 14:47:52,0.007452876,0.7550462,-0.03665127,0.654604,-3.732835,-8.082504,7.109406,-0.06884217,0.761048,0.07742985,0.6403682,16.88947,-9.877754,5.328888
06.12.2023 14:47:52,0.007407436,0.7550784,-0.03654868,0.6545731,-3.720633,-8.087952,7.105438,-0.06476458,0.7616338,0.0785189,0.6399645,16.68317,-9.911499,-0.1079373
06.12.2023 14:47:52,0.00742417,0.7551358,-0.03646298,0.6545115,-3.714648,-8.097984,7.097229,-0.06074211,0.7625241,0.07831705,0.639323,16.36771,-10.0014,-0.4386218
06.12.2023 14:47:52,0.007402351,0.7551031,-0.03625994,0.6545609,-3.695307,-8.092026,7.084045,-0.05791116,0.7636375,0.0771078,0.6384031,16.05237,-10.15205,-0.5841131
06.12.2023 14:47:52,0.007367855,0.7551376,-0.03610244,0.65453,-3.679174,-8.097878,7.074982,-0.05749379,0.7645636,0.07511701,0.6375692,15.84634,-10.30699,-0.4590823
06.12.2023 14:47:52,0.007275625,0.7551433,-0.03593155,0.6545339,-3.657452,-8.098518,7.070099,-0.06093502,0.7653821,0.07179518,0.6366496,15.80634,-10.50247,5.108521
06.12.2023 14:47:52,0.007155897,0.7551103,-0.0358746,0.6545764,-3.643414,-8.092415,7.076385,-0.06463222,0.7658327,0.06939135,0.6360093,15.86511,-10.64157,5.625885
06.12.2023 14:47:52,0.007274226,0.755107,-0.03575528,0.6545855,-3.641956,-8.09201,7.057159,-0.06546544,0.7661471,0.06869046,0.6356214,15.86389,-10.71159,5.757874
06.12.2023 14:47:52,0.007256676,0.7550862,-0.03565791,0.654615,-3.632135,-8.088242,7.051483,-0.06157,0.7663815,0.0721758,0.6353419,15.88651,-10.69629,5.155182
06.12.2023 14:47:52,0.007269531,0.7550126,-0.03555368,0.6547054,-3.623838,-8.075302,7.042938,-0.05965375,0.7665408,0.07485821,0.635022,15.98352,-10.70126,-0.2112322
06.12.2023 14:47:52,0.007270883,0.7549711,-0.03548921,0.6547567,-3.618225,-8.067986,7.038208,-0.05947816,0.7665662,0.07587254,0.6348874,16.06058,-10.70624,-0.3008428
06.12.2023 14:47:52,0.007197473,0.754944,-0.03541546,0.6547928,-3.606233,-8.063011,7.039154,-0.0605049,0.7665328,0.07499357,0.634935,16.05804,-10.7147,-0.1444382
06.12.2023 14:47:52,0.007035534,0.7549245,-0.03547148,0.654814,-3.598851,-8.059265,7.057526,-0.06039402,0.7669834,0.07354981,0.6345704,15.92194,-10.79018,-0.04100066
06.12.2023 14:47:52,0.006927731,0.7548543,-0.03564313,0.6548867,-3.605395,-8.04686,7.080139,-0.05921732,0.7675231,0.07250026,0.6341494,15.74255,-10.86526,-0.06127388
06.12.2023 14:47:52,0.006936248,0.7548066,-0.03575426,0.6549355,-3.61551,-8.038628,7.088043,-0.05678025,0.7680551,0.07123854,0.6338711,15.45209,-10.91823,-0.1801123
06.12.2023 14:47:52,0.007089699,0.7547683,-0.03577565,0.6549768,-3.628781,-8.032288,7.076569,-0.05554993,0.768378,0.06983692,0.6337448,15.23764,-10.95313,-0.1834536
06.12.2023 14:47:52,0.007163435,0.7547433,-0.03566395,0.655011,-3.624571,-8.027985,7.06192,-0.05686212,0.7682955,0.06822117,0.6339043,15.19031,-10.95396,5.051361
06.12.2023 14:47:52,0.007370692,0.7545987,-0.03539296,0.65519,-3.616239,-8.002953,7.024384,-0.05913052,0.7679432,0.06646065,0.6343105,15.20032,-10.92132,5.378662
06.12.2023 14:47:52,0.007539482,0.7545516,-0.03534042,0.6552451,-3.624241,-7.995071,7.006073,-0.06046411,0.767022,0.06648407,0.6352963,15.30072,-10.77604,5.482208
06.12.2023 14:47:52,0.007548409,0.7545037,-0.03514633,0.6553106,-3.60796,-7.986572,6.990967,-0.06063837,0.7660962,0.06765653,0.6362721,15.41797,-10.61433,5.396942
06.12.2023 14:47:52,0.00757095,0.7545283,-0.03495418,0.6552923,-3.593093,-7.990776,6.974396,-0.05924997,0.7652345,0.07010493,0.6371742,15.53281,-10.44215,5.078217
06.12.2023 14:47:52,0.007430905,0.7544544,-0.03484533,0.6553848,-3.57291,-7.977432,6.97876,-0.0580592,0.7647718,0.07177948,0.6376528,15.59311,-10.34374,-0.1595203
06.12.2023 14:47:52,0.007275848,0.754449,-0.03481162,0.6553946,-3.558309,-7.976097,6.989655,-0.05772088,0.7648569,0.07123679,0.6376423,15.5202,-10.35206,-0.1486457
06.12.2023 14:47:52,0.007176651,0.7544378,-0.03484835,0.6554066,-3.553991,-7.97393,7.001068,-0.05804593,0.7646989,0.07032645,0.6379033,15.46368,-10.32597,-0.05521307
06.12.2023 14:47:52,0.007199048,0.7544512,-0.03491136,0.6553875,-3.561172,-7.976379,7.003815,-0.05869878,0.7646549,0.06891225,0.6380506,15.38687,-10.32446,5.106567
06.12.2023 14:47:52,0.007236922,0.7544269,-0.03486808,0.6554174,-3.5602,-7.972183,6.997406,-0.0587119,0.7642815,0.06851915,0.6385389,15.35318,-10.25593,5.130493
06.12.2023 14:47:52,0.00725759,0.7544597,-0.03492906,0.6553761,-3.567135,-7.978027,7.000031,-0.05831154,0.7639651,0.06834058,0.6389733,15.30795,-10.19165,5.102509
06.12.2023 14:47:52,0.007295976,0.754513,-0.03502423,0.6553093,-3.578426,-7.987503,7.003571,-0.05798523,0.7633742,0.06819528,0.6397242,15.27112,-10.0792,5.074341
06.12.2023 14:47:52,0.00734412,0.7544283,-0.03510221,0.6554021,-3.588541,-7.972855,7.005737,-0.05811674,0.7625537,0.06728876,0.640786,15.20108,-9.930725,5.139648
06.12.2023 14:47:52,0.007466319,0.754509,-0.03516126,0.6553047,-3.603093,-7.987305,6.999146,-0.05851514,0.7616978,0.06605209,0.6418954,15.12201,-9.77961,5.252869
06.12.2023 14:47:52,0.007563472,0.7545171,-0.035294,0.6552871,-3.621921,-7.989059,7.000702,-0.05859444,0.7612528,0.06499925,0.6425232,15.03549,-9.698029,5.330688
06.12.2023 14:47:52,0.00760972,0.7545893,-0.03525601,0.6552055,-3.62233,-8.001778,6.993439,-0.05888037,0.7609842,0.06392029,0.6429234,14.96204,-9.651527,5.431793
06.12.2023 14:47:52,0.007650665,0.7545995,-0.03520411,0.6551961,-3.620946,-8.003616,6.985931,-0.05942802,0.7606085,0.06311935,0.6433965,14.93262,-9.590843,5.534058
06.12.2023 14:47:52,0.007559974,0.7546211,-0.03528634,0.6551678,-3.621311,-8.007256,6.999847,-0.05987437,0.7605297,0.06268109,0.6434911,14.92734,-9.582825,5.605133
06.12.2023 14:47:52,0.00757956,0.7545696,-0.03533305,0.6552242,-3.626673,-7.998329,7.001953,-0.05907949,0.7602798,0.06313867,0.6438151,14.90869,-9.526283,5.496399
06.12.2023 14:47:52,0.007529536,0.7546124,-0.03535985,0.6551741,-3.625362,-8.005722,7.008057,-0.05739754,0.7601307,0.06482905,0.6439752,14.93219,-9.477135,5.218872
06.12.2023 14:47:52,0.007476567,0.7545097,-0.03530695,0.6552958,-3.616481,-7.987579,7.009247,-0.05616443,0.7602401,0.06553663,0.6438833,14.90259,-9.479362,5.058228
06.12.2023 14:47:52,0.007575247,0.754503,-0.03537656,0.6552988,-3.629911,-7.986679,7.005981,-0.05599018,0.7607995,0.06502696,0.6432891,14.84485,-9.575722,5.089111
06.12.2023 14:47:52,0.007676731,0.7544526,-0.03545803,0.6553511,-3.644447,-7.97818,7.003601,-0.05745271,0.7610316,0.06341758,0.6430462,14.81195,-9.635994,5.342224
06.12.2023 14:47:52,0.007694708,0.7543902,-0.03539373,0.6554263,-3.640043,-7.967255,6.997559,-0.05845569,0.7611983,0.06234661,0.6428631,14.79214,-9.67907,5.513519
06.12.2023 14:47:52,0.007726473,0.7543156,-0.03548917,0.6555066,-3.650467,-7.954361,7.00238,-0.05932997,0.7611113,0.06205003,0.6429148,14.83096,-9.676735,5.612183
06.12.2023 14:47:52,0.007703532,0.7543107,-0.03551089,0.6555114,-3.650605,-7.953453,7.006042,-0.0601581,0.7612696,0.06249326,0.6426074,14.93115,-9.719833,5.655884
06.12.2023 14:47:52,0.007737269,0.7543181,-0.03566339,0.6554941,-3.666369,-7.954964,7.014557,-0.06047072,0.7611992,0.06406958,0.6425062,15.09293,-9.716515,5.566284
06.12.2023 14:47:52,0.007701883,0.7542783,-0.03570092,0.6555383,-3.666832,-7.947929,7.02066,-0.06028211,0.7611703,0.06655392,0.6423056,15.29736,-9.714928,5.365356
06.12.2023 14:47:52,0.007734969,0.7542409,-0.03565205,0.6555835,-3.664978,-7.941444,7.014343,-0.06006052,0.7612138,0.06912795,0.6420028,15.50726,-9.726212,5.156006
06.12.2023 14:47:52,0.007897206,0.7543355,-0.03559117,0.6554761,-3.672207,-7.958344,6.995178,-0.06046395,0.7613192,0.07057287,0.6416827,15.66431,-9.755974,5.087097
06.12.2023 14:47:52,0.00790997,0.7543084,-0.03548528,0.6555129,-3.663918,-7.953552,6.986267,-0.06103339,0.7614217,0.07136174,0.6414199,15.77594,-9.78627,5.081573
06.12.2023 14:47:52,0.008005324,0.754348,-0.03538816,0.6554714,-3.662807,-7.96064,6.97049,-0.06121148,0.7616947,0.07132985,0.6410822,15.78629,-9.838417,5.104553
06.12.2023 14:47:52,0.008084288,0.7543095,-0.0353028,0.6555193,-3.661244,-7.954048,6.957428,-0.06121062,0.7618765,0.07175577,0.6408187,15.82373,-9.872444,5.076111
06.12.2023 14:47:52,0.008154027,0.7542983,-0.0351369,0.6555403,-3.652099,-7.952118,6.938965,-0.06148932,0.7621832,0.07064399,0.6405508,15.74634,-9.929268,5.188385
06.12.2023 14:47:52,0.008171549,0.7542755,-0.03511304,0.6555676,-3.651284,-7.948166,6.935791,-0.06205781,0.7623334,0.07082515,0.6402972,15.80432,-9.966644,5.228607
06.12.2023 14:47:52,0.008197638,0.754195,-0.03518761,0.6556559,-3.659465,-7.934212,6.939575,-0.06280365,0.7622592,0.07151069,0.6402367,15.91998,-9.968163,5.243774
06.12.2023 14:47:52,0.00821979,0.754172,-0.03513785,0.6556847,-3.656758,-7.930206,6.934052,-0.06281905,0.7619628,0.07299104,0.6404209,16.05167,-9.919334,5.130859
06.12.2023 14:47:52,0.008265697,0.7541137,-0.03510118,0.6557532,-3.656868,-7.920097,6.927643,-0.06161416,0.761499,0.07514452,0.6408404,16.15213,-9.821243,-0.1444229
06.12.2023 14:47:52,0.008252605,0.7541168,-0.03517909,0.6557456,-3.662634,-7.92067,6.934631,-0.05933925,0.7608795,0.07741609,0.6415202,16.18301,-9.677902,-0.5272819
06.12.2023 14:47:52,0.008333296,0.7540914,-0.0352253,0.6557712,-3.672634,-7.916489,6.931274,-0.0571137,0.7600048,0.07946602,0.6425075,16.1969,-9.490089,-0.893767
06.12.2023 14:47:52,0.008335355,0.7540733,-0.03509156,0.6557993,-3.661162,-7.913208,6.921112,-0.05297302,0.7582195,0.08256537,0.6445774,16.15686,-9.114014,-1.524942
06.12.2023 14:47:52,0.008323747,0.7540542,-0.03511246,0.6558202,-3.66204,-7.909859,6.923798,-0.04891986,0.7560344,0.0850316,0.6471387,16.06308,-8.671204,-2.107101
06.12.2023 14:47:52,0.008426293,0.7540799,-0.03501562,0.6557945,-3.661457,-7.914551,6.907501,-0.04668149,0.7542483,0.08560795,0.6493086,15.93881,-8.323944,-2.378875
06.12.2023 14:47:52,0.008506051,0.7540816,-0.03490403,0.6557975,-3.65781,-7.91497,6.892181,-0.04577925,0.7529007,0.0842641,0.6511101,15.74857,-8.06945,-2.379863
06.12.2023 14:47:52,0.008676053,0.7540659,-0.03481364,0.6558181,-3.662743,-7.912605,6.870758,-0.04959019,0.7514989,0.07984763,0.6530043,15.64807,-7.861259,-1.734548
06.12.2023 14:47:52,0.008775292,0.754004,-0.03476601,0.6558905,-3.665918,-7.902023,6.858917,-0.05267757,0.7502373,0.07618765,0.6546484,15.56134,-7.673279,-1.207184
06.12.2023 14:47:52,0.008891178,0.7540168,-0.03467701,0.655879,-3.666978,-7.904495,6.842102,-0.05523107,0.7491461,0.07294302,0.6560557,15.47226,-7.511078,-0.7549827
06.12.2023 14:47:53,0.00901593,0.7540226,-0.03467714,0.6558706,-3.6764,-7.905853,6.831299,-0.05119427,0.7495138,0.07418685,0.6558236,15.27408,-7.520569,-1.197596
06.12.2023 14:47:53,0.009095749,0.7539899,-0.03491981,0.6558942,-3.703316,-7.900543,6.842865,-0.04801721,0.7495248,0.07613847,0.6558278,15.2019,-7.483757,-1.623707
06.12.2023 14:47:53,0.009057744,0.7539676,-0.03498129,0.655917,-3.705711,-7.896591,6.850891,-0.04685718,0.7495845,0.07811774,0.6556105,15.28543,-7.483337,-1.874387
06.12.2023 14:47:53,0.009032059,0.7539524,-0.03514796,0.655926,-3.718154,-7.89399,6.865753,-0.04738276,0.7488745,0.07865477,0.6563196,15.36984,-7.366188,-1.880431
06.12.2023 14:47:53,0.009015555,0.7539499,-0.0351973,0.6559265,-3.721174,-7.893539,6.870911,-0.04848824,0.7477708,0.07983429,0.6573539,15.55292,-7.188911,-1.891147
06.12.2023 14:47:53,0.009074483,0.7539244,-0.03533857,0.6559473,-3.737761,-7.889374,6.876617,-0.04794401,0.7473061,0.08135299,0.6577361,15.64133,-7.10318,-2.061868
06.12.2023 14:47:53,0.009041357,0.7538734,-0.03542426,0.6560018,-3.742534,-7.880417,6.88623,-0.04737619,0.7475696,0.08276026,0.657302,15.72055,-7.144989,-2.214308
06.12.2023 14:47:53,0.008897632,0.7538961,-0.03564757,0.6559656,-3.751096,-7.884171,6.915344,-0.04737489,0.748162,0.08217682,0.6567011,15.67194,-7.247948,-2.160278
06.12.2023 14:47:53,0.008688653,0.7539448,-0.0357057,0.6559092,-3.74053,-7.892159,6.937531,-0.04769209,0.7486981,0.0804762,0.6562776,15.55057,-7.342911,-1.994521
06.12.2023 14:47:53,0.008521836,0.7539294,-0.0358597,0.6559207,-3.741245,-7.889137,6.963654,-0.04687299,0.7488454,0.07977679,0.6562539,15.42813,-7.356804,-2.010689
06.12.2023 14:47:53,0.008477193,0.7539411,-0.03598156,0.6559011,-3.748463,-7.891167,6.976624,-0.04547369,0.7487844,0.08042832,0.6563424,15.3779,-7.329704,-2.183518
06.12.2023 14:47:53,0.008509555,0.7538761,-0.03607285,0.6559703,-3.758603,-7.879974,6.981079,-0.04366841,0.7484055,0.08184706,0.6567217,15.36194,-7.243805,-2.455115
06.12.2023 14:47:53,0.008712432,0.7538933,-0.03595232,0.6559547,-3.763506,-7.883415,6.954346,-0.0436957,0.7484524,0.0817683,0.6566762,15.35736,-7.252228,-2.445995
06.12.2023 14:47:53,0.009018706,0.7539168,-0.03583673,0.6559298,-3.776641,-7.888268,6.919006,-0.04521914,0.7488822,0.08070217,0.6562149,15.38257,-7.344299,-2.225011
06.12.2023 14:47:53,0.00915334,0.7539509,-0.03571805,0.6558952,-3.776611,-7.894516,6.898224,-0.04608855,0.7495042,0.07984407,0.6555488,15.37637,-7.462975,-2.073877
06.12.2023 14:47:53,0.009164071,0.7540074,-0.03569023,0.6558316,-3.775175,-7.904396,6.894867,-0.04608437,0.7503023,0.07966469,0.6546575,15.36301,-7.603256,-2.047882
06.12.2023 14:47:53,0.009178316,0.7540656,-0.03568338,0.655765,-3.775823,-7.914604,6.892792,-0.04470513,0.7505451,0.08065179,0.6543537,15.34482,-7.630936,-2.239597
06.12.2023 14:47:53,0.009097521,0.7541521,-0.03561282,0.6556704,-3.763883,-7.929451,6.893982,-0.04312351,0.7503336,0.08179917,0.65456,15.32358,-7.576782,-2.468385
06.12.2023 14:47:53,0.00897939,0.7541332,-0.0354907,0.6557004,-3.744366,-7.925713,6.895111,-0.04229083,0.7497732,0.08243523,0.6551764,15.31335,-7.469421,-2.598373
06.12.2023 14:47:53,0.008817679,0.754132,-0.03540078,0.6557087,-3.724407,-7.925003,6.902344,-0.04196088,0.7493768,0.08262205,0.6556274,15.30286,-7.396118,-2.647685
06.12.2023 14:47:53,0.00866468,0.7541312,-0.03512676,0.6557265,-3.689171,-7.924232,6.894958,-0.04267124,0.7490062,0.08172462,0.6561174,15.27771,-7.337364,-2.523335
06.12.2023 14:47:53,0.008612462,0.7541065,-0.03489723,0.6557678,-3.665304,-7.919601,6.882324,-0.04355992,0.7487574,0.08018664,0.6565326,15.21124,-7.301064,-2.332774
06.12.2023 14:47:53,0.008702461,0.7540733,-0.03473705,0.6558134,-3.658124,-7.913895,6.86264,-0.04371016,0.7486683,0.07912304,0.6567533,15.13031,-7.28508,-2.240217
06.12.2023 14:47:53,0.008777976,0.7539987,-0.03455364,0.6559078,-3.647729,-7.900932,6.842712,-0.04321547,0.7486021,0.07885531,0.6568936,15.06924,-7.267021,-2.264071
06.12.2023 14:47:53,0.008782605,0.7538516,-0.03440636,0.6560845,-3.634924,-7.875107,6.832031,-0.04268929,0.748532,0.07907623,0.6569813,15.04807,-7.248932,-2.327858
06.12.2023 14:47:53,0.008827863,0.7536889,-0.03430229,0.6562762,-3.628878,-7.846733,6.821198,-0.04291952,0.7482945,0.0792545,0.6572154,15.08017,-7.210251,-2.325007
06.12.2023 14:47:53,0.009020865,0.7535573,-0.03415575,0.6564324,-3.630386,-7.824142,6.794189,-0.04359741,0.7479088,0.0796949,0.6575564,15.16855,-7.151428,-2.305393
06.12.2023 14:47:53,0.0091211,0.7533909,-0.03377312,0.6566418,-3.604408,-7.795067,6.757599,-0.04334043,0.7469981,0.0809753,0.6584516,15.25632,-6.99102,-2.439611
06.12.2023 14:47:53,0.009178113,0.7532539,-0.03345859,0.6568142,-3.581155,-7.771088,6.729675,-0.04288479,0.7463385,0.08163927,0.659147,15.27634,-6.871307,-2.540319
06.12.2023 14:47:53,0.009130961,0.7530455,-0.03314941,0.6570694,-3.550334,-7.734337,6.711578,-0.04240926,0.7458006,0.08163631,0.6597866,15.23761,-6.771584,-2.589895
06.12.2023 14:47:53,0.009053157,0.7528064,-0.03283997,0.65736,-3.517113,-7.692184,6.696228,-0.04237773,0.7453336,0.08123279,0.6603661,15.19861,-6.688782,-2.569081
06.12.2023 14:47:53,0.009033608,0.752493,-0.03270893,0.6577256,-3.503514,-7.637367,6.689697,-0.04241982,0.7448561,0.08071666,0.6609651,15.15552,-6.604904,-2.533355
06.12.2023 14:47:53,0.009131987,0.7522649,-0.0325813,0.6579913,-3.499342,-7.597794,6.672791,-0.04228912,0.7443609,0.08072459,0.6615301,15.14429,-6.516953,-2.552975
06.12.2023 14:47:53,0.009193013,0.7519119,-0.03245737,0.6584,-3.492364,-7.536369,6.660034,-0.04196741,0.7438414,0.08096364,0.6621054,15.13812,-6.423088,-2.607227
06.12.2023 14:47:53,0.009265075,0.7515613,-0.03242652,0.6588007,-3.49427,-7.47551,6.653351,-0.04191849,0.7433622,0.08100957,0.662641,15.13644,-6.339081,-2.622394
06.12.2023 14:47:53,0.009278682,0.7512429,-0.03226358,0.6591715,-3.480456,-7.420021,6.641541,-0.04202057,0.7428036,0.08077221,0.6632895,15.12167,-6.242584,-2.603942
06.12.2023 14:47:53,0.009257629,0.7509103,-0.03214873,0.6595563,-3.468139,-7.362045,6.636414,-0.04191069,0.7423385,0.08023361,0.6638823,15.06519,-6.159531,-2.579186
06.12.2023 14:47:53,0.009175739,0.7505369,-0.03216849,0.6599814,-3.46271,-7.296928,6.646912,-0.04184499,0.7419472,0.07990421,0.6643634,15.03036,-6.09024,-2.565501
06.12.2023 14:47:53,0.0092127,0.7501628,-0.03209033,0.6604098,-3.457851,-7.232002,6.639771,-0.04228541,0.7415912,0.07936334,0.6647977,15.01657,-6.032532,-2.491242
06.12.2023 14:47:53,0.009173021,0.7497506,-0.03211489,0.6608772,-3.45593,-7.160355,6.647217,-0.04241041,0.7414114,0.07888344,0.6650473,14.98441,-6.001961,-2.446225
06.12.2023 14:47:53,0.009310789,0.7491944,-0.03211867,0.6615055,-3.465328,-7.06427,6.63855,-0.04242612,0.7412555,0.0790756,0.6651973,15.0015,-5.97538,-2.462034
06.12.2023 14:47:53,0.009559836,0.7486063,-0.03214674,0.6621661,-3.485211,-6.963074,6.622375,-0.04208719,0.7409432,0.07953515,0.6655118,15.01355,-5.918106,-2.531438
06.12.2023 14:47:53,0.009857234,0.7478678,-0.03213701,0.6629961,-3.505198,-6.836098,6.600006,-0.04112661,0.7403089,0.08063585,0.666145,15.03113,-5.799179,-2.708807
06.12.2023 14:47:53,0.01024822,0.7470223,-0.03216947,0.6639411,-3.535735,-6.691101,6.573425,-0.04081215,0.7394029,0.08161402,0.667051,15.08673,-5.640343,-2.825255
06.12.2023 14:47:53,0.01061181,0.7459722,-0.03215842,0.6651157,-3.560057,-6.510941,6.547058,-0.04159106,0.7381876,0.08154319,0.6683562,15.13589,-5.43869,-2.771354
06.12.2023 14:47:53,0.01110373,0.7448312,-0.03224915,0.6663807,-3.602781,-6.315948,6.518066,-0.04230465,0.7371217,0.0816839,0.6694698,15.19888,-5.262878,-2.737318
06.12.2023 14:47:53,0.01149877,0.7435662,-0.0323213,0.6677817,-3.636333,-6.099754,6.496704,-0.04179928,0.7360454,0.08266448,0.6705644,15.23862,-5.073189,-2.873421
06.12.2023 14:47:53,0.01181539,0.7420105,-0.03227976,0.6695064,-3.653637,-5.833908,6.475006,-0.04158093,0.7353442,0.08313388,0.6712888,15.25851,-4.950768,-2.939466
06.12.2023 14:47:53,0.01209335,0.7404329,-0.03215892,0.6712517,-3.661309,-5.564835,6.450684,-0.04185097,0.7344224,0.08261907,0.6723439,15.23181,-4.794655,-2.890434
06.12.2023 14:47:53,0.0122868,0.7387143,-0.03208705,0.6731424,-3.666445,-5.272209,6.43808,-0.04228926,0.7331101,0.081264,0.673912,15.14554,-4.572716,-2.767266
06.12.2023 14:47:53,0.01250657,0.736758,-0.03185781,0.6752898,-3.659913,-4.940041,6.412384,-0.04227683,0.7316445,0.08108605,0.6755251,15.1235,-4.321625,-2.776625
06.12.2023 14:47:53,0.01276708,0.7348492,-0.03153246,0.6773769,-3.648738,-4.617058,6.375427,-0.04197412,0.7296794,0.08127423,0.6776435,15.10748,-3.983299,-2.846788
06.12.2023 14:47:53,0.01303049,0.7327427,-0.0311982,0.6796654,-3.636899,-4.261749,6.338531,-0.04230828,0.7277859,0.08120485,0.6796643,15.12,-3.664787,-2.841464
06.12.2023 14:47:53,0.01313459,0.7305377,-0.03074436,0.6820535,-3.602658,-3.890495,6.306061,-0.04277375,0.725403,0.08112869,0.682187,15.14044,-3.265793,-2.831863
06.12.2023 14:47:53,0.01326909,0.7281505,-0.03043519,0.6846127,-3.582815,-3.490166,6.283112,-0.04431765,0.7229804,0.08051232,0.6847285,15.20139,-2.872971,-2.689207
06.12.2023 14:47:53,0.01343234,0.725886,-0.03003231,0.6870279,-3.557883,-3.111908,6.249573,-0.04529614,0.7209657,0.08046253,0.6867915,15.26724,-2.544617,-2.633309
06.12.2023 14:47:53,0.01354394,0.7235268,-0.02974416,0.6895221,-3.538492,-2.719101,6.229706,-0.04603065,0.7189977,0.08055048,0.6887926,15.32562,-2.222542,-2.60845
06.12.2023 14:47:53,0.01380564,0.7211149,-0.02943042,0.6920524,-3.529009,-2.319473,6.195465,-0.04641293,0.7170994,0.08065855,0.6907305,15.358,-1.909119,-2.613849
06.12.2023 14:47:53,0.01398996,0.7187086,-0.02909017,0.6945617,-3.511478,-1.921974,6.165405,-0.04665933,0.7154135,0.08093271,0.692428,15.39407,-1.630501,-2.640828
06.12.2023 14:47:53,0.01426744,0.716094,-0.02876072,0.6972651,-3.502216,-1.491974,6.129425,-0.04717304,0.7133436,0.08112922,0.6945025,15.44373,-1.291679,-2.645272
06.12.2023 14:47:53,0.01464084,0.7135979,-0.02847486,0.6998235,-3.504745,-1.083405,6.088409,-0.04774237,0.7111748,0.08139521,0.6966534,15.5033,-0.9381027,-2.652456
06.12.2023 14:47:53,0.01498453,0.710851,-0.02829381,0.7026135,-3.513403,-0.6353226,6.059479,-0.04811245,0.7086523,0.0820822,0.6991135,15.57996,-0.52491,-2.715985
06.12.2023 14:47:53,0.01537551,0.7081062,-0.02803321,0.7053818,-3.519727,-0.1895294,6.020325,-0.04811145,0.7059214,0.08250728,0.7018211,15.60391,-0.07457733,-2.792375
06.12.2023 14:47:53,0.01587768,0.7048828,-0.02773217,0.7086036,-3.531531,0.3315887,5.971252,-0.04825171,0.7026838,0.08264646,0.7050368,15.61374,0.4555435,-2.841566
06.12.2023 14:47:53,0.01629493,0.7017707,-0.0272755,0.7116941,-3.524556,0.8326645,5.915802,-0.04858086,0.6997737,0.0826276,0.707905,15.62747,0.9277344,-2.857312
06.12.2023 14:47:53,0.01655014,0.6985934,-0.02672178,0.7148283,-3.497003,1.34259,5.865631,-0.04886336,0.6964979,0.08224473,0.7111531,15.60663,1.457794,-2.852271
06.12.2023 14:47:53,0.01691331,0.6953544,-0.02622907,0.7179891,-3.483675,1.859711,5.811859,-0.04951702,0.6935583,0.0818226,0.7140238,15.61508,1.926949,-2.808573
06.12.2023 14:47:53,0.01709974,0.6920908,-0.02576409,0.7211478,-3.458472,2.379112,5.774384,-0.04904248,0.6907307,0.08220331,0.7167486,15.59485,2.388924,-2.920865
06.12.2023 14:47:53,0.01724632,0.688562,-0.02536883,0.7245284,-3.435618,2.938393,5.746826,-0.04844197,0.6879745,0.08244947,0.7194071,15.55301,2.838837,-3.030643
06.12.2023 14:47:53,0.01744755,0.6854061,-0.02493697,0.7275247,-3.415186,3.436043,5.709869,-0.04862298,0.6855892,0.08147354,0.7217793,15.48074,3.21846,-2.969558
06.12.2023 14:47:53,0.01773798,0.6819818,-0.02454791,0.7307419,-3.405731,3.97348,5.670563,-0.04879433,0.6829185,0.0807033,0.7243814,15.42328,3.642525,-2.930145
06.12.2023 14:47:53,0.01805815,0.6784344,-0.02386506,0.7340512,-3.376272,4.527542,5.604614,-0.04870367,0.6799177,0.07928893,0.7273604,15.2923,4.119431,-2.861252
06.12.2023 14:47:53,0.01842651,0.6750016,-0.0231167,0.7372238,-3.346632,5.061043,5.528503,-0.04818101,0.6768289,0.07884821,0.7303178,15.20139,4.61351,-2.909022
06.12.2023 14:47:53,0.01876264,0.6714208,-0.02234749,0.7405016,-3.313352,5.615242,5.453491,-0.04760339,0.6732126,0.07864023,0.7337128,15.12158,5.189209,-2.987342
06.12.2023 14:47:53,0.01905692,0.6676432,-0.02142504,0.743929,-3.265482,6.197388,5.36908,-0.0475064,0.6693707,0.07796902,0.737297,15.04565,5.792107,-2.990693
06.12.2023 14:47:53,0.01929742,0.6641749,-0.02071079,0.7470412,-3.229933,6.729668,5.304718,-0.04779504,0.6662169,0.07681431,0.7402502,14.96872,6.280334,-2.912278
06.12.2023 14:47:53,0.01953739,0.6607356,-0.02002423,0.7500972,-3.197121,7.255264,5.242279,-0.04813712,0.6631236,0.07571224,0.7431135,14.90155,6.75663,-2.832709
06.12.2023 14:47:53,0.01983983,0.6572291,-0.01952582,0.7531766,-3.184515,7.788803,5.191315,-0.04804365,0.6601003,0.0751612,0.745862,14.8399,7.225159,-2.832683
06.12.2023 14:47:53,0.0199737,0.6536873,-0.01897078,0.7562633,-3.153586,8.326118,5.148102,-0.04775019,0.6571467,0.07506878,0.7484937,14.79617,7.683792,-2.886261
06.12.2023 14:47:53,0.02027048,0.6500732,-0.01837459,0.7593789,-3.134245,8.871475,5.08905,-0.04771111,0.6541573,0.07503525,0.7511136,14.77866,8.144028,-2.925671
06.12.2023 14:47:53,0.02039611,0.6464864,-0.01797896,0.7624409,-3.115444,9.411293,5.059906,-0.04807505,0.6512036,0.07470328,0.7536857,14.77393,8.592972,-2.907783
06.12.2023 14:47:53,0.02057249,0.6429734,-0.01761598,0.7654095,-3.103854,9.937698,5.029358,-0.04845585,0.6481791,0.07422448,0.7563112,14.75974,9.050705,-2.876527
06.12.2023 14:47:53,0.02065518,0.6392675,-0.01721081,0.7685143,-3.08126,10.49117,0.002589504,-0.04884088,0.6450011,0.07419467,0.7590016,14.77921,9.531067,-2.886326
06.12.2023 14:47:53,0.02064117,0.6357475,-0.01694465,0.771435,-3.060574,11.01527,-0.005838,-0.04916149,0.6417923,0.07414871,0.7617006,14.79181,10.01494,-2.899965
06.12.2023 14:47:53,0.02050176,0.6317989,-0.01662769,0.7746828,-3.025215,11.60129,-0.008239085,-0.04969706,0.6381748,0.07385995,0.7647273,14.80414,10.5563,-2.881402
06.12.2023 14:47:53,0.02037436,0.6282277,-0.01631327,0.7775917,-2.99121,12.12917,-0.01315804,-0.05044563,0.634797,0.07279672,0.7675863,14.77997,11.05567,-2.774982
06.12.2023 14:47:53,0.02015558,0.6246742,-0.0159372,0.7804627,-2.944722,12.65272,-0.01747324,-0.05124989,0.6314852,0.07189077,0.7703452,14.77365,11.54305,-2.677392
06.12.2023 14:47:53,0.01985086,0.6212403,-0.01538348,0.7832176,-2.877961,13.15699,-0.03253235,-0.0522898,0.6282495,0.07090337,0.7730079,14.78381,12.0148,-2.554162
06.12.2023 14:47:53,0.01944158,0.6176605,-0.01487335,0.7860638,-2.805062,13.68114,-0.03635691,-0.0532674,0.6250154,0.07060809,0.7755855,14.83951,12.48694,-2.497762
06.12.2023 14:47:53,0.01883323,0.6138707,-0.01433258,0.7890518,-2.712105,14.23453,-0.02891149,-0.05439422,0.621141,0.0708161,0.7785951,14.94342,13.05244,-2.484687
06.12.2023 14:47:53,0.0181828,0.6102988,-0.01388931,0.7918409,-2.622142,14.75441,-0.01133515,-0.05524382,0.6176741,0.07132079,0.7812427,15.04514,13.55906,-2.514073
06.12.2023 14:47:54,0.01750322,0.6068023,-0.0135334,0.7945448,-2.5355,15.26163,5.015137,-0.05587571,0.6139854,0.07242581,0.783999,15.16885,14.10069,-2.617445
06.12.2023 14:47:54,0.01666373,0.6033171,-0.01318295,0.7972182,-2.434443,15.76584,5.052307,-0.05715341,0.6106434,0.07243467,0.7865121,15.27466,14.58008,-2.571161
06.12.2023 14:47:54,0.01594573,0.5998104,-0.01267032,0.799883,-2.333099,16.27088,5.065399,-0.0585329,0.607034,0.07201964,0.7892382,15.35983,15.09454,-2.483097
06.12.2023 14:47:54,0.01522428,0.5962418,-0.01218402,0.8025681,-2.233169,16.78297,5.080414,-0.05925063,0.6036726,0.07084902,0.7918644,15.33344,15.57457,-2.369293
06.12.2023 14:47:54,0.01446029,0.5925553,-0.01156908,0.8053169,-2.120478,17.31004,5.085815,-0.0596665,0.6002057,0.0700897,0.7945316,15.30862,16.0726,-2.315656
06.12.2023 14:47:54,0.0136319,0.5892576,-0.01104419,0.8077547,-2.007952,17.78024,5.101868,-0.05994019,0.5970815,0.06820932,0.7970247,15.1951,16.51643,-2.163238
06.12.2023 14:47:54,0.01277384,0.5856903,-0.01063521,0.8103645,-1.900323,18.28717,5.130341,-0.06066723,0.5938188,0.06687725,0.7995162,15.16217,16.9764,-2.03123
06.12.2023 14:47:54,0.01171781,0.5822124,-0.01028466,0.8128873,-1.777958,18.78016,5.176331,-0.06125673,0.5908301,0.06507318,0.8018309,15.08618,17.39485,-1.860868
06.12.2023 14:47:54,0.01078,0.578769,-0.009915871,0.81536,-1.665087,19.26633,5.211609,-0.06126202,0.5875369,0.06468409,0.8042783,15.05258,17.86679,-1.865909
06.12.2023 14:47:54,0.009766704,0.5751836,-0.009775211,0.8179076,-1.559876,19.77103,5.272552,-0.0607909,0.5837452,0.06561065,0.8069952,15.0621,18.41828,-2.032576
06.12.2023 14:47:54,0.008899828,0.5720478,-0.009581767,0.8201161,-1.464653,20.21093,5.317169,-0.06068431,0.5804048,0.06658091,0.8093298,15.10864,18.90038,-2.173033
06.12.2023 14:47:54,0.00803538,0.5688314,-0.009295626,0.8223624,-1.363268,20.66066,5.352295,-0.06126461,0.5770307,0.06643131,0.8117076,15.14404,19.37505,-2.162415
06.12.2023 14:47:54,0.007394677,0.5656729,-0.008967916,0.8245478,-1.280114,21.10074,5.368103,-0.06277616,0.5739481,0.06508605,0.8138837,15.18909,19.79318,-1.972933
06.12.2023 14:47:54,0.006836897,0.562471,-0.008656784,0.8267434,-1.20577,21.54553,5.379547,-0.06353862,0.5706734,0.06422703,0.8161922,15.1965,20.2462,-1.882063
06.12.2023 14:47:54,0.006322427,0.5597113,-0.008359418,0.8286214,-1.136566,21.92793,5.388336,-0.06384993,0.5676952,0.06348231,0.8183003,15.17026,20.66079,-1.828151
06.12.2023 14:47:54,0.005801826,0.5567213,-0.008084047,0.8306398,-1.068031,22.34121,5.399414,-0.06361063,0.5647111,0.06291651,0.8204246,15.10397,21.08107,-1.827346
06.12.2023 14:47:54,0.005489878,0.5545623,-0.007798918,0.8320876,-1.019122,22.6389,5.394836,-0.06352066,0.5624492,0.0617934,0.8220692,15.01746,21.39487,-1.754055
06.12.2023 14:47:54,0.004910681,0.5510029,-0.007491711,0.8344553,-0.9426382,23.12862,5.406372,-0.06409818,0.5588625,0.05955962,0.8246314,14.92075,21.88231,-1.546538
06.12.2023 14:47:54,0.004491261,0.5482801,-0.0072206,0.8362516,-0.8840787,23.50225,5.40979,-0.06463858,0.5558959,0.05790075,0.8267098,14.86041,22.28443,-1.388268
06.12.2023 14:47:54,0.004110863,0.5454707,-0.007074687,0.83809,-0.8370418,23.88692,5.422546,-0.06460092,0.553309,0.05739435,0.8284816,14.8201,22.64327,-1.373104
06.12.2023 14:47:54,0.003741565,0.5426627,-0.006841545,0.8399145,-0.7855779,24.27049,5.425842,-0.06451143,0.550516,0.05735638,0.8303497,14.80441,23.03262,-1.408562
06.12.2023 14:47:54,0.00344786,0.5398811,-0.006524939,0.841709,-0.7362465,24.64958,5.416077,-0.06448314,0.5475084,0.05865508,0.8322476,14.87854,23.45662,-1.571684
06.12.2023 14:47:54,0.003148791,0.5369788,-0.006389305,0.8435657,-0.6975513,25.04432,5.42392,-0.06463309,0.5446888,0.058512,0.8340942,14.87863,23.84522,-1.582054
06.12.2023 14:47:54,0.003052267,0.5340019,-0.006211089,0.845455,-0.6757951,25.44822,5.415009,-0.06509638,0.5415244,0.05841572,0.8361229,14.91135,24.27799,-1.581262
06.12.2023 14:47:54,0.003139498,0.5305917,-0.006177249,0.8475993,-0.6805333,25.90983,5.409119,-0.06538679,0.538358,0.05746391,0.8382083,14.87433,24.70728,-1.50822
06.12.2023 14:47:54,0.003258659,0.5272686,-0.006340383,0.8496687,-0.7003857,26.35858,5.420471,-0.06573722,0.5353062,0.05653148,0.8401965,14.84525,25.11923,-1.431623
06.12.2023 14:47:54,0.003579529,0.5237974,-0.006673574,0.8518093,-0.7499861,26.8262,5.436584,-0.06640015,0.5323116,0.0546923,0.8421664,14.79169,25.51488,-1.246033
06.12.2023 14:47:54,0.003972205,0.5201105,-0.007165509,0.8540597,-0.8158458,27.32164,5.464569,-0.06726838,0.5292488,0.05302155,0.8441324,14.76981,25.91773,-1.064642
06.12.2023 14:47:54,0.004610451,0.5162704,-0.007780293,0.8563779,-0.9127631,27.83627,5.490814,-0.06815268,0.5262468,0.05215182,0.8459904,14.79959,26.31508,-0.9599825
06.12.2023 14:47:54,0.00539416,0.5122536,-0.0084573,0.8587757,-1.027329,28.37307,5.515717,-0.06865579,0.5230494,0.05178615,0.8479528,14.82312,26.74427,-0.930628
06.12.2023 14:47:54,0.006176834,0.508012,-0.0092809,0.8612779,-1.149978,28.93839,5.556519,-0.06897826,0.5193328,0.05282569,0.8501441,14.9129,27.25215,-1.057109
06.12.2023 14:47:54,0.007109246,0.503637,-0.009988033,0.8638284,-1.280267,29.51961,5.578552,-0.06923046,0.5155825,0.0537238,0.8523471,14.98642,27.7634,-1.174949
06.12.2023 14:47:54,0.007903997,0.4992234,-0.0107181,0.866371,-1.397986,30.10435,5.612122,-0.06991822,0.5113909,0.05421573,0.8547816,15.07751,28.32696,-1.232294
06.12.2023 14:47:54,0.008549182,0.4946592,-0.01130448,0.8689715,-1.492249,30.70724,5.641296,-0.07083585,0.5076144,0.05356634,0.8569951,15.12488,28.82447,-1.158161
06.12.2023 14:47:54,0.009036473,0.490072,-0.01211115,0.871551,-1.582835,31.31171,5.702393,-0.07214993,0.5034552,0.05249766,0.8594017,15.18762,29.36596,-1.023719
06.12.2023 14:47:54,0.009354645,0.4851986,-0.0129556,0.874258,-1.657731,31.95218,5.778168,-0.07309198,0.4991493,0.05135544,0.8618992,15.21042,29.92833,-0.9058366
06.12.2023 14:47:54,0.009422204,0.4808192,-0.01361754,0.8766634,-1.697083,32.52612,5.849243,-0.07341789,0.4952838,0.05092083,0.8641244,15.21399,30.44005,-0.8895249
06.12.2023 14:47:54,0.009441414,0.4764652,-0.01401517,0.8790309,-1.716498,33.09498,5.896698,-0.07347845,0.4916374,0.05083063,0.8662043,15.21109,30.92576,-0.9204588
06.12.2023 14:47:54,0.009438626,0.4721708,-0.01410199,0.8813437,-1.71652,33.65425,5.913971,-0.07397582,0.4878138,0.05045648,0.8683429,15.23578,31.42817,-0.8998178
06.12.2023 14:47:54,0.009336857,0.468031,-0.01379777,0.883555,-1.685588,34.19164,5.896667,-0.07505739,0.4839215,0.04969453,0.8704694,15.29794,31.93065,-0.8078095
06.12.2023 14:47:54,0.00918728,0.4639289,-0.01320569,0.8857264,-1.634746,34.72255,5.852295,-0.07620016,0.4799019,0.04895684,0.8726345,15.36853,32.4482,-0.7167856
06.12.2023 14:47:54,0.009084517,0.4599792,-0.01244602,0.887796,-1.580431,35.23229,5.787659,-0.07667395,0.4756638,0.04928382,0.8748921,15.43082,33.00637,-0.7745128
06.12.2023 14:47:54,0.00880043,0.45603,-0.01160169,0.8898453,-1.503813,35.74081,5.723389,-0.07673383,0.471532,0.04947918,0.8771096,15.44376,33.55211,-0.8408766
06.12.2023 14:47:54,0.008520923,0.452189,-0.01067455,0.8918176,-1.424064,36.23423,5.649567,-0.07675722,0.4676925,0.04921951,0.8791755,15.42831,34.05539,-0.8592002
06.12.2023 14:47:54,0.008258494,0.4479998,-0.009832851,0.8939415,-1.350899,36.7713,5.583466,-0.07679131,0.4642161,0.0475424,0.8811051,15.33844,34.50018,-0.7271156
06.12.2023 14:47:54,0.008045269,0.4442915,-0.00902992,0.8958007,-1.285696,37.24562,5.517456,-0.07706364,0.4613367,0.04594413,0.8826771,15.27869,34.86419,-0.5824924
06.12.2023 14:47:54,0.007752879,0.440442,-0.00819598,0.8977102,-1.211288,37.73702,5.451935,-0.07695898,0.4586386,0.04412435,0.8841838,15.1698,35.2057,-0.4328193
06.12.2023 14:47:54,0.007716289,0.4363979,-0.007476731,0.8996897,-1.169499,38.25217,5.38504,-0.07688918,0.4553928,0.04316863,0.8859131,15.11075,35.62349,-0.3758414
06.12.2023 14:47:54,0.007724882,0.4326225,-0.006819428,0.9015163,-1.136175,38.73207,5.321594,-0.0768294,0.4528009,0.04249561,0.8872783,15.0683,35.95713,-0.3394954
06.12.2023 14:47:54,0.007742305,0.4287646,-0.006159822,0.9033621,-1.104183,39.22145,5.257294,-0.07697037,0.4497692,0.04171941,0.8888435,15.04126,36.34488,-0.2866452
06.12.2023 14:47:54,0.007782729,0.4244862,-0.005595531,0.9053837,-1.079698,39.76315,5.201996,-0.07732204,0.446572,0.04071325,0.8904703,15.02448,36.74994,-0.2006278
06.12.2023 14:47:54,0.007945349,0.4205125,-0.004946718,0.9072385,-1.064443,40.265,5.131439,-0.07746417,0.44374,0.03969043,0.8919187,14.98602,37.10867,-0.1194595
06.12.2023 14:47:54,0.008180162,0.4166048,-0.004463044,0.9090399,-1.065238,40.75756,5.074402,-0.07758392,0.4411509,0.03858956,0.8932399,14.94193,37.43502,-0.02833103
06.12.2023 14:47:54,0.008468613,0.4125963,-0.003863146,0.9108664,-1.066645,41.26171,0.002829923,-0.07764801,0.4391536,0.03712215,0.8942801,14.87405,37.68245,5.104889
06.12.2023 14:47:54,0.008855272,0.4086255,-0.003346225,0.912653,-1.082857,41.76005,-0.06470402,-0.07745697,0.4374919,0.03578099,0.8951653,14.78674,37.88945,5.215942
06.12.2023 14:47:54,0.009269251,0.4046124,-0.002854551,0.9144369,-1.103715,42.26268,-0.1306756,-0.07765944,0.4362395,0.03427854,0.8958176,14.73227,38.0389,5.368652
06.12.2023 14:47:54,0.009689737,0.4005197,-0.002230585,0.9162342,-1.119798,42.77412,-0.2105675,-0.0780478,0.4346666,0.03314535,0.8965907,14.71622,38.23028,5.489105
06.12.2023 14:47:54,0.009994984,0.3967641,-0.001797136,0.9178644,-1.13305,43.24274,-0.2654611,-0.07837022,0.4331335,0.03309109,0.8973063,14.74771,38.42425,5.494385
06.12.2023 14:47:54,0.0104141,0.3929946,-0.001336528,0.9194809,-1.157547,43.71206,-0.3282332,-0.07846212,0.4314483,0.03314077,0.8981079,14.76062,38.64043,5.475372
06.12.2023 14:47:54,0.01099448,0.3892073,-0.0009633445,0.9210841,-1.203504,44.1826,-0.3887616,-0.078643,0.4293585,0.03317979,0.8990916,14.78238,38.90751,5.457489
06.12.2023 14:47:54,0.01154958,0.3853514,-0.0005707478,0.9226975,-1.246477,44.66079,-0.4497707,-0.07905959,0.4267803,0.03233096,0.9003127,14.7851,39.22864,5.538757
06.12.2023 14:47:54,0.01199915,0.3819808,-0.0003050024,0.9240923,-1.284086,45.07819,-0.4930563,-0.07938685,0.4247476,0.03140293,0.9012775,14.77478,39.47969,5.629852
06.12.2023 14:47:54,0.01234975,0.3788444,-2.937148E-05,0.925378,-1.310963,45.46608,-0.5331646,-0.07882522,0.4223417,0.03092157,0.9024733,14.69446,39.78936,5.626068
06.12.2023 14:47:54,0.01244712,0.3758422,0.0001781544,0.9266001,-1.314085,45.83728,-0.5551481,-0.07821417,0.4200222,0.0300792,0.9036366,14.59149,40.08546,5.659088
06.12.2023 14:47:54,0.01253563,0.3729766,0.0005899935,0.9277559,-1.307598,46.19093,-0.5986632,-0.07746187,0.4175148,0.02870644,0.9049072,14.44858,40.40267,5.73941
06.12.2023 14:47:54,0.01265785,0.3700516,0.001127219,0.9289243,-1.299701,46.55127,-0.656926,-0.07693802,0.4153948,0.0267685,0.9059863,14.30261,40.66426,5.89505
06.12.2023 14:47:54,0.01276948,0.3673152,0.001900851,0.9300069,-1.280953,46.88769,-0.740264,-0.07723472,0.4138055,0.02420612,0.9067601,14.21271,40.8466,6.162262
06.12.2023 14:47:54,0.01302465,0.364496,0.003133086,0.9311086,-1.258932,47.23318,-0.8785537,-0.07767935,0.4122507,0.02267303,0.9074697,14.18817,41.02994,6.329041
06.12.2023 14:47:54,0.01324518,0.3616427,0.004580498,0.9322115,-1.225169,47.58231,-1.038495,-0.0773062,0.4103768,0.02225443,0.9083608,14.13199,41.26856,6.335968
06.12.2023 14:47:54,0.01330497,0.3587745,0.0060959,0.9333096,-1.172423,47.93311,-1.199292,-0.076199,0.4082199,0.0232803,0.9094,14.06747,41.55897,6.152924
06.12.2023 14:47:54,0.01308198,0.3556395,0.007642415,0.9345004,-1.089508,48.31685,-1.351898,-0.07438549,0.4052927,0.02301213,0.910865,13.86829,41.94367,6.065552
06.12.2023 14:47:54,0.01292151,0.3529653,0.008678769,0.935507,-1.034228,48.64406,-1.453401,-0.07335497,0.4026717,0.0213406,0.9121509,13.68536,42.27292,6.167664
06.12.2023 14:47:54,0.01253482,0.3505672,0.009067142,0.9364098,-0.9808473,48.9382,-1.476876,-0.0732509,0.4000956,0.01759074,0.913372,13.50449,42.575,6.534302
06.12.2023 14:47:54,0.01212578,0.3483688,0.008943874,0.9372365,-0.945304,49.2081,-1.444979,-0.07351035,0.3979439,0.01425843,0.9143487,13.38223,42.82293,6.878601
06.12.2023 14:47:54,0.01154627,0.3465384,0.008350302,0.9379276,-0.9094216,49.43348,-1.356283,-0.07348068,0.3961592,0.01238962,0.915153,13.29724,43.03621,7.058472
06.12.2023 14:47:54,0.01091669,0.3450008,0.007554564,0.9385085,-0.8754073,49.62309,-1.244282,-0.07403655,0.3949517,0.01174621,0.9156384,13.32916,43.1791,7.141357
06.12.2023 14:47:54,0.01011056,0.3435668,0.006672792,0.9390501,-0.8252911,49.80022,-1.116278,-0.07444978,0.3941854,0.0127862,0.9159212,13.42188,43.27831,7.043396
06.12.2023 14:47:54,0.00930715,0.3425876,0.006126157,0.9394199,-0.7614347,49.92139,-1.025,-0.07479928,0.3933132,0.01412797,0.9162479,13.52164,43.39342,6.909302
06.12.2023 14:47:54,0.008671965,0.3418196,0.005798077,0.9397077,-0.7067288,50.01624,-0.9641483,-0.07512913,0.3925774,0.01621131,0.9165019,13.65244,43.49654,6.696747
06.12.2023 14:47:54,0.008054416,0.3412697,0.005630479,0.939914,-0.6473354,50.08429,-0.9215172,-0.07522482,0.3916529,0.01599183,0.9168934,13.65433,43.61047,6.715637
06.12.2023 14:47:54,0.007575355,0.3410588,0.00539851,0.9399959,-0.6050081,50.11078,-0.8776505,-0.07508357,0.3910583,0.01515969,0.9171728,13.60294,43.68097,6.791809
06.12.2023 14:47:54,0.007238716,0.3411129,0.004902908,0.9399817,-0.5880731,50.10486,-0.8111331,-0.07419459,0.3911964,0.01271185,0.9172235,13.39819,43.65572,7.011871
06.12.2023 14:47:54,0.006990578,0.341443,0.004434911,0.9398661,-0.5793777,50.06516,-0.7512197,-0.07299601,0.3919594,0.009930084,0.9170282,13.1441,43.5532,7.258514
06.12.2023 14:47:54,0.006906706,0.3420089,0.003482769,0.9396649,-0.607215,49.9967,-0.6457494,-0.07202604,0.3923935,0.008189194,0.9169365,12.96182,43.49681,7.402039
06.12.2023 14:47:54,0.006888637,0.3426398,0.002619502,0.9394379,-0.6387353,49.92021,-0.5525096,-0.07131086,0.3930325,0.007219249,0.9167268,12.84073,43.41722,7.477264
06.12.2023 14:47:54,0.006987436,0.3434998,0.00155905,0.9391255,-0.690608,49.81576,-0.4428558,-0.07138403,0.3930223,0.007321797,0.9167247,12.85312,43.41846,7.469696
06.12.2023 14:47:54,0.007172057,0.3446729,0.000420048,0.9386954,-0.7549049,49.67309,-0.3284853,-0.07171018,0.3929351,0.007474219,0.9167355,12.89465,43.42738,7.467865
06.12.2023 14:47:54,0.007334403,0.3457422,-0.0006442515,0.9383007,-0.8141569,49.54307,-0.2213348,-0.07275381,0.3922308,0.008400328,0.9169468,13.04858,43.51194,7.411835
06.12.2023 14:47:55,0.007364646,0.3473888,-0.001992743,0.9376901,-0.8707016,49.3428,-0.07905666,-0.0743831,0.3915899,0.009353506,0.9170808,13.26526,43.58341,7.380219
06.12.2023 14:47:55,0.007585262,0.3498869,-0.004534096,0.9367503,-0.9960706,49.03912,5.182617,-0.0758335,0.3909871,0.01010101,0.9172112,13.45364,43.65041,7.362305
06.12.2023 14:47:55,0.007742169,0.3511648,-0.005882803,0.9362632,-1.06743,48.88379,5.319672,-0.0757548,0.3905255,0.01032485,0.9174118,13.45663,43.71052,7.330658
06.12.2023 14:47:55,0.008145774,0.3525032,-0.007388588,0.935746,-1.171995,48.72114,5.463318,-0.07575322,0.3900801,0.009998751,0.9176051,13.4429,43.76436,7.361053
06.12.2023 14:47:55,0.008515364,0.3535706,-0.008575059,0.9353298,-1.260215,48.59142,5.574219,-0.07560055,0.3895572,0.009102677,0.9178491,13.38776,43.82567,7.444275
06.12.2023 14:47:55,0.008775064,0.3545437,-0.009620845,0.9349488,-1.331129,48.47319,5.674438,-0.07562861,0.3890443,0.008452651,0.9180705,13.36285,43.88562,7.509857
06.12.2023 14:47:55,0.009263578,0.3553607,-0.0103893,0.9346256,-1.415341,48.37376,5.735718,-0.07530571,0.388662,0.008333776,0.91826,13.32446,43.93583,7.504181
06.12.2023 14:47:55,0.009669296,0.3561215,-0.01103433,0.9343245,-1.485711,48.28112,5.787109,-0.07464082,0.3882086,0.008983391,0.9184999,13.28458,44.00292,7.400665
06.12.2023 14:47:55,0.009867052,0.3566102,-0.0116586,0.9341285,-1.532807,48.22187,5.845093,-0.07389043,0.3879067,0.009578908,0.9186822,13.23279,44.05134,7.300415
06.12.2023 14:47:55,0.01009079,0.356982,-0.01219919,0.9339771,-1.579209,48.1769,5.893219,-0.07297614,0.3876145,0.01005351,0.9188735,13.15811,44.09908,7.205688
06.12.2023 14:47:55,0.01017728,0.3573833,-0.0126132,0.9338172,-1.605806,48.12815,5.933319,-0.07251202,0.3876692,0.009284251,0.9188952,13.07449,44.09158,7.266693
06.12.2023 14:47:55,0.01038901,0.357629,-0.01304138,0.9337149,-1.64626,48.09853,5.970062,-0.07250416,0.3877697,0.007966838,0.9188659,13.0144,44.07098,7.407074
06.12.2023 14:47:55,0.01043142,0.3576888,-0.01330292,0.9336879,-1.661581,48.09152,5.996216,-0.07239842,0.387775,0.007373706,0.9188768,12.97662,44.06765,7.465271
06.12.2023 14:47:55,0.01045831,0.3575547,-0.0133865,0.9337377,-1.667741,48.1081,6.004303,-0.07235394,0.3876785,0.007673945,0.9189186,12.98563,44.08197,7.430511
06.12.2023 14:47:55,0.01036479,0.3572511,-0.01326441,0.9338567,-1.652406,48.1452,5.995605,-0.07208315,0.3872649,0.008349654,0.9191084,12.98834,44.14029,7.342834
06.12.2023 14:47:55,0.01033148,0.3569462,-0.01299379,0.9339774,-1.637444,48.18227,5.968536,-0.07189473,0.3867307,0.008946011,0.9193425,12.99643,44.21248,7.266266
06.12.2023 14:47:55,0.01010575,0.3565423,-0.01260191,0.9341395,-1.596845,48.23135,5.936493,-0.07167736,0.385471,0.009396633,0.9198838,12.99658,44.3748,7.19751
06.12.2023 14:47:55,0.009940808,0.3560854,-0.01210978,0.9343221,-1.558641,48.2868,5.891266,-0.07135653,0.3838857,0.00969688,0.9205683,12.97971,44.57772,7.137238
06.12.2023 14:47:55,0.01000963,0.3554973,-0.01162788,0.9345514,-1.54582,48.35832,5.83783,-0.07052722,0.3817536,0.01046732,0.9215099,12.93069,44.8559,6.999481
06.12.2023 14:47:55,0.01002194,0.3548526,-0.01126651,0.9348007,-1.531867,48.43693,5.799652,-0.06930678,0.3799856,0.01068799,0.9223304,12.81473,45.08801,6.90625
06.12.2023 14:47:55,0.01004789,0.3542719,-0.01109898,0.9350227,-1.527349,48.5079,5.781586,-0.06827749,0.3785025,0.0100678,0.9230237,12.68143,45.27756,6.914063
06.12.2023 14:47:55,0.01006604,0.3537361,-0.011056,0.9352258,-1.527104,48.57351,5.77713,-0.06788743,0.3770446,0.008189125,0.9236675,12.56125,45.45127,7.084961
06.12.2023 14:47:55,0.01000553,0.353132,-0.01094709,0.935456,-1.515707,48.64741,5.76889,-0.06755364,0.3757047,0.006514698,0.9242511,12.45621,45.61104,7.237854
06.12.2023 14:47:55,0.009872322,0.3523816,-0.01072138,0.9357429,-1.491689,48.73909,5.751282,-0.06764416,0.3748603,0.005926075,0.9245912,12.44238,45.71197,7.297821
06.12.2023 14:47:55,0.009755218,0.3514188,-0.01016659,0.9361123,-1.45601,48.85635,5.697968,-0.06776915,0.3741471,0.005797408,0.9248717,12.4519,45.79892,7.311249
06.12.2023 14:47:55,0.009871119,0.3503869,-0.009428165,0.9365056,-1.43803,48.98176,5.615662,-0.06814406,0.3733804,0.006797942,0.9251472,12.5368,45.89706,7.21463
06.12.2023 14:47:55,0.009952684,0.3490472,-0.008493916,0.9370138,-1.408539,49.14457,5.514099,-0.06834333,0.3725556,0.007501153,0.9254596,12.59021,46.00217,7.141449
06.12.2023 14:47:55,0.01002709,0.3475063,-0.007488349,0.9375942,-1.375642,49.33181,5.405365,-0.06913684,0.3716645,0.007956559,0.925755,12.69629,46.10925,7.120026
06.12.2023 14:47:55,0.009927609,0.3459927,-0.006649545,0.9381611,-1.331031,49.5159,5.32135,-0.06951286,0.3709194,0.007908376,0.926026,12.73596,46.19851,7.135315
06.12.2023 14:47:55,0.009736327,0.3443391,-0.005732203,0.9387774,-1.273683,49.71698,5.232513,-0.06960277,0.3700621,0.007743945,0.9263636,12.74048,46.30329,7.149628
06.12.2023 14:47:55,0.009581561,0.3426323,-0.005066382,0.9394071,-1.230452,49.9247,5.16922,-0.06942951,0.3689246,0.007160793,0.9268349,12.69983,46.44244,7.194977
06.12.2023 14:47:55,0.009517068,0.3406402,-0.004279984,0.9401358,-1.192442,50.16691,5.08963,-0.06915379,0.3676684,0.00653191,0.9273592,12.64667,46.59679,7.239929
06.12.2023 14:47:55,0.009522581,0.3382522,-0.003539115,0.9410007,-1.164086,50.45716,5.012512,-0.06908513,0.3661307,0.006272953,0.9279743,12.63211,46.78651,7.251984
06.12.2023 14:47:55,0.00981302,0.3359245,-0.002935754,0.9418332,-1.172172,50.7397,-0.06091169,-0.06917226,0.3645825,0.006119801,0.9285781,12.6387,46.97677,7.259338
06.12.2023 14:47:55,0.01013281,0.333569,-0.002466759,0.942668,-1.18894,51.02546,-0.1208809,-0.06978732,0.3626935,0.006242221,0.9292708,12.71414,47.20652,7.256775
06.12.2023 14:47:55,0.01064704,0.3310061,-0.002253118,0.9435659,-1.236766,51.33618,-0.1602674,-0.07057487,0.3608376,0.006308683,0.9299332,12.8056,47.43026,7.267517
06.12.2023 14:47:55,0.01145652,0.3281502,-0.002161763,0.9445536,-1.321436,51.68195,-0.1968704,-0.0721127,0.3580751,0.007175708,0.9308762,13.01282,47.76486,7.215698
06.12.2023 14:47:55,0.01218724,0.3250776,-0.002063386,0.9456066,-1.397593,52.05363,-0.2304722,-0.07309477,0.3554068,0.008354637,0.9318119,13.17285,48.0943,7.106689
06.12.2023 14:47:55,0.01297864,0.3216635,-0.002016186,0.946763,-1.482548,52.46617,-0.2597413,-0.07384645,0.3528184,0.009477831,0.9327251,13.30511,48.41534,6.993896
06.12.2023 14:47:55,0.013689,0.3178139,-0.001915417,0.9480524,-1.557105,52.93084,-0.2905567,-0.07439635,0.3500023,0.0105862,0.9337299,13.41504,48.76596,6.871613
06.12.2023 14:47:55,0.01440779,0.3139345,-0.00184207,0.9493335,-1.633849,53.39847,-0.3180494,-0.0748702,0.3469028,0.01192223,0.934832,13.52576,49.15356,6.718323
06.12.2023 14:47:55,0.0152573,0.3096715,-0.001949006,0.9507192,-1.731623,53.91174,-0.3292354,-0.07498818,0.3439892,0.01304364,0.9358836,13.58835,49.51937,6.57489
06.12.2023 14:47:55,0.01617998,0.3046931,-0.001886383,0.9523113,-1.831846,54.50999,-0.3592592,-0.07447688,0.3409435,0.01355009,0.937031,13.5582,49.90155,6.471344
06.12.2023 14:47:55,0.01713356,0.3001064,-0.001780278,0.9537502,-1.934147,55.05999,-0.3948758,-0.07355642,0.3381616,0.01256423,0.938125,13.42459,50.24336,6.516205
06.12.2023 14:47:55,0.01818218,0.29528,-0.001511686,0.9552366,-2.041842,55.63742,-0.4500413,-0.07253485,0.3351757,0.01097279,0.9392952,13.25732,50.60631,6.621918
06.12.2023 14:47:55,0.01915677,0.2905465,-0.001075718,0.9566685,-2.136393,56.20253,-0.5202508,-0.07150424,0.3320636,0.009617255,0.9404937,13.09909,50.98595,6.701599
06.12.2023 14:47:55,0.02036266,0.2856713,-0.0005441797,0.9581112,-2.254042,56.78301,-0.6073173,-0.07035095,0.3290136,0.008552172,0.9416623,12.93915,51.36031,6.746552
06.12.2023 14:47:55,0.0216331,0.280346,0.0001668627,0.9596552,-2.374276,57.41566,-0.7139503,-0.06928147,0.3256204,0.00788859,0.9429259,12.80441,51.77803,6.749237
06.12.2023 14:47:55,0.02256762,0.2756112,0.0009968294,0.9610038,-2.45448,57.9771,-0.823304,-0.06848712,0.3224019,0.008344096,0.9440852,12.74103,52.17912,6.642731
06.12.2023 14:47:55,0.0234416,0.2706281,0.001852257,0.9623968,-2.528578,58.56723,-0.932184,-0.06789841,0.3189749,0.008771664,0.9452872,12.69864,52.60339,6.545776
06.12.2023 14:47:55,0.02409253,0.2665014,0.002865565,0.9635291,-2.573466,59.05463,-1.053272,-0.0676454,0.3159302,0.008408262,0.9463305,12.66278,52.97317,6.551208
06.12.2023 14:47:55,0.02448997,0.2615874,0.003946418,0.964861,-2.590317,59.63541,-1.171718,-0.06736507,0.3120452,0.007810511,0.9476438,12.617,53.44324,6.574768
06.12.2023 14:47:55,0.02501866,0.2570207,0.004953446,0.9660693,-2.624677,60.1739,-1.286681,-0.06672645,0.3077866,0.008117824,0.949078,12.56519,53.96608,6.483643
06.12.2023 14:47:55,0.02512643,0.2524118,0.006045613,0.9672748,-2.61109,60.71759,-1.398459,-0.06603044,0.3038786,0.008332112,0.9503833,12.50266,54.44529,6.404053
06.12.2023 14:47:55,0.02526695,0.24795,0.007071158,0.9684175,-2.603919,61.24324,-1.504339,-0.06510917,0.2992367,0.008341827,0.9519184,12.40891,55.01243,6.333893
06.12.2023 14:47:55,0.0251831,0.243425,0.008017278,0.9695596,-2.575156,61.77655,-1.595032,-0.0646411,0.2950105,0.007622704,0.9532745,12.33896,55.52101,6.363861
06.12.2023 14:47:55,0.02508427,0.2389622,0.008809072,0.9706649,-2.549746,62.3023,-1.668605,-0.06453919,0.2907044,0.006280491,0.9546131,12.28885,56.03235,6.475006
06.12.2023 14:47:55,0.02468699,0.2343275,0.009689287,0.9717959,-2.489741,62.84842,-1.743804,-0.06457246,0.2861454,0.005172334,0.955994,12.26288,56.57409,6.563446
06.12.2023 14:47:55,0.02435821,0.2297605,0.0107131,0.9728833,-2.434227,63.38543,-1.837632,-0.06479494,0.2818377,0.004815861,0.9572596,12.28275,57.0885,6.577271
06.12.2023 14:47:55,0.02406152,0.2259071,0.01157613,0.9737828,-2.385978,63.83816,-1.916649,-0.06483699,0.2784746,0.00568199,0.9582357,12.32068,57.49781,6.457123
06.12.2023 14:47:55,0.02367926,0.2213685,0.0125401,0.974822,-2.327661,64.3711,-2.003541,-0.06477889,0.2746321,0.00639197,0.9593436,12.34256,57.96381,6.347107
06.12.2023 14:47:55,0.02346538,0.2171397,0.01343152,0.9757661,-2.290173,64.86676,-2.087843,-0.06467909,0.2714647,0.006916226,0.9602478,12.35236,58.34745,6.261444
06.12.2023 14:47:55,0.02334209,0.2131513,0.01422761,0.9766367,-2.26539,65.33367,-2.164618,-0.06446328,0.2686231,0.006008452,0.9610671,12.30408,58.68299,6.333527
06.12.2023 14:47:55,0.02321109,0.2092331,0.01491919,0.9774765,-2.242752,65.79218,-2.229894,-0.06428654,0.2658092,0.004293383,0.9618702,12.23581,59.00947,6.497009
06.12.2023 14:47:55,0.02298334,0.2052611,0.01559199,0.9783131,-2.210387,66.25696,-2.290872,-0.06387194,0.2626809,0.003235705,0.962761,12.16266,59.37883,6.578156
06.12.2023 14:47:55,0.02261544,0.2014288,0.01623517,0.9791075,-2.163167,66.70552,-2.345881,-0.0631141,0.2595188,0.002096033,0.9636713,12.04971,59.75324,6.658234
06.12.2023 14:47:55,0.02219168,0.1976762,0.01684446,0.9798714,-2.110709,67.14467,-2.396391,-0.06246566,0.2561545,0.001391892,0.9646145,11.96274,60.15356,6.692444
06.12.2023 14:47:55,0.02158595,0.1937189,0.01755408,0.9806625,-2.036489,67.60782,-2.454127,-0.06169994,0.252331,0.0005507661,0.9656718,11.85989,60.60793,6.735809
06.12.2023 14:47:55,0.0211967,0.1906313,0.01800038,0.9812678,-1.99065,67.96889,-2.489374,-0.06115169,0.2494106,-0.0003616124,0.9664651,11.77792,60.95274,6.800659
06.12.2023 14:47:55,0.02063385,0.1872531,0.01824048,0.9819256,-1.930696,68.36458,-2.497387,-0.06067934,0.2460826,-0.001448257,0.9673465,11.70071,61.34426,6.884857
06.12.2023 14:47:55,0.02019621,0.1840279,0.01856414,0.9825382,-1.882761,68.74162,-2.518215,-0.06047168,0.242998,-0.002334907,0.9681373,11.65872,61.70635,6.956482
06.12.2023 14:47:55,0.01973773,0.1809447,0.01864394,0.9831185,-1.837333,69.10236,-2.511724,-0.06024766,0.2398225,-0.003168033,0.9689403,11.61707,62.07935,7.021332
06.12.2023 14:47:55,0.01915617,0.177856,0.01871905,0.983692,-1.778113,69.46393,-2.502481,-0.06086639,0.2369435,-0.003747377,0.9696077,11.67615,62.41392,7.083588
06.12.2023 14:47:55,0.01881197,0.1749071,0.01863766,0.9842288,-1.748415,69.80849,-2.481011,-0.0610901,0.2337883,-0.003766488,0.9703591,11.70731,62.78651,7.070038
06.12.2023 14:47:55,0.01844303,0.1719875,0.01842019,0.9847542,-1.718422,70.14975,-2.443938,-0.06118827,0.2307072,-0.003240866,0.971092,11.7388,63.15411,6.992432
06.12.2023 14:47:55,0.01842469,0.1690938,0.017959,0.9852641,-1.732479,70.48713,-2.386414,-0.06169863,0.2276029,-0.00325563,0.9717919,11.80176,63.51871,6.986115
06.12.2023 14:47:55,0.01828745,0.1660367,0.01759253,0.9857931,-1.731357,70.84354,-2.336974,-0.0619508,0.2245618,-0.003846268,0.972481,11.8208,63.87331,7.037628
06.12.2023 14:47:55,0.01808292,0.1631142,0.01705354,0.9862941,-1.725254,71.18461,-2.267023,-0.06295053,0.2216804,-0.00504641,0.9730722,11.9079,64.2009,7.178162
06.12.2023 14:47:55,0.0178121,0.1599945,0.01632817,0.9868221,-1.715114,71.54887,-2.174477,-0.06357692,0.2186959,-0.005708293,0.973703,11.9679,64.54577,7.247375
06.12.2023 14:47:55,0.01767965,0.1569912,0.01544709,0.987321,-1.72262,71.8993,-2.0671,-0.0641485,0.2161225,-0.005302039,0.9742423,12.04797,64.84914,7.197754
06.12.2023 14:47:55,0.0176836,0.1540043,0.01439133,0.9878072,-1.747983,72.24762,-1.942366,-0.06448317,0.2133977,-0.004565831,0.9748244,12.10977,65.17375,7.103516
06.12.2023 14:47:55,0.01794491,0.1509202,0.0133456,0.988293,-1.801758,72.60645,-1.82294,-0.06485912,0.2101825,-0.004583238,0.9754977,12.15842,65.55084,7.091248
06.12.2023 14:47:55,0.01849295,0.148013,0.01216723,0.9887376,-1.889243,72.94428,-1.693386,-0.0661497,0.2067776,-0.00569886,0.9761326,12.28384,65.93774,7.223358
06.12.2023 14:47:55,0.01902871,0.1450569,0.0110082,0.9891791,-1.974343,73.28783,-1.565221,-0.0669197,0.2032392,-0.006480363,0.9768181,12.35995,66.34499,7.303497
06.12.2023 14:47:55,0.01964034,0.141863,0.009728356,0.9896436,-2.069612,73.659,-1.423597,-0.06779621,0.1995091,-0.006359217,0.9775272,12.47003,66.7802,7.282257
06.12.2023 14:47:55,0.02008347,0.1387435,0.008625546,0.9900872,-2.141946,74.02159,-1.298939,-0.068313,0.1961362,-0.005931976,0.9781762,12.54572,67.17729,7.220062
06.12.2023 14:47:55,0.02042963,0.1360763,0.007666096,0.990458,-2.199726,74.3317,-1.189613,-0.06855758,0.1934876,-0.005472364,0.9786892,12.58954,67.49075,7.153137
06.12.2023 14:47:55,0.02074077,0.1328741,0.006820682,0.9908924,-2.251797,74.70348,-1.091187,-0.06913919,0.1906838,-0.006016618,0.9791952,12.64917,67.81332,7.206024
06.12.2023 14:47:55,0.02107796,0.1298939,0.006213993,0.9912844,-2.302431,75.04893,-1.020483,-0.06991785,0.1881304,-0.007046418,0.9796269,12.72018,68.10165,7.319977
06.12.2023 14:47:55,0.02133264,0.1268814,0.005837016,0.9916713,-2.339963,75.39768,-0.974328,-0.07087135,0.1852665,-0.008054228,0.9800963,12.81281,68.42535,7.432465
06.12.2023 14:47:55,0.02146053,0.1237954,0.00578898,0.9920588,-2.358211,75.75424,-0.9633988,-0.07186692,0.1821189,-0.00801923,0.9806139,12.93365,68.7897,7.424866
06.12.2023 14:47:56,0.02166177,0.1205805,0.005719587,0.9924507,-2.385175,76.12551,-0.9506472,-0.07284819,0.1784422,-0.007213831,0.9812235,13.07019,69.22203,7.324371
06.12.2023 14:47:56,0.02179208,0.1173431,0.005586187,0.9928367,-2.404891,76.49948,-0.9294314,-0.0735949,0.1748461,-0.006824945,0.9818177,13.17093,69.64291,7.265991
06.12.2023 14:47:56,0.02185937,0.1141214,0.005595594,0.9932106,-2.415432,76.87127,-0.9235775,-0.07437253,0.1713261,-0.007539819,0.9823743,13.25272,70.04585,7.33371
06.12.2023 14:47:56,0.02173122,0.1109415,0.00530181,0.9935752,-2.407522,77.23911,-0.8807195,-0.07526867,0.1680905,-0.008583468,0.9828563,13.3414,70.41187,7.443115
06.12.2023 14:47:56,0.02142297,0.1077607,0.004996571,0.9939335,-2.378983,77.60718,-0.8343808,-0.07658546,0.16503,-0.01062725,0.9832532,13.4588,70.74656,7.675781
06.12.2023 14:47:56,0.02100722,0.1045805,0.004698559,0.9942834,-2.33783,77.97514,-0.7877693,-0.077876,0.1621342,-0.01164885,0.983622,13.59354,71.06992,7.792328
06.12.2023 14:47:56,0.02048771,0.1015576,0.004570746,0.9946082,-2.282471,78.32454,-0.7599989,-0.07954337,0.1599297,-0.01157042,0.9838504,13.79019,71.31915,7.796143
06.12.2023 14:47:56,0.02003985,0.09868478,0.004543942,0.9949066,-2.233882,78.65619,-0.7452521,-0.08126403,0.1586226,-0.01025062,0.983936,14.0134,71.47379,7.666779
06.12.2023 14:47:56,0.01949405,0.0958458,0.004673845,0.9951943,-2.172306,78.9836,-0.7476735,-0.08274826,0.1569277,-0.009663858,0.98409,14.19705,71.6691,7.612274
06.12.2023 14:47:56,0.01902652,0.09309241,0.004999008,0.9954631,-2.117542,79.30055,-0.7737646,-0.08398612,0.1550423,-0.009364998,0.9842868,14.3479,71.88567,7.583618
06.12.2023 14:47:56,0.01856832,0.09019294,0.005557486,0.9957357,-2.061706,79.63376,-0.8265992,-0.08507029,0.1535363,-0.01001499,0.9844234,14.46326,72.04997,7.663666
06.12.2023 14:47:56,0.01796293,0.08733048,0.006322939,0.9959974,-1.987284,79.96243,-0.9019962,-0.08558952,0.1518456,-0.01135205,0.9846261,14.50302,72.23262,7.809784
06.12.2023 14:47:56,0.01748009,0.08437365,0.007258386,0.9962544,-1.925753,80.30147,-0.9982552,-0.08541364,0.1507127,-0.01273227,0.9847986,14.46194,72.35355,7.95343
06.12.2023 14:47:56,0.01716641,0.08112442,0.008697808,0.9965182,-1.879757,80.67294,-1.153506,-0.08473735,0.1496748,-0.01291375,0.9850129,14.38507,72.4774,7.951782
06.12.2023 14:47:56,0.01686345,0.07765824,0.01035339,0.9967837,-1.834373,81.06895,-1.333466,-0.08387334,0.148487,-0.01271201,0.9852692,14.29401,72.62334,7.901672
06.12.2023 14:47:56,0.01669535,0.07461182,0.01191455,0.9970017,-1.805841,81.41664,-1.504877,-0.08335932,0.1471407,-0.01288351,0.9855125,14.2366,72.78225,7.899292
06.12.2023 14:47:56,0.01632297,0.07053187,0.0141917,0.997275,-1.750947,81.88222,-1.754839,-0.08264814,0.1447124,-0.01386275,0.9859186,14.14633,73.06151,7.975891
06.12.2023 14:47:56,0.01616877,0.067011,0.01614833,0.9974905,-1.724414,82.28367,-1.971258,-0.08186466,0.1422804,-0.01523016,0.9863177,14.04181,73.33809,8.096069
06.12.2023 14:47:56,0.0162373,0.06348286,0.01794346,0.9976895,-1.726088,82.68566,-2.171042,-0.08104113,0.1397017,-0.01606453,0.9867409,13.9426,73.63669,8.153717
06.12.2023 14:47:56,0.01643749,0.06011893,0.01933813,0.9978685,-1.74663,83.06903,-2.326222,-0.07996292,0.1369796,-0.01581826,0.9872144,13.83258,73.96274,8.082642
06.12.2023 14:47:56,0.016977,0.05685246,0.02025407,0.9980327,-1.809944,83.44102,-2.428921,-0.0786911,0.134176,-0.01483587,0.9877168,13.71201,74.30528,7.924072
06.12.2023 14:47:56,0.01782445,0.05387444,0.02085252,0.9981709,-1.910415,83.77948,-2.49737,-0.07730739,0.1317115,-0.01422196,0.9881667,13.57123,74.60514,7.809723
06.12.2023 14:47:56,0.01900538,0.05103314,0.02123229,0.9982904,-2.050405,84.10161,-2.542486,-0.07582653,0.1299183,-0.01439835,0.9885162,13.40506,74.82022,7.790924
06.12.2023 14:47:56,0.02038246,0.04822843,0.02159811,0.9983948,-2.213095,84.41888,-2.586441,-0.07463305,0.1286297,-0.0160294,0.9887505,13.24829,74.96306,7.948029
06.12.2023 14:47:56,0.02214343,0.04538964,0.02194278,0.9984828,-2.42019,84.73887,-2.629083,-0.07352076,0.1272889,-0.01748183,0.9889827,13.10403,75.11326,8.085876
06.12.2023 14:47:56,0.02415471,0.04276115,0.02229764,0.9985444,-2.655587,85.03381,-2.673602,-0.07249206,0.1265636,-0.01811801,0.9891402,12.97977,75.19803,8.136902
06.12.2023 14:47:56,0.02611876,0.03977359,0.02295582,0.9986035,-2.885402,85.36903,-2.750453,-0.07178089,0.1252323,-0.01826407,0.9893588,12.90088,75.35548,8.132019
06.12.2023 14:47:56,0.02800742,0.03718213,0.02362475,0.9986365,-3.1059,85.65871,-2.82814,-0.07204144,0.1238126,-0.01784743,0.9895262,12.94107,75.52246,8.076843
06.12.2023 14:47:56,0.02980327,0.03473676,0.02401952,0.9986632,-3.316879,85.93253,-2.873404,-0.07268881,0.1218743,-0.01725641,0.9897299,13.02924,75.74918,8.003082
06.12.2023 14:47:56,0.03121234,0.0323993,0.02411632,0.9986964,-3.484619,86.19608,-2.882348,-0.07306916,0.1199165,-0.0163863,0.9899558,13.0907,75.98182,7.892944
06.12.2023 14:47:56,0.03237142,0.03015369,0.02409301,0.9987304,-3.623949,86.45029,-2.876161,-0.07320958,0.1185278,-0.01571686,0.9901235,13.12003,76.14793,7.806824
06.12.2023 14:47:56,0.03323537,0.02803374,0.02407541,0.9987642,-3.729079,86.69101,-2.869467,-0.07313688,0.1177591,-0.01534292,0.9902264,13.11905,76.24064,7.756592
06.12.2023 14:47:56,0.03399609,0.02606472,0.0239374,0.9987953,-3.82231,86.9152,-2.848766,-0.07278548,0.1171471,-0.01541121,0.9903238,13.07977,76.3129,7.754364
06.12.2023 14:47:56,0.03432195,0.02418295,0.02359151,0.9988397,-3.865999,87.13155,-2.802856,-0.07221631,0.1165402,-0.01537618,0.9904377,13.01703,76.3864,7.737335
06.12.2023 14:47:56,0.03449908,0.02255375,0.0232835,0.9988789,-3.891687,87.31922,-2.761698,-0.07110053,0.1156081,-0.01529285,0.9906289,12.89352,76.50056,7.704559
06.12.2023 14:47:56,0.03470225,0.02130458,0.02299396,0.998906,-3.919155,87.46315,-2.724145,-0.07029441,0.1142302,-0.01507998,0.9908496,12.8082,76.66594,7.657959
06.12.2023 14:47:56,0.03506859,0.02028586,0.02265166,0.9989222,-3.964741,87.58038,-2.681806,-0.06974943,0.1124037,-0.0147639,0.9911017,12.75507,76.88289,7.599823
06.12.2023 14:47:56,0.03540125,0.01953674,0.02234796,0.9989322,-4.005583,87.66664,-2.644805,-0.06901407,0.1106148,-0.01444396,0.9913591,12.67999,77.0962,7.539246
06.12.2023 14:47:56,0.03593196,0.01898053,0.02205475,0.9989306,-4.068546,87.73019,-2.610216,-0.06799652,0.1083669,-0.01382781,0.9916864,12.57739,77.36599,7.437775
06.12.2023 14:47:56,0.03646699,0.01868679,0.02177237,0.9989229,-4.131266,87.7636,-2.577897,-0.06700981,0.1068753,-0.01373192,0.9919167,12.46967,77.54378,7.402588
06.12.2023 14:47:56,0.03714889,0.01845879,0.02156282,0.9989066,-4.210472,87.78879,-2.554532,-0.06582173,0.1057542,-0.01466277,0.9921032,12.32529,77.67182,7.485687
06.12.2023 14:47:56,0.03780756,0.01832778,0.02116447,0.9988928,-4.28718,87.80374,-2.509811,-0.06474082,0.1048828,-0.01687568,0.9922316,12.17706,77.76147,7.719208
06.12.2023 14:47:56,0.03839244,0.01840283,0.02079946,0.9988768,-4.354837,87.79514,-2.46962,-0.06383416,0.1040646,-0.01846477,0.9923481,12.05652,77.84903,7.884003
06.12.2023 14:47:56,0.03896946,0.01842499,0.02037491,0.9988627,-4.421862,87.79295,-2.422345,-0.0632229,0.1031002,-0.01869715,0.9924836,11.98676,77.96182,7.896088
06.12.2023 14:47:56,0.03939145,0.01855406,0.02001776,0.9988511,-4.470716,87.77863,-2.382917,-0.0629195,0.1018072,-0.01877275,0.9926349,11.95502,78.11237,7.891876
06.12.2023 14:47:56,0.03981482,0.01873559,0.01966913,0.9988378,-4.519597,87.75828,-2.34472,-0.063302,0.09985615,-0.01850261,0.9928138,12.00748,78.33849,7.851807
06.12.2023 14:47:56,0.04005197,0.01886726,0.01923752,0.9988343,-4.547448,87.74451,-2.296323,-0.06392378,0.09756243,-0.0180135,0.993011,12.09064,78.6048,7.786835
06.12.2023 14:47:56,0.04035963,0.01899049,0.01887498,0.9988264,-4.583258,87.73126,-2.255999,-0.06451439,0.09546927,-0.01785662,0.9931791,12.16568,78.84574,7.760681
06.12.2023 14:47:56,0.04036696,0.01923732,0.0185423,0.9988276,-4.584304,87.70442,-2.218938,-0.06574621,0.09346626,-0.01791517,0.9932877,12.31134,79.07202,7.766876
06.12.2023 14:47:56,0.0401931,0.01933586,0.0181855,0.9988393,-4.564978,87.69515,-2.177974,-0.0668696,0.09178383,-0.01829004,0.9933628,12.44037,79.2593,7.810059
06.12.2023 14:47:56,0.03972777,0.01947662,0.01778333,0.9988624,-4.512261,87.68191,-2.131263,-0.06797869,0.09061714,-0.01850225,0.9933907,12.56815,79.38806,7.837952
06.12.2023 14:47:56,0.03929117,0.01965182,0.01725137,0.9988856,-4.463082,87.66518,-2.069864,-0.06917041,0.08973645,-0.0186547,0.9933856,12.70529,79.48375,7.861847
06.12.2023 14:47:56,0.03876351,0.0197297,0.0167785,0.9989128,-4.403542,87.65952,-2.014584,-0.07019439,0.08898906,-0.01871626,0.9933798,12.82388,79.56538,7.874268
06.12.2023 14:47:56,0.03816913,0.01973597,0.01634577,0.9989427,-4.336408,87.66198,-1.963432,-0.07132676,0.08875928,-0.01864467,0.9933211,12.95474,79.58762,7.876587
06.12.2023 14:47:56,0.03750324,0.01986434,0.01582383,0.9989737,-4.261051,87.65089,-1.902391,-0.07252038,0.08844612,-0.01823101,0.9932702,13.09644,79.62199,7.839508
06.12.2023 14:47:56,0.03681666,0.01980856,0.01546262,0.999006,-4.183302,87.66025,-1.858972,-0.07363147,0.08821379,-0.01763726,0.9932199,13.23032,79.64892,7.781403
06.12.2023 14:47:56,0.03608324,0.01988208,0.01505036,0.9990376,-4.100064,87.65499,-1.810127,-0.07485683,0.08775469,-0.01756957,0.9931701,13.37247,79.69739,7.783081
06.12.2023 14:47:56,0.03508157,0.01985298,0.01479719,0.9990777,-3.985894,87.66132,-1.778466,-0.07596356,0.0868955,-0.01811278,0.9931519,13.49591,79.78757,7.850189
06.12.2023 14:47:56,0.03400537,0.0198718,0.01447972,0.9991192,-3.863251,87.66248,-1.739446,-0.07685594,0.08568326,-0.01840248,0.9931832,13.59857,79.92169,7.882599
06.12.2023 14:47:56,0.03291964,0.01999269,0.0140845,0.9991587,-3.739527,87.65215,-1.691874,-0.07743582,0.08480939,-0.01857665,0.99321,13.66571,80.01894,7.901184
06.12.2023 14:47:56,0.03177313,0.0200456,0.01378167,0.9991991,-3.608745,87.64928,-1.654493,-0.07774248,0.08411355,-0.018869,0.9932396,13.69992,80.09572,7.931946
06.12.2023 14:47:56,0.03075937,0.02006255,0.01341399,0.9992355,-3.493395,87.65045,-1.609873,-0.07819444,0.08344869,-0.01941816,0.9932497,13.7482,80.16599,7.994049
06.12.2023 14:47:56,0.03003174,0.0202234,0.01302168,0.9992595,-3.410673,87.63461,-1.563629,-0.0785133,0.08324615,-0.02062367,0.9932172,13.77344,80.17743,8.13446
06.12.2023 14:47:56,0.02941216,0.02031764,0.01268668,0.9992803,-3.340314,87.62598,-1.523987,-0.07917655,0.08304478,-0.02202894,0.9931512,13.83618,80.18523,8.301483
06.12.2023 14:47:56,0.02896063,0.02052465,0.01236151,0.9992934,-3.289031,87.60404,-1.486253,-0.08006502,0.08306653,-0.02307368,0.9930545,13.92749,80.16901,8.431396
06.12.2023 14:47:56,0.02840909,0.02068043,0.01208987,0.9993093,-3.226247,87.58794,-1.454224,-0.08111594,0.082973,-0.02334959,0.9929705,14.04538,80.17205,8.473389
06.12.2023 14:47:56,0.0278944,0.02083726,0.01174553,0.9993247,-3.167872,87.57186,-1.413939,-0.08223746,0.08308779,-0.02272045,0.9928833,14.17953,80.15875,8.413757
06.12.2023 14:47:56,0.02745844,0.02097403,0.01161335,0.9993355,-3.118041,87.55725,-1.398111,-0.08332925,0.0831154,-0.02165333,0.9928138,14.31494,80.15993,8.30246
06.12.2023 14:47:56,0.02679938,0.02103557,0.01160034,0.9993522,-3.04246,87.55124,-1.395143,-0.08428299,0.08311613,-0.02172963,0.9927316,14.42337,80.15436,8.32132
06.12.2023 14:47:56,0.02628768,0.02107703,0.01158665,0.999365,-2.983797,87.54731,-1.392405,-0.08517177,0.08286581,-0.0220734,0.992669,14.52258,80.17567,8.367981
06.12.2023 14:47:56,0.02565587,0.02094932,0.01161671,0.9993838,-2.9115,87.56284,-1.393883,-0.08560403,0.08219384,-0.02263039,0.9926752,14.56891,80.24618,8.430298
06.12.2023 14:47:56,0.02518809,0.02078296,0.01161488,0.9993992,-2.858132,87.58263,-1.392022,-0.08568902,0.08129339,-0.02291247,0.9927356,14.57904,80.34761,8.454987
06.12.2023 14:47:56,0.02468676,0.02038819,0.01143554,0.9994219,-2.801658,87.62918,-1.369101,-0.08562776,0.07993492,-0.02310789,0.9928466,14.57486,80.50381,8.463684
06.12.2023 14:47:56,0.024272,0.02006637,0.01124428,0.9994407,-2.755017,87.66724,-1.345269,-0.085401,0.07894277,-0.0240271,0.9929237,14.5437,80.61138,8.557861
06.12.2023 14:47:56,0.02390102,0.0197692,0.01085262,0.99946,-2.713806,87.70293,-1.29866,-0.08543623,0.07836701,-0.02501414,0.9929419,14.54056,80.66859,8.666595
06.12.2023 14:47:56,0.02375476,0.01953765,0.010551,0.9994712,-2.698031,87.73051,-1.263102,-0.08536525,0.07814143,-0.02633321,0.9929317,14.52097,80.68256,8.815979
06.12.2023 14:47:56,0.02380791,0.0192859,0.01015442,0.9994789,-2.705328,87.76038,-1.217068,-0.0856555,0.07834809,-0.02677338,0.9928786,14.54929,80.65276,8.871735
06.12.2023 14:47:56,0.02399625,0.0188947,0.009551087,0.9994879,-2.728712,87.80665,-1.147247,-0.08622706,0.07851374,-0.02664846,0.9928194,14.61526,80.63157,8.864716
06.12.2023 14:47:56,0.02422791,0.01868036,0.008883179,0.9994925,-2.756953,87.83279,-1.070585,-0.08721774,0.07868323,-0.02479147,0.9927676,14.74551,80.62453,8.662048
06.12.2023 14:47:56,0.02459842,0.01853734,0.008447072,0.9994898,-2.800504,87.84998,-1.020995,-0.08818211,0.07810971,-0.02398314,0.9927475,14.86566,80.69398,8.572754
06.12.2023 14:47:56,0.02494909,0.01819622,0.008147791,0.9994899,-2.841672,87.88956,-0.9864756,-0.08902105,0.07753056,-0.0234459,0.9927309,14.96884,80.76222,8.513275
06.12.2023 14:47:56,0.02532721,0.01799246,0.007933111,0.9994859,-2.885656,87.91315,-0.9620845,-0.0896503,0.07626879,-0.02324687,0.9927767,15.04721,80.90759,8.483704
06.12.2023 14:47:56,0.02559617,0.01769817,0.007725717,0.9994859,-2.917189,87.94722,-0.9380147,-0.08970505,0.07478614,-0.02379153,0.9928716,15.0538,81.0741,8.532074
06.12.2023 14:47:56,0.02559168,0.01736852,0.007783994,0.9994913,-2.916866,87.98487,-0.9437263,-0.08930007,0.07340779,-0.0248077,0.9929861,15.00333,81.22612,8.631592
06.12.2023 14:47:56,0.02533794,0.01717704,0.007668223,0.9995019,-2.888198,88.00744,-0.9293709,-0.08885673,0.07221367,-0.02525258,0.9931022,14.953,81.36269,8.666718
06.12.2023 14:47:56,0.02488231,0.01702528,0.007663726,0.9995161,-2.836129,88.02533,-0.927494,-0.08767268,0.07121437,-0.0253689,0.9932767,14.81998,81.4838,8.659027
06.12.2023 14:47:56,0.02442939,0.01672342,0.007577035,0.9995329,-2.784671,88.06066,-0.9157947,-0.08714014,0.07027466,-0.02569463,0.993382,14.75964,81.59245,8.682434
06.12.2023 14:47:56,0.02374865,0.01655998,0.007369126,0.9995537,-2.707204,88.08066,-0.8901581,-0.08667301,0.06922745,-0.02617725,0.9934838,14.70596,81.71172,8.723602
06.12.2023 14:47:56,0.02340865,0.01636881,0.007352594,0.9995649,-2.66844,88.10296,-0.8870842,-0.08672923,0.06826391,-0.0265243,0.9935364,14.71317,81.81985,8.75473
06.12.2023 14:47:57,0.02308142,0.01633045,0.007277272,0.9995737,-2.631115,88.10788,-0.8777111,-0.08706154,0.067192,-0.02616076,0.9935901,14.75824,81.94608,8.705078
06.12.2023 14:47:57,0.02274468,0.01605988,0.007401283,0.9995849,-2.59253,88.13892,-0.8905776,-0.08697899,0.06620864,-0.02513248,0.9936898,14.76062,82.07072,8.575745
06.12.2023 14:47:57,0.02269033,0.01598649,0.00747312,0.9995868,-2.586234,88.1472,-0.8985213,-0.08649313,0.06550662,-0.02346476,0.9938195,14.72055,82.17093,8.371826
06.12.2023 14:47:57,0.0227057,0.015785,0.007510235,0.9995894,-2.588109,88.1702,-0.9022844,-0.08571419,0.06482778,-0.0217793,0.9939699,14.64661,82.26975,8.163727
06.12.2023 14:47:57,0.02276264,0.01569044,0.007569725,0.9995891,-2.594611,88.18083,-0.9089671,-0.08491318,0.06405844,-0.02078834,0.9941097,14.56479,82.37216,8.035034
06.12.2023 14:47:57,0.02294501,0.01570336,0.007587712,0.9995846,-2.615467,88.17912,-0.9114033,-0.08353972,0.06355524,-0.02104306,0.994253,14.40689,82.4341,8.048309
06.12.2023 14:47:57,0.02309869,0.01568422,0.007685675,0.9995806,-2.632918,88.18091,-0.922873,-0.08250685,0.06286566,-0.02094084,0.9943852,14.29132,82.51949,8.021576
06.12.2023 14:47:57,0.02324793,0.0159048,0.007829214,0.9995726,-2.649553,88.15508,-0.9401963,-0.0811917,0.06232628,-0.02071873,0.9945321,14.1438,82.58968,7.980286
06.12.2023 14:47:57,0.02344581,0.01608547,0.007977496,0.9995639,-2.671784,88.13375,-0.9580578,-0.07949741,0.06185788,-0.0207226,0.9946981,13.9509,82.65103,7.962952
06.12.2023 14:47:57,0.02343026,0.01625376,0.008198644,0.9995598,-2.669423,88.11388,-0.9838374,-0.07803985,0.06162994,-0.02108488,0.9948201,13.78183,82.68028,7.99118
06.12.2023 14:47:57,0.02333708,0.01665986,0.008140879,0.9995557,-2.658456,88.06755,-0.9781139,-0.07675993,0.06121381,-0.02147769,0.9949369,13.63348,82.73037,8.022766
06.12.2023 14:47:57,0.02322164,0.0171282,0.008123815,0.9995506,-2.644803,88.01401,-0.9771686,-0.07526366,0.06068303,-0.02173402,0.9950782,13.46173,82.79583,8.036102
06.12.2023 14:47:57,0.02296715,0.01769867,0.008020573,0.9995474,-2.615292,87.94912,-0.9663063,-0.07388849,0.06008914,-0.02228698,0.995205,13.30197,82.86562,8.084229
06.12.2023 14:47:57,0.02278678,0.01805323,0.007938094,0.9995459,-2.594451,87.90886,-0.9573914,-0.07283191,0.05936172,-0.02273257,0.9953165,13.17996,82.95047,8.12146
06.12.2023 14:47:57,0.02252506,0.01845894,0.007725505,0.9995461,-2.564525,87.86314,-0.9334978,-0.07208547,0.05852159,-0.02304382,0.9954135,13.09488,83.04819,8.144836
06.12.2023 14:47:57,0.02211824,0.01884754,0.007746052,0.9995477,-2.517498,87.81895,-0.9359459,-0.07185536,0.05777692,-0.02267258,0.9954821,13.07339,83.13824,8.094238
06.12.2023 14:47:57,0.02171649,0.01908663,0.007570657,0.9995533,-2.471623,87.79237,-0.915534,-0.07159769,0.05693946,-0.02273943,0.9955474,13.04602,83.23557,8.093231
06.12.2023 14:47:57,0.02117376,0.01925866,0.007371386,0.9995632,-2.409717,87.77367,-0.8918822,-0.07114876,0.05595536,-0.02341389,0.9956197,12.9931,83.34573,8.15976
06.12.2023 14:47:57,0.02072777,0.01941506,0.007187295,0.9995708,-2.358884,87.75661,-0.8701358,-0.07107588,0.0549771,-0.02371198,0.9956724,12.9859,83.4567,8.18573
06.12.2023 14:47:57,0.0202352,0.0195611,0.006908825,0.99958,-2.302943,87.74097,-0.8374246,-0.07137208,0.05430184,-0.02266565,0.9957126,13.02878,83.54194,8.061737
06.12.2023 14:47:57,0.01990287,0.01967523,0.006613022,0.9995865,-2.265438,87.72887,-0.8030102,-0.07199878,0.05391343,-0.02138764,0.9957169,13.11005,83.59472,7.915558
06.12.2023 14:47:57,0.01943305,0.01959646,0.006400263,0.9995986,-2.212147,87.73878,-0.7773635,-0.07266761,0.05369371,-0.02080227,0.9956926,13.1911,83.62234,7.850861
06.12.2023 14:47:57,0.01913432,0.0196524,0.006112446,0.9996051,-2.178525,87.73326,-0.7438071,-0.07321313,0.05335115,-0.02129762,0.9956605,13.2515,83.65576,7.908875
06.12.2023 14:47:57,0.0187162,0.01966524,0.005912744,0.9996139,-2.131058,87.73256,-0.7199823,-0.07363284,0.05312134,-0.0219735,0.9956272,13.29602,83.67506,7.987793
06.12.2023 14:47:57,0.01842701,0.01964571,0.005704271,0.9996209,-2.098407,87.73547,-0.6953803,-0.07391084,0.05283638,-0.02218151,0.9956172,13.32742,83.70517,8.011292
06.12.2023 14:47:57,0.01817187,0.01963582,0.0054767,0.9996271,-2.069693,87.73727,-0.6686894,-0.07396751,0.05310116,-0.0223754,0.9955945,13.33188,83.67271,8.036285
06.12.2023 14:47:57,0.01788826,0.01972385,0.005197282,0.9996319,-2.037772,87.72796,-0.6361916,-0.07410686,0.0534426,-0.0223197,0.9955671,13.3472,83.63313,8.033691
06.12.2023 14:47:57,0.01772621,0.01987526,0.005071665,0.9996325,-2.019394,87.71097,-0.6217268,-0.07435931,0.05371937,-0.02213485,0.9955376,13.37646,83.60167,8.016449
06.12.2023 14:47:57,0.0176342,0.02011047,0.004800049,0.9996307,-2.009334,87.68461,-0.5908535,-0.0746249,0.05383919,-0.02193492,0.9955156,13.40784,83.58844,7.996246
06.12.2023 14:47:57,0.01772774,0.02048774,0.004569496,0.9996225,-2.020373,87.64175,-0.5654084,-0.07520323,0.05371973,-0.02143464,0.9954895,13.47772,83.60421,7.941498
06.12.2023 14:47:57,0.01780368,0.02074619,0.004502769,0.9996161,-2.029088,87.6122,-0.5584655,-0.07579432,0.05368239,-0.02091435,0.9954577,13.54898,83.61066,7.885223
06.12.2023 14:47:57,0.01801603,0.02096166,0.004341295,0.9996085,-2.053688,87.58768,-0.5409115,-0.0763134,0.05362817,-0.02071493,0.9954252,13.60992,83.61665,7.865326
06.12.2023 14:47:57,0.01818742,0.02120167,0.004178506,0.9996011,-2.073595,87.56039,-0.5231673,-0.07680816,0.05367022,-0.02073354,0.9953845,13.66644,83.6097,7.871277
06.12.2023 14:47:57,0.01845119,0.02153667,0.004082332,0.9995894,-2.10388,87.52202,-0.5134978,-0.07732678,0.05346037,-0.02053967,0.9953596,13.72775,83.63366,7.850647
06.12.2023 14:47:57,0.01880117,0.02167846,0.004133327,0.9995797,-2.143782,87.50544,-0.520522,-0.0777356,0.05315351,-0.02023988,0.9953503,13.77744,83.67023,7.816132
06.12.2023 14:47:57,0.01919909,0.02177518,0.004064349,0.9995703,-2.189499,87.49426,-0.5138286,-0.07818706,0.05287764,-0.02053199,0.9953237,13.82816,83.69784,7.850494
06.12.2023 14:47:57,0.01964003,0.02183037,0.003999751,0.9995608,-2.240158,87.48779,-0.507662,-0.07850134,0.05266508,-0.02105648,0.9952992,13.86151,83.71654,7.911285
06.12.2023 14:47:57,0.02010294,0.02182953,0.003830663,0.9995522,-2.293626,87.488,-0.4894503,-0.07878982,0.05255026,-0.02121512,0.9952791,13.89395,83.72727,7.930542
06.12.2023 14:47:57,0.02042756,0.02181928,0.003923254,0.9995456,-2.330595,87.48877,-0.5008633,-0.07880501,0.05257412,-0.02091484,0.9952831,13.89752,83.72714,7.896179
06.12.2023 14:47:57,0.02082985,0.02189636,0.003941855,0.9995354,-2.376607,87.47964,-0.5041987,-0.07873357,0.05260576,-0.02038994,0.9952979,13.89252,83.72845,7.835358
06.12.2023 14:47:57,0.02115279,0.02193607,0.004110633,0.9995272,-2.413165,87.47448,-0.524465,-0.07888437,0.05264758,-0.02012875,0.9952891,13.91135,83.72537,7.80661
06.12.2023 14:47:57,0.02159341,0.02192756,0.004200886,0.9995175,-2.463432,87.47495,-0.5359149,-0.07870792,0.05300795,-0.02050432,0.9952763,13.8877,83.68098,7.85202
06.12.2023 14:47:57,0.0219455,0.02207628,0.004151028,0.9995068,-2.503824,87.45779,-0.5314699,-0.07871003,0.05340075,-0.02092617,0.9952464,13.88412,83.63172,7.904297
06.12.2023 14:47:57,0.02225853,0.02227872,0.004009576,0.999496,-2.539949,87.43473,-0.5165714,-0.07868656,0.05368188,-0.02110727,0.9952292,13.87946,83.59765,7.927551
06.12.2023 14:47:57,0.02262226,0.02244545,0.003773896,0.999485,-2.582153,87.41599,-0.4909241,-0.07864932,0.05398746,-0.02059693,0.9952263,13.87759,83.56699,7.871124
06.12.2023 14:47:57,0.02305025,0.02273965,0.003589112,0.9994692,-2.631535,87.38246,-0.47163,-0.0786644,0.05415399,-0.0202536,0.9952232,13.88104,83.55071,7.833069
06.12.2023 14:47:57,0.02347599,0.02295835,0.0034109,0.999455,-2.680689,87.3576,-0.4529091,-0.0786219,0.05415157,-0.02038624,0.9952239,13.87534,83.54997,7.848053
06.12.2023 14:47:57,0.0238126,0.02337621,0.003406205,0.9994373,-2.719084,87.30948,-0.4544062,-0.07877473,0.05397902,-0.02117824,0.9952047,13.88824,83.56226,7.939026
06.12.2023 14:47:57,0.02407422,0.02363914,0.003358562,0.999425,-2.749073,87.2793,-0.4503779,-0.07883747,0.05383997,-0.0217893,0.995194,13.89191,83.57264,8.008789
06.12.2023 14:47:57,0.02413642,0.02404423,0.003393683,0.9994137,-2.755921,87.23269,-0.4556935,-0.0790223,0.05348352,-0.02228954,0.9951875,13.91098,83.60867,8.064636
06.12.2023 14:47:57,0.02423451,0.02438936,0.003540333,0.9994025,-2.766591,87.19263,-0.4737383,-0.07902713,0.05337082,-0.02247594,0.995189,13.91071,83.62003,8.085175
06.12.2023 14:47:57,0.024299,0.02464064,0.003473681,0.999395,-2.774051,87.16395,-0.4669769,-0.07908486,0.05341428,-0.02199168,0.9951929,13.92029,83.6191,8.03006
06.12.2023 14:47:57,0.02434906,0.02482169,0.003433874,0.9993895,-2.779817,87.14326,-0.4630601,-0.07905591,0.05331753,-0.02149276,0.9952113,13.92044,83.6349,7.971375
06.12.2023 14:47:57,0.02445172,0.02499219,0.003430872,0.9993827,-2.79151,87.12364,-0.4634884,-0.07915998,0.05294462,-0.0209253,0.995235,13.93707,83.68275,7.903168
06.12.2023 14:47:57,0.02452111,0.02507693,0.003366148,0.9993791,-2.799609,87.11406,-0.4565063,-0.07935224,0.05262074,-0.02061477,0.9952434,13.96204,83.7223,7.865692
06.12.2023 14:47:57,0.02460968,0.02508678,0.003440355,0.9993764,-2.809539,87.11266,-0.4653005,-0.079451,0.05215273,-0.02036992,0.9952652,13.97626,83.77831,7.833832
06.12.2023 14:47:57,0.02467229,0.02500969,0.003427501,0.9993768,-2.816786,87.12151,-0.4637916,-0.07929882,0.05154256,-0.02017527,0.995313,13.96173,83.8513,7.804779
06.12.2023 14:47:57,0.02492656,0.0249017,0.003374522,0.9993734,-2.846124,87.1339,-0.458148,-0.07895926,0.05110006,-0.02018556,0.9953626,13.92395,83.90372,7.799713
06.12.2023 14:47:57,0.02515817,0.02470662,0.00332607,0.9993726,-2.872892,87.15628,-0.4527011,-0.07832007,0.05053528,-0.02047684,0.995436,13.85043,83.96893,7.824066
06.12.2023 14:47:57,0.02536258,0.02441934,0.003136268,0.9993751,-2.89698,87.18967,-0.4306906,-0.07791921,0.04997933,-0.02059104,0.9954932,13.80533,84.03378,7.829681
06.12.2023 14:47:57,0.02548782,0.02410359,0.003025636,0.9993799,-2.911775,87.22614,-0.417439,-0.07751542,0.04951615,-0.02105016,0.9955383,13.7576,84.08486,7.875977
06.12.2023 14:47:57,0.02576766,0.02381437,0.002975526,0.9993799,-2.944101,87.25932,-0.4116235,-0.07737768,0.0488607,-0.02150694,0.9955716,13.74103,84.1572,7.922028
06.12.2023 14:47:57,0.02585428,0.02347198,0.002975673,0.9993857,-2.954167,87.29855,-0.410867,-0.07716759,0.04823785,-0.02166722,0.9956148,13.7178,84.22868,7.933716
06.12.2023 14:47:57,0.02603094,0.02306934,0.003024228,0.9993904,-2.974449,87.34451,-0.4157175,-0.07703365,0.04774236,-0.02122327,0.9956586,13.70645,84.29041,7.877228
06.12.2023 14:47:57,0.02604359,0.02276426,0.003025434,0.999397,-2.976022,87.37951,-0.4149805,-0.07679338,0.04732451,-0.02087003,0.9957046,13.6821,84.34274,7.831299
06.12.2023 14:47:57,0.02591377,0.02243249,0.003047586,0.9994078,-2.961225,87.41758,-0.4161935,-0.07664297,0.04697761,-0.02022252,0.995746,13.66946,84.38908,7.752563
06.12.2023 14:47:57,0.02569246,0.02223264,0.003047765,0.999418,-2.935946,87.44063,-0.4150493,-0.07634333,0.04682841,-0.01999499,0.9957806,13.63678,84.40942,7.723145
06.12.2023 14:47:57,0.02547046,0.02210924,0.003051972,0.9994264,-2.910545,87.4549,-0.4145983,-0.0759865,0.04678782,-0.02008202,0.9958081,13.59546,84.41465,7.730682
06.12.2023 14:47:57,0.02522177,0.02205366,0.003039059,0.999434,-2.882102,87.46144,-0.412318,-0.0755874,0.0467114,-0.0202449,0.9958388,13.54895,84.42352,7.746399
06.12.2023 14:47:57,0.02491581,0.02193932,0.003127992,0.9994439,-2.846862,87.47447,-0.4214059,-0.07534311,0.04657381,-0.02037673,0.995861,13.52057,84.43919,7.758942
06.12.2023 14:47:57,0.02454067,0.02198509,0.00315507,0.9994521,-2.803784,87.46935,-0.4236827,-0.07522602,0.04655491,-0.02118212,0.995854,13.50269,84.43491,7.851044
06.12.2023 14:47:57,0.02430185,0.02204641,0.003137877,0.9994566,-2.776433,87.46249,-0.4212717,-0.07534194,0.04656411,-0.02196815,0.9958277,13.5116,84.42667,7.942566
06.12.2023 14:47:57,0.02404242,0.02220678,0.003183739,0.9994592,-2.746518,87.44411,-0.4263069,-0.07556935,0.04656004,-0.02199319,0.9958101,13.53754,84.42606,7.946808
06.12.2023 14:47:57,0.02372854,0.02245222,0.003102484,0.9994615,-2.710655,87.41635,-0.4168467,-0.07571916,0.04674864,-0.02174588,0.9957953,13.55557,84.40581,7.920807
06.12.2023 14:47:57,0.02351297,0.02263875,0.003044566,0.9994625,-2.686025,87.39523,-0.4101457,-0.07604471,0.04715911,-0.02137427,0.9957592,13.59381,84.36031,7.883453
06.12.2023 14:47:57,0.02340229,0.02291102,0.002893016,0.9994594,-2.67363,87.36446,-0.3932077,-0.07650708,0.04769032,-0.02142322,0.9956974,13.64502,84.29668,7.896606
06.12.2023 14:47:57,0.02305235,0.02322298,0.002754837,0.9994607,-2.633776,87.32922,-0.377258,-0.07687884,0.04820405,-0.02149116,0.9956426,13.68579,84.23524,7.911255
06.12.2023 14:47:57,0.02276278,0.02356504,0.002525989,0.9994599,-2.601087,87.29072,-0.3511322,-0.0771996,0.04865003,-0.02117826,0.9956028,13.72311,84.18516,7.881073
06.12.2023 14:47:57,0.02249788,0.02372631,0.002310565,0.9994627,-2.571263,87.2729,-0.3261271,-0.07736095,0.04901948,-0.02050885,0.9955862,13.74448,84.14769,7.808075
06.12.2023 14:47:57,0.02217058,0.02392606,0.002047749,0.9994658,-2.534416,87.25079,-0.2956055,-0.07757059,0.04945656,-0.02046329,0.9955492,13.76758,84.09673,7.808014
06.12.2023 14:47:57,0.02196616,0.02421128,0.001806156,0.9994639,-2.51158,87.21877,-0.2680609,-0.07764357,0.04989496,-0.02155471,0.9954986,13.76819,84.03608,7.938416
06.12.2023 14:47:57,0.021795,0.02436273,0.001488449,0.9994645,-2.492816,87.20226,-0.2315386,-0.07767493,0.05022612,-0.02264456,0.9954553,13.76425,83.98801,8.067413
06.12.2023 14:47:57,0.02163507,0.02469412,0.001150731,0.9994603,-2.475372,87.16514,-0.1931951,-0.07772788,0.05055762,-0.02290546,0.9954284,13.76773,83.94714,8.10083
06.12.2023 14:47:57,0.02148585,0.02490816,0.0007491041,0.9994586,-2.459381,87.14162,-0.1472566,-0.07775842,0.05062841,-0.02250183,0.9954316,13.77344,83.94239,8.055054
06.12.2023 14:47:57,0.02136065,0.02532017,0.0004161453,0.9994511,-2.445942,87.09521,-0.1097381,-0.07776752,0.05057193,-0.02205189,0.9954438,13.7774,83.95287,8.002655
06.12.2023 14:47:57,0.0213085,0.02564683,5.737911E-05,0.9994439,-2.440986,87.05862,-0.06925813,-0.07789498,0.05065211,-0.022198,0.9954265,13.79089,83.94178,8.021057
06.12.2023 14:47:57,0.02120572,0.02614326,-0.0002109087,0.9994333,-2.42998,87.00235,-0.03940882,-0.07802653,0.0507849,-0.02244148,0.995404,13.80411,83.92373,8.051239
06.12.2023 14:47:57,0.02117952,0.02649723,-0.0003504075,0.9994245,-2.427387,86.96209,-0.0241997,-0.07824214,0.05092592,-0.02272954,0.9953734,13.82663,83.90398,8.087189
06.12.2023 14:47:57,0.02110807,0.02692642,-0.000532141,0.9994144,-2.419751,86.91331,-0.004190369,-0.07842443,0.05115703,-0.02285243,0.9953443,13.84607,83.87539,8.104675
06.12.2023 14:47:57,0.02096069,0.02729502,-0.0006302638,0.9994075,-2.403171,86.87128,5.006622,-0.0786215,0.05135934,-0.02321629,0.9953099,13.86581,83.84792,8.149841
06.12.2023 14:47:58,0.02075438,0.02784717,-0.0005604055,0.9993966,-2.379313,86.80781,-0.002051045,-0.0791937,0.05154676,-0.02356377,0.9952468,13.92871,83.82071,8.195526
06.12.2023 14:47:58,0.02069177,0.02824568,-0.0005800786,0.9993867,-2.372203,86.76215,-0.0005425045,-0.07966793,0.05158436,-0.02357738,0.9952067,13.98291,83.81422,8.200653
06.12.2023 14:47:58,0.02066117,0.02865035,-0.0006262528,0.9993758,-2.368849,86.71584,0.003889361,-0.08052652,0.05153081,-0.02343774,0.9951436,14.08243,83.81806,8.18985
06.12.2023 14:47:58,0.02057133,0.02896189,-0.0006551814,0.9993686,-2.358654,86.68018,5.006775,-0.08111017,0.05161937,-0.02319733,0.9950972,14.1506,83.80755,8.16687
06.12.2023 14:47:58,0.02056022,0.02912041,-0.0005190306,0.9993643,-2.356927,86.66168,-0.009177539,-0.0815962,0.05179382,-0.02274735,0.9950588,14.20862,83.78946,8.119781
06.12.2023 14:47:58,0.02057341,0.02932232,-0.0004404388,0.9993582,-2.358172,86.63833,-0.01870621,-0.08180715,0.05191062,-0.02251947,0.9950406,14.23389,83.77717,8.095978
06.12.2023 14:47:58,0.02050988,0.02933094,-0.0003455918,0.9993593,-2.350574,86.63713,-0.0293835,-0.08194222,0.05195684,-0.02223179,0.9950335,14.25104,83.77393,8.064087
06.12.2023 14:47:58,0.02038003,0.02932613,-0.0002946485,0.9993621,-2.335527,86.63758,-0.03477382,-0.08183601,0.0518994,-0.02269073,0.9950349,14.23615,83.77676,8.115875
06.12.2023 14:47:58,0.020323,0.0292138,-0.0003984873,0.9993665,-2.329345,86.65072,-0.02241856,-0.08197945,0.05200702,-0.02296329,0.9950112,14.25058,83.76115,8.149353
06.12.2023 14:47:58,0.02048524,0.02908919,-0.0005863758,0.9993668,-2.348562,86.66543,-0.001134785,-0.0817628,0.05190386,-0.02397992,0.9950105,14.2197,83.76456,8.264404
06.12.2023 14:47:58,0.02062175,0.02896266,-0.0007018939,0.9993675,-2.364585,86.6802,5.011963,-0.08174927,0.05202911,-0.02450919,0.9949921,14.21442,83.74519,8.32666
06.12.2023 14:47:58,0.02074336,0.02872985,-0.0006955417,0.9993717,-2.378493,86.70688,5.011383,-0.08156661,0.05219137,-0.02475408,0.9949926,14.19138,83.72494,8.355194
06.12.2023 14:47:58,0.02084652,0.02833432,-0.0004675978,0.999381,-2.389567,86.75169,-0.01414874,-0.08151135,0.05239993,-0.02478416,0.9949854,14.18414,83.70075,8.360229
06.12.2023 14:47:58,0.02081717,0.02798687,-9.017137E-05,0.9993916,-2.384998,86.79065,-0.05648424,-0.08158962,0.0526771,-0.024498,0.9949715,14.194,83.67095,8.330292
06.12.2023 14:47:58,0.02072317,0.02761947,0.0001797976,0.9994037,-2.373394,86.83218,-0.08625299,-0.08182281,0.05292431,-0.0239674,0.9949521,14.2233,83.64622,8.272888
06.12.2023 14:47:58,0.02063602,0.02723508,0.0005170346,0.9994159,-2.362389,86.87549,-0.1237216,-0.08184791,0.05313683,-0.02356247,0.9949484,14.22806,83.62526,8.228271
06.12.2023 14:47:58,0.02045842,0.02687013,0.0008171379,0.9994293,-2.34116,86.91669,-0.156708,-0.08198833,0.05307084,-0.02317884,0.9949493,14.24686,83.63586,8.184296
06.12.2023 14:47:58,0.0203249,0.02652875,0.0009821925,0.999441,-2.325413,86.95551,-0.174419,-0.08198729,0.0527147,-0.02293878,0.9949739,14.24939,83.67937,8.153198
06.12.2023 14:47:58,0.02012365,0.02605814,0.001192217,0.9994572,-2.301807,87.00906,-0.1967932,-0.08164515,0.05206614,-0.02305273,0.9950336,14.21146,83.75488,8.157959
06.12.2023 14:47:58,0.01987127,0.02571817,0.001387926,0.9994708,-2.27238,87.04768,-0.2176945,-0.08134177,0.05169297,-0.02334229,0.9950711,14.17606,83.7967,8.185883
06.12.2023 14:47:58,0.01961598,0.02534871,0.001606009,0.999485,-2.242575,87.08966,-0.2411052,-0.08103593,0.05154192,-0.023593,0.995098,14.13989,83.81319,8.211365
06.12.2023 14:47:58,0.01938541,0.02495096,0.001852229,0.999499,-2.215548,87.13481,-0.2677708,-0.0807258,0.05144967,-0.02407866,0.9951164,14.10159,83.82073,8.264526
06.12.2023 14:47:58,0.01923738,0.02460946,0.001959753,0.9995101,-2.198374,87.1738,-0.2789177,-0.08053262,0.05149787,-0.02434608,0.995123,14.07761,83.81354,8.294556
06.12.2023 14:47:58,0.01911791,0.02430972,0.002128132,0.9995194,-2.184299,87.20786,-0.2972226,-0.08063367,0.05158973,-0.02426056,0.9951122,14.08942,83.80325,8.286194
06.12.2023 14:47:58,0.01900612,0.02400065,0.00230131,0.9995286,-2.171105,87.24297,-0.3160868,-0.08074041,0.05156896,-0.02361989,0.99512,14.10571,83.81107,8.212708
06.12.2023 14:47:58,0.01901999,0.02383849,0.002497228,0.9995317,-2.172209,87.26114,-0.3382289,-0.08084837,0.05153214,-0.02296673,0.9951284,14.12228,83.82087,8.137634
06.12.2023 14:47:58,0.01906005,0.02365817,0.002662788,0.9995348,-2.176409,87.28144,-0.3569231,-0.08104502,0.05154844,-0.02277685,0.9951159,14.14597,83.81991,8.117157
06.12.2023 14:47:58,0.01902839,0.02358774,0.0028194,0.9995367,-2.172382,87.28919,-0.3746346,-0.0811427,0.0514254,-0.02330391,0.9951022,14.1543,83.82889,8.177612
06.12.2023 14:47:58,0.01896919,0.02355542,0.003031999,0.9995379,-2.165036,87.29247,-0.3987715,-0.08110484,0.05129563,-0.02384218,0.9950992,14.14703,83.83912,8.238342
06.12.2023 14:47:58,0.01891491,0.02347106,0.003245564,0.9995403,-2.158274,87.3017,-0.4229203,-0.08105558,0.05116866,-0.02422452,0.9951005,14.13943,83.85051,8.281006
06.12.2023 14:47:58,0.01880866,0.02354523,0.003192786,0.9995407,-2.146212,87.29337,-0.4167416,-0.08105137,0.05097524,-0.02387602,0.9951192,14.14175,83.87614,8.238922
06.12.2023 14:47:58,0.01873176,0.02356597,0.003199481,0.9995416,-2.137373,87.29102,-0.4173439,-0.08106133,0.05096275,-0.02388001,0.9951189,14.14288,83.8775,8.239349
06.12.2023 14:47:58,0.01868094,0.02357055,0.00310893,0.9995428,-2.131793,87.29071,-0.4068361,-0.08127116,0.05105765,-0.02423041,0.9950885,14.16452,83.86237,8.282135
06.12.2023 14:47:58,0.01875554,0.0236817,0.003111087,0.9995388,-2.14029,87.27792,-0.4075249,-0.08147506,0.05135613,-0.02444549,0.9950512,14.18558,83.82494,8.311157
06.12.2023 14:47:58,0.01877317,0.02371375,0.003100597,0.9995377,-2.142326,87.27426,-0.4064396,-0.08176161,0.05177033,-0.02426665,0.9950106,14.2182,83.77737,8.296295
06.12.2023 14:47:58,0.01889362,0.02377231,0.003206049,0.9995337,-2.155815,87.26725,-0.4189834,-0.08191337,0.05205942,-0.02393613,0.994991,14.23672,83.7463,8.261841
06.12.2023 14:47:58,0.01897971,0.02385381,0.003264355,0.99953,-2.165485,87.25774,-0.42608,-0.08198236,0.05240115,-0.02314789,0.9949861,14.2485,83.71376,8.174408
06.12.2023 14:47:58,0.01913469,0.02398466,0.003279352,0.9995238,-2.183145,87.24261,-0.4285126,-0.08197774,0.05252025,-0.02272558,0.9949899,14.25024,83.70392,8.126678
06.12.2023 14:47:58,0.01925879,0.02392809,0.00326601,0.9995229,-2.197426,87.24906,-0.4272035,-0.08180923,0.05241199,-0.02245161,0.9950157,14.23297,83.71972,8.092834
06.12.2023 14:47:58,0.01943064,0.02403495,0.003255657,0.999517,-2.217099,87.23674,-0.4267299,-0.08164027,0.05230108,-0.02265492,0.9950308,14.21268,83.73138,8.114136
06.12.2023 14:47:58,0.01958166,0.02414436,0.00312098,0.9995118,-2.234729,87.22441,-0.4119576,-0.08129702,0.05227359,-0.02331759,0.995045,14.16922,83.72987,8.18811
06.12.2023 14:47:58,0.01964924,0.02412309,0.00305223,0.9995112,-2.242672,87.22697,-0.4042182,-0.08103714,0.05228715,-0.0239628,0.9950502,14.13528,83.72347,8.260986
06.12.2023 14:47:58,0.01963115,0.02414957,0.002878522,0.9995115,-2.24107,87.22433,-0.3843159,-0.08089528,0.0524097,-0.02406875,0.9950527,14.11795,83.70892,8.273376
06.12.2023 14:47:58,0.01970725,0.0241972,0.002844915,0.9995089,-2.249865,87.21891,-0.3807837,-0.08074286,0.05238128,-0.02392838,0.99507,14.10144,83.71416,8.255859
06.12.2023 14:47:58,0.01977124,0.02430499,0.002787387,0.9995052,-2.257317,87.20664,-0.3746121,-0.08067281,0.05237176,-0.02373658,0.9950808,14.09464,83.71732,8.233124
06.12.2023 14:47:58,0.01988472,0.02423548,0.002619328,0.9995051,-2.270814,87.21494,-0.3555093,-0.08083678,0.0521528,-0.02358026,0.9950827,14.11514,83.74341,8.214172
06.12.2023 14:47:58,0.02001958,0.02428122,0.002556192,0.9995015,-2.286425,87.20978,-0.3487547,-0.08092058,0.05209555,-0.02369084,0.9950762,14.12424,83.74866,8.22699
06.12.2023 14:47:58,0.02004294,0.02440998,0.002415128,0.9994982,-2.289453,87.19532,-0.3329457,-0.08103846,0.05206297,-0.0236208,0.99507,14.13831,83.75258,8.219421
06.12.2023 14:47:58,0.02016187,0.02450122,0.00223188,0.999494,-2.303565,87.18523,-0.3124864,-0.08105619,0.05205591,-0.02317242,0.9950795,14.14319,83.75745,8.167664
06.12.2023 14:47:58,0.02018402,0.02459839,0.002105648,0.9994915,-2.30643,87.17436,-0.2983038,-0.08108418,0.05188903,-0.02256006,0.9951,14.15076,83.7823,8.095551
06.12.2023 14:47:58,0.02024716,0.02468636,0.002025654,0.9994882,-2.313864,87.16443,-0.2895175,-0.0810046,0.05168283,-0.02203911,0.9951289,14.14548,83.81131,8.032898
06.12.2023 14:47:58,0.02032126,0.02480986,0.001957994,0.9994838,-2.322512,87.15039,-0.2822601,-0.08106382,0.05151247,-0.02243164,0.9951241,14.15036,83.82718,8.077087
06.12.2023 14:47:58,0.02036322,0.02485312,0.00192477,0.9994819,-2.327402,87.14549,-0.2786727,-0.08103152,0.05149044,-0.02333537,0.9951071,14.14114,83.82153,8.181091
06.12.2023 14:47:58,0.02037046,0.02493402,0.001871765,0.9994798,-2.328361,87.13633,-0.2728061,-0.08098318,0.05137518,-0.02361583,0.9951104,14.13422,83.8325,8.212097
06.12.2023 14:47:58,0.02045432,0.02502735,0.001908297,0.9994757,-2.337839,87.12551,-0.2774535,-0.08081663,0.05144209,-0.02331748,0.9951275,14.11676,83.82821,8.177124
06.12.2023 14:47:58,0.02048885,0.02509215,0.001999483,0.9994732,-2.341515,87.11785,-0.2881575,-0.08056871,0.05144466,-0.02308257,0.995153,14.08975,83.83111,8.148315
06.12.2023 14:47:58,0.0203781,0.02522018,0.002051955,0.9994721,-2.328636,87.10309,-0.2941499,-0.08045587,0.05152182,-0.02315936,0.9951563,14.07608,83.82195,8.157135
06.12.2023 14:47:58,0.02033899,0.02519517,0.002137611,0.9994733,-2.323914,87.10577,-0.3037963,-0.08039206,0.05163827,-0.02327803,0.9951527,14.06766,83.80765,8.171478
06.12.2023 14:47:58,0.02029528,0.02515276,0.002153634,0.9994753,-2.318874,87.11062,-0.3054073,-0.08055183,0.05162525,-0.02320573,0.9951421,14.08649,83.80914,8.164093
06.12.2023 14:47:58,0.02026555,0.02502446,0.002235717,0.9994789,-2.31527,87.12516,-0.3144324,-0.08074651,0.05156339,-0.02300422,0.9951342,14.11026,83.81734,8.141541
06.12.2023 14:47:58,0.02031262,0.02493313,0.002304379,0.9994801,-2.320496,87.13545,-0.3222268,-0.08086314,0.0514258,-0.0226717,0.9951395,14.12613,83.83584,8.102661
06.12.2023 14:47:58,0.02032288,0.0247998,0.002401656,0.999483,-2.321436,87.15051,-0.333097,-0.08092558,0.05135903,-0.02262515,0.9951389,14.13379,83.84373,8.097076
06.12.2023 14:47:58,0.02057534,0.02463943,0.002522639,0.9994814,-2.350075,87.16851,-0.3473113,-0.08084423,0.05117816,-0.02247742,0.9951582,14.12592,83.86638,8.077789
06.12.2023 14:47:58,0.02069528,0.02440723,0.002471999,0.9994848,-2.364039,87.19521,-0.3412986,-0.08063915,0.05112555,-0.02241199,0.995179,14.10297,83.87392,8.068359
06.12.2023 14:47:58,0.02086183,0.02420923,0.00235495,0.9994864,-2.383517,87.21812,-0.3278787,-0.08057529,0.05122303,-0.0225149,0.9951769,14.0947,83.86195,8.080719
06.12.2023 14:47:58,0.02100218,0.02416789,0.002035325,0.9994853,-2.400499,87.22357,-0.2915322,-0.08042321,0.05127963,-0.02285213,0.9951785,14.07501,83.85294,8.119171
06.12.2023 14:47:58,0.0212289,0.02417313,0.001762226,0.9994808,-2.427234,87.22354,-0.2608711,-0.08047444,0.05145184,-0.02331792,0.9951547,14.07745,83.82852,8.174927
06.12.2023 14:47:58,0.02154351,0.02407258,0.001621679,0.9994767,-2.463698,87.2353,-0.2453891,-0.08048123,0.05154511,-0.02357533,0.9951432,14.07635,83.81534,8.205566
06.12.2023 14:47:58,0.02177693,0.02407394,0.001659654,0.9994716,-2.490339,87.23496,-0.2503945,-0.08048609,0.05156683,-0.02329848,0.9951482,14.07855,83.81534,8.173828
06.12.2023 14:47:58,0.021905,0.02409515,0.001845654,0.999468,-2.504494,87.23202,-0.2721267,-0.08046959,0.05164487,-0.0228499,0.9951559,14.07919,83.81047,8.122589
06.12.2023 14:47:58,0.02200828,0.02415547,0.002135826,0.9994637,-2.515507,87.22433,-0.3058318,-0.08045771,0.05158558,-0.02227283,0.9951731,14.0816,83.82266,8.055298
06.12.2023 14:47:58,0.02201353,0.02425956,0.00240632,0.9994604,-2.515322,87.2117,-0.3371182,-0.08052944,0.05149048,-0.02218925,0.9951741,14.09064,83.83415,8.045258
06.12.2023 14:47:58,0.02196413,0.02424621,0.002488349,0.9994617,-2.509437,87.21305,-0.3463499,-0.08063816,0.05143838,-0.02253106,0.9951603,14.10114,83.8366,8.084991
06.12.2023 14:47:58,0.02188349,0.02439434,0.002547723,0.9994596,-2.499979,87.19595,-0.3533011,-0.08083776,0.05135163,-0.02280756,0.9951423,14.12262,83.84328,8.117493
06.12.2023 14:47:58,0.0217554,0.02443638,0.002594613,0.9994613,-2.485157,87.19107,-0.3584195,-0.08099669,0.05126628,-0.02287799,0.9951321,14.14069,83.85185,8.125916
06.12.2023 14:47:58,0.02173595,0.02448891,0.002614176,0.9994604,-2.482853,87.18501,-0.3607378,-0.08123601,0.05125228,-0.02213889,0.9951301,14.17273,83.85931,8.041992
06.12.2023 14:47:58,0.02163014,0.02449318,0.00263116,0.9994625,-2.47068,87.18452,-0.3623955,-0.08140227,0.05110638,-0.02179306,0.9951316,14.1944,83.87873,8.001801
06.12.2023 14:47:58,0.02154393,0.02453576,0.00277731,0.999463,-2.460374,87.17932,-0.3790102,-0.08149198,0.05124867,-0.02153446,0.9951226,14.20584,83.86429,7.973816
06.12.2023 14:47:58,0.0216006,0.02437828,0.002850847,0.9994653,-2.466721,87.19717,-0.3872124,-0.08166306,0.05144472,-0.02192433,0.9950899,14.22247,83.83727,8.021881
06.12.2023 14:47:58,0.02169192,0.02431756,0.002881381,0.9994648,-2.477123,87.20402,-0.3908199,-0.08162516,0.05149172,-0.02272355,0.9950727,14.21304,83.82455,8.11441
06.12.2023 14:47:58,0.02180127,0.02425819,0.002993935,0.9994635,-2.489362,87.21049,-0.403883,-0.08156418,0.05157763,-0.02303899,0.995066,14.20383,83.81193,8.151245
06.12.2023 14:47:58,0.02194881,0.02407686,0.002909534,0.9994649,-2.506575,87.23143,-0.3941668,-0.08132373,0.05165944,-0.02308319,0.9950804,14.17569,83.80305,8.155487
06.12.2023 14:47:58,0.0219073,0.02400348,0.002919609,0.9994676,-2.501819,87.23984,-0.3950222,-0.08105969,0.05175095,-0.02320707,0.9950943,14.14435,83.79243,8.168854
06.12.2023 14:47:58,0.02188065,0.0238709,0.002924194,0.9994713,-2.498806,87.25505,-0.3951421,-0.08095845,0.05179305,-0.02357026,0.9950918,14.13031,83.78464,8.21051
06.12.2023 14:47:58,0.0217778,0.0237619,0.002999588,0.999476,-2.486858,87.26742,-0.4032294,-0.08102532,0.05181862,-0.02395993,0.9950757,14.13547,83.77781,8.256256
06.12.2023 14:47:58,0.02157617,0.0236742,0.003065162,0.9994822,-2.463611,87.27742,-0.4099754,-0.08132936,0.05186123,-0.0239233,0.9950496,14.17044,83.7719,8.254486
06.12.2023 14:47:58,0.02133532,0.0235297,0.003014027,0.9994909,-2.43621,87.29425,-0.4031004,-0.0815666,0.0518203,-0.023452,0.9950435,14.20074,83.77998,8.201263
06.12.2023 14:47:58,0.02110111,0.02341995,0.002913701,0.9994988,-2.409688,87.3072,-0.3906964,-0.08166177,0.05192314,-0.02305857,0.9950395,14.21381,83.77132,8.15741
06.12.2023 14:47:58,0.02086686,0.02338023,0.002838931,0.9995049,-2.383063,87.31205,-0.3813951,-0.08170952,0.05207108,-0.02285139,0.9950327,14.22009,83.75591,8.135162
06.12.2023 14:47:58,0.02074179,0.02345894,0.002867706,0.9995055,-2.368625,87.30302,-0.3845418,-0.08174216,0.05214024,-0.02281603,0.9950272,14.22385,83.74809,8.131958
06.12.2023 14:47:59,0.02065913,0.02345343,0.002753556,0.9995077,-2.359463,87.30396,-0.371219,-0.08168726,0.05230083,-0.02286168,0.9950222,14.21677,83.72929,8.138367
06.12.2023 14:47:59,0.02059947,0.02341638,0.002731365,0.9995098,-2.3527,87.30829,-0.368426,-0.08158332,0.05240873,-0.02258569,0.9950314,14.20624,83.7198,8.10675
06.12.2023 14:47:59,0.02054562,0.02350855,0.002788788,0.9995086,-2.346341,87.29761,-0.3750792,-0.08157374,0.05238669,-0.02235607,0.9950385,14.20663,83.72452,8.079926
06.12.2023 14:47:59,0.02038973,0.02355794,0.002886562,0.9995103,-2.328195,87.29179,-0.3859782,-0.08153974,0.05232128,-0.02237264,0.9950444,14.20285,83.73208,8.081024
06.12.2023 14:47:59,0.02028755,0.0236277,0.002841494,0.9995109,-2.316583,87.28395,-0.3806951,-0.0814971,0.05224414,-0.02271689,0.9950441,14.19601,83.738,8.119781
06.12.2023 14:47:59,0.02020247,0.02366595,0.002712338,0.9995121,-2.307171,87.2799,-0.3657458,-0.08143516,0.05220529,-0.02313961,0.9950414,14.1864,83.73885,8.167847
06.12.2023 14:47:59,0.02029509,0.02378414,0.002563459,0.9995078,-2.318147,87.26665,-0.3492076,-0.08140047,0.05214624,-0.02372142,0.9950337,14.17896,83.74045,8.234283
06.12.2023 14:47:59,0.02024859,0.02385178,0.002498955,0.9995073,-2.312972,87.25906,-0.3418422,-0.08136582,0.0521027,-0.02383348,0.9950361,14.17441,83.74461,8.246613
06.12.2023 14:47:59,0.02028624,0.02399189,0.002401357,0.9995034,-2.317507,87.24319,-0.3310835,-0.08131432,0.05214355,-0.02337266,0.9950492,14.17126,83.74435,8.193359
06.12.2023 14:47:59,0.02023709,0.02405507,0.002276412,0.9995032,-2.3122,87.23626,-0.3167712,-0.08131984,0.05226807,-0.02281064,0.9950552,14.17502,83.73511,8.129608
06.12.2023 14:47:59,0.02018967,0.02419963,0.002267921,0.9995007,-2.306745,87.21972,-0.316,-0.08125548,0.05230014,-0.02273136,0.9950606,14.16803,83.73239,8.1203
06.12.2023 14:47:59,0.02018981,0.02420351,0.002274297,0.9995006,-2.306742,87.21926,-0.3167402,-0.08127481,0.05235816,-0.02329136,0.995043,14.16656,83.72042,8.185699
06.12.2023 14:47:59,0.02024403,0.02435715,0.002277254,0.9994957,-2.312898,87.20161,-0.3175864,-0.0812915,0.05219711,-0.02362463,0.9950423,14.1669,83.73592,8.222839
06.12.2023 14:47:59,0.02014776,0.02438342,0.002206397,0.9994972,-2.302057,87.1988,-0.309254,-0.0813081,0.05214057,-0.02344774,0.995048,14.17007,83.74403,8.201965
06.12.2023 14:47:59,0.02011751,0.02433307,0.002175049,0.9994991,-2.298694,87.20466,-0.3054596,-0.0814782,0.05197525,-0.02283412,0.995057,14.19397,83.76814,8.130707
06.12.2023 14:47:59,0.02015497,0.0244366,0.002122871,0.999496,-2.303101,87.19289,-0.2998225,-0.08158117,0.05192881,-0.02267029,0.9950548,14.20694,83.7746,8.11203
06.12.2023 14:47:59,0.02015695,0.02444028,0.002103039,0.9994959,-2.303382,87.19251,-0.2975633,-0.08161727,0.05200842,-0.02288193,0.9950428,14.20953,83.76327,8.137482
06.12.2023 14:47:59,0.02019208,0.02446166,0.002081252,0.9994947,-2.307462,87.19009,-0.2952145,-0.08171465,0.05209919,-0.02338403,0.9950184,14.21725,83.74768,8.197021
06.12.2023 14:47:59,0.02019084,0.02442242,0.002102972,0.9994956,-2.307271,87.19455,-0.29761,-0.0818193,0.05214308,-0.02353659,0.9950039,14.22818,83.74073,8.21579
06.12.2023 14:47:59,0.02021021,0.02433385,0.002106633,0.9994974,-2.309507,87.20469,-0.2978796,-0.08185922,0.05215771,-0.02330101,0.9950054,14.23419,83.74106,8.188965
06.12.2023 14:47:59,0.02017749,0.02430047,0.002197306,0.9994987,-2.305515,87.20832,-0.3081042,-0.08196781,0.05212811,-0.02265514,0.9950129,14.25079,83.75005,8.114807
06.12.2023 14:47:59,0.02016218,0.0241557,0.002171057,0.9995025,-2.303878,87.22499,-0.3047185,-0.08195735,0.05201176,-0.02243478,0.9950249,14.25134,83.76562,8.088165
06.12.2023 14:47:59,0.02009585,0.02407802,0.002255077,0.9995056,-2.296069,87.23374,-0.3139858,-0.08189674,0.05209446,-0.02278033,0.9950177,14.24194,83.75307,8.128448
06.12.2023 14:47:59,0.0201143,0.02398597,0.00230658,0.9995073,-2.29807,87.24417,-0.3197291,-0.08179504,0.05208534,-0.02321032,0.9950166,14.22763,83.75056,8.177368
06.12.2023 14:47:59,0.02010394,0.02390387,0.002436248,0.9995092,-2.296553,87.2533,-0.3343752,-0.08162874,0.05208391,-0.02359304,0.9950213,14.20615,83.74788,8.220459
06.12.2023 14:47:59,0.02012519,0.02382161,0.002430325,0.9995107,-2.299031,87.26273,-0.3335657,-0.08168908,0.05207327,-0.02368997,0.9950146,14.21249,83.74795,8.231964
06.12.2023 14:47:59,0.02011812,0.02365864,0.002395882,0.9995148,-2.29837,87.28151,-0.3292231,-0.08181625,0.05204275,-0.02346286,0.9950112,14.22861,83.75305,8.206299
06.12.2023 14:47:59,0.02018399,0.02345549,0.002456996,0.9995181,-2.305819,87.30463,-0.3359399,-0.08197629,0.05206165,-0.0232505,0.995002,14.24823,83.75215,8.183044
06.12.2023 14:47:59,0.02031847,0.02335462,0.002545698,0.9995175,-2.321024,87.31594,-0.346238,-0.08208071,0.05205059,-0.02314146,0.9949965,14.26093,83.75401,8.171051
06.12.2023 14:47:59,0.02044186,0.0232607,0.002602223,0.999517,-2.335043,87.32652,-0.3528313,-0.08208335,0.05218634,-0.02332986,0.9949847,14.25961,83.73651,8.194122
06.12.2023 14:47:59,0.02055432,0.02307011,0.002519166,0.9995193,-2.348217,87.34853,-0.3431648,-0.08205666,0.05217416,-0.02345015,0.9949847,14.25586,83.73692,8.207733
06.12.2023 14:47:59,0.0205899,0.02314214,0.002355722,0.9995174,-2.352704,87.34063,-0.3246933,-0.08198202,0.0522764,-0.0232836,0.9949895,14.24799,83.72694,8.188904
06.12.2023 14:47:59,0.02064983,0.02309713,0.002095536,0.9995177,-2.360276,87.34638,-0.2949211,-0.0818459,0.05216737,-0.0227056,0.9950198,14.23636,83.74554,8.120148
06.12.2023 14:47:59,0.02080325,0.02312098,0.001839728,0.9995145,-2.378529,87.34419,-0.2660627,-0.08175299,0.0520567,-0.02241911,0.9950397,14.22784,83.76141,8.085388
06.12.2023 14:47:59,0.02091307,0.02313313,0.001728958,0.9995121,-2.391403,87.34303,-0.2536868,-0.08170608,0.05188265,-0.02256766,0.9950493,14.22208,83.78038,8.100586
06.12.2023 14:47:59,0.02103999,0.02314431,0.001913835,0.9995089,-2.405452,87.34125,-0.2752463,-0.0816351,0.05191893,-0.0231666,0.9950395,14.21008,83.77091,8.169678
06.12.2023 14:47:59,0.02108846,0.02309711,0.002087458,0.9995086,-2.410558,87.34623,-0.2951655,-0.08152102,0.05187676,-0.02368102,0.9950389,14.19391,83.77151,8.227936
06.12.2023 14:47:59,0.02106451,0.02311486,0.002306531,0.9995083,-2.407227,87.34367,-0.3202583,-0.08137965,0.05181482,-0.02365525,0.9950543,14.17804,83.77953,8.223419
06.12.2023 14:47:59,0.02104052,0.02313834,0.002471676,0.9995078,-2.404031,87.34059,-0.3391824,-0.08132627,0.05179212,-0.02318001,0.995071,14.17496,83.78679,8.167938
06.12.2023 14:47:59,0.02090522,0.02315685,0.002511555,0.9995101,-2.388415,87.33843,-0.3434361,-0.0814021,0.05172116,-0.02281804,0.9950769,14.18613,83.79803,8.125946
06.12.2023 14:47:59,0.02076962,0.02331298,0.002473895,0.9995094,-2.372925,87.32068,-0.3391267,-0.08151187,0.05166499,-0.02258899,0.9950761,14.20032,83.80621,8.099701
06.12.2023 14:47:59,0.02060881,0.02325977,0.002359968,0.9995142,-2.354821,87.32713,-0.3255078,-0.08150602,0.05161774,-0.02226117,0.9950864,14.20184,83.81474,8.06134
06.12.2023 14:47:59,0.02044506,0.02328567,0.002267766,0.9995172,-2.336296,87.32444,-0.3145588,-0.08149683,0.05152116,-0.02202149,0.9950975,14.20258,83.82819,8.032684
06.12.2023 14:47:59,0.02022924,0.02325713,0.002230458,0.9995223,-2.311675,87.32789,-0.3096355,-0.08144457,0.05138433,-0.02209547,0.9951072,14.19653,83.84357,8.039612
06.12.2023 14:47:59,0.02023182,0.0231402,0.002333102,0.9995248,-2.311734,87.34106,-0.3211379,-0.0814399,0.0513209,-0.02224623,0.9951075,14.19525,83.84953,8.056396
06.12.2023 14:47:59,0.02021489,0.02311248,0.002305693,0.9995258,-2.309876,87.34431,-0.3178866,-0.08141448,0.05116962,-0.02225558,0.9951171,14.19275,83.86707,8.055908
06.12.2023 14:47:59,0.02039921,0.02305554,0.002187763,0.9995237,-2.331327,87.35104,-0.3047275,-0.08139918,0.05108743,-0.02204381,0.9951273,14.19254,83.87862,8.030579
06.12.2023 14:47:59,0.02047828,0.02295396,0.002080167,0.9995246,-2.340702,87.36291,-0.2923661,-0.08120932,0.05100996,-0.02163047,0.9951559,14.17352,83.89218,7.980804
06.12.2023 14:47:59,0.02069463,0.02299719,0.001975066,0.9995194,-2.365758,87.35811,-0.280994,-0.08087382,0.05105966,-0.02175145,0.995178,14.13416,83.88666,7.993011
06.12.2023 14:47:59,0.0208022,0.02294677,0.001944595,0.9995183,-2.378178,87.36392,-0.2776666,-0.0806663,0.05120429,-0.02222721,0.9951769,14.10696,83.86638,8.047913
06.12.2023 14:47:59,0.02081663,0.02289503,0.001961262,0.9995192,-2.379802,87.36981,-0.2794923,-0.08040643,0.05121301,-0.02237656,0.9951941,14.0762,83.86507,8.063507
06.12.2023 14:47:59,0.0208249,0.02289862,0.002055063,0.9995188,-2.380502,87.36918,-0.2902756,-0.08028754,0.0511983,-0.02238229,0.9952044,14.06259,83.8672,8.063232
06.12.2023 14:47:59,0.02085807,0.02288844,0.001961259,0.9995185,-2.384552,87.37055,-0.2795857,-0.08043092,0.05112722,-0.02213475,0.995202,14.08078,83.87711,8.034943
06.12.2023 14:47:59,0.02077725,0.02297337,0.001841969,0.9995185,-2.375583,87.36113,-0.2658992,-0.08054297,0.0509086,-0.02209753,0.9952049,14.09451,83.90231,8.029388
06.12.2023 14:47:59,0.02076363,0.02298095,0.001781158,0.9995187,-2.374181,87.3604,-0.25891,-0.08062092,0.05071656,-0.0223101,0.9952037,14.10275,83.92229,8.052704
06.12.2023 14:47:59,0.02077712,0.0230623,0.00178847,0.9995165,-2.375686,87.35106,-0.2599775,-0.08055555,0.05065135,-0.02271659,0.9952031,14.09299,83.92638,8.098633
06.12.2023 14:47:59,0.02081123,0.02309565,0.001809257,0.999515,-2.37953,87.34717,-0.2625305,-0.08042388,0.05070052,-0.02275721,0.9952103,14.07745,83.92085,8.102905
06.12.2023 14:47:59,0.02070207,0.02313364,0.001870484,0.9995163,-2.36685,87.3427,-0.2693483,-0.08025599,0.05071428,-0.02243741,0.9952304,14.06012,83.92287,8.064972
06.12.2023 14:47:59,0.02076703,0.02309253,0.00197811,0.9995157,-2.374018,87.34715,-0.2817618,-0.08009832,0.05062811,-0.02211354,0.9952548,14.04425,83.93645,8.025696
06.12.2023 14:47:59,0.02070341,0.02312258,0.001996026,0.9995162,-2.366673,87.34367,-0.2837171,-0.07993066,0.05061064,-0.02210622,0.9952693,14.02512,83.93922,8.02359
06.12.2023 14:47:59,0.02072272,0.02317964,0.00201554,0.9995145,-2.368818,87.33708,-0.2861409,-0.07992182,0.05047886,-0.02220564,0.9952745,14.0239,83.95361,8.033813
06.12.2023 14:47:59,0.02083515,0.02317308,0.001847634,0.9995127,-2.382149,87.33819,-0.2671784,-0.07998224,0.05041334,-0.02230678,0.9952707,14.03043,83.96002,8.045288
06.12.2023 14:47:59,0.02093794,0.02319406,0.001717518,0.9995102,-2.394268,87.33605,-0.2525878,-0.08003359,0.05041019,-0.0221029,0.9952713,14.03757,83.96204,8.022064
06.12.2023 14:47:59,0.0210644,0.02314999,0.001597633,0.9995088,-2.409088,87.34135,-0.2390768,-0.08015358,0.05045734,-0.0218374,0.9952651,14.0528,83.95851,7.992615
06.12.2023 14:47:59,0.0211651,0.02313768,0.00157859,0.999507,-2.420681,87.34277,-0.237133,-0.08019088,0.05063834,-0.02145342,0.9952613,14.05887,83.94091,7.950134
06.12.2023 14:47:59,0.02117477,0.02318496,0.001506389,0.9995058,-2.421969,87.33752,-0.2289964,-0.08034728,0.05072951,-0.02133831,0.9952465,14.07724,83.93079,7.938721
06.12.2023 14:47:59,0.02129751,0.02319003,0.001481608,0.9995031,-2.436098,87.33696,-0.2264963,-0.08009306,0.05072923,-0.02156136,0.9952622,14.04672,83.92979,7.962799
06.12.2023 14:47:59,0.02130566,0.02318959,0.001397457,0.9995031,-2.437257,87.33721,-0.2168701,-0.07984874,0.05071121,-0.02207527,0.9952714,14.01559,83.92818,8.020386
06.12.2023 14:47:59,0.02127278,0.02322757,0.001379178,0.9995029,-2.43353,87.33291,-0.2147792,-0.07963479,0.05065877,-0.02246262,0.9952826,13.98886,83.93161,8.063232
06.12.2023 14:47:59,0.02124434,0.02325225,0.001314215,0.999503,-2.430439,87.33025,-0.2073158,-0.07953033,0.05060123,-0.02265637,0.9952895,13.97586,83.93694,8.084412
06.12.2023 14:47:59,0.02121228,0.02327375,0.001296752,0.9995033,-2.426808,87.32784,-0.2052802,-0.0795065,0.05060514,-0.02279704,0.995288,13.97226,83.93532,8.100525
06.12.2023 14:47:59,0.02127915,0.02329226,0.001327237,0.9995013,-2.434385,87.32561,-0.2089995,-0.0796602,0.05074556,-0.0225103,0.9952751,13.99121,83.92103,8.069702
06.12.2023 14:47:59,0.02124006,0.02335965,0.001399453,0.9995005,-2.429698,87.31773,-0.2173371,-0.07982888,0.05083809,-0.02191197,0.9952702,14.01395,83.91505,8.002533
06.12.2023 14:47:59,0.02130092,0.02336149,0.001347258,0.9994993,-2.436812,87.31762,-0.211522,-0.07994665,0.05107296,-0.02171116,0.9952531,14.02795,83.88921,7.982269
06.12.2023 14:47:59,0.02129886,0.02341637,0.001403383,0.999498,-2.436412,87.31119,-0.2180844,-0.08002934,0.05121712,-0.02179812,0.9952372,14.0365,83.8714,7.994202
06.12.2023 14:47:59,0.02132951,0.02342637,0.001248198,0.9994972,-2.44034,87.31041,-0.2004015,-0.07997735,0.0512387,-0.02210758,0.9952334,14.02856,83.86629,8.029785
06.12.2023 14:47:59,0.02144782,0.02348231,0.00135924,0.9994932,-2.453586,87.30368,-0.2135881,-0.07982896,0.05124088,-0.02198062,0.995248,14.0123,83.8678,8.01416
06.12.2023 14:47:59,0.02140261,0.02345862,0.001369569,0.9994948,-2.448383,87.30639,-0.2145918,-0.0796017,0.05117888,-0.02173787,0.9952747,13.98792,83.87809,7.984009
06.12.2023 14:47:59,0.02146649,0.02349521,0.001374031,0.9994925,-2.455683,87.30216,-0.2153661,-0.07944264,0.05110423,-0.02160544,0.9952942,13.9707,83.88857,7.96698
06.12.2023 14:47:59,0.02144174,0.02347904,0.00143806,0.9994934,-2.452678,87.30386,-0.2225995,-0.07916268,0.05091489,-0.02163126,0.9953256,13.939,83.91137,7.96637
06.12.2023 14:47:59,0.02153847,0.02342902,0.001448619,0.9994924,-2.463744,87.30955,-0.2239486,-0.07901087,0.05078246,-0.0221427,0.9953332,13.91885,83.92271,8.023254
06.12.2023 14:47:59,0.02153403,0.02346389,0.001395604,0.9994918,-2.463371,87.30568,-0.217945,-0.07906128,0.05070671,-0.02260521,0.9953226,13.92206,83.92711,8.076324
06.12.2023 14:47:59,0.0215747,0.02346232,0.001415663,0.9994909,-2.467977,87.30579,-0.2203507,-0.0792086,0.05054504,-0.02255272,0.9953204,13.93976,83.94569,8.069763
06.12.2023 14:47:59,0.02160285,0.02339286,0.00146463,0.9994919,-2.471087,87.31363,-0.2258687,-0.07925633,0.0504879,-0.02236899,0.9953236,13.94653,83.95377,8.04834
06.12.2023 14:47:59,0.02166483,0.02333091,0.001590208,0.9994918,-2.477865,87.3204,-0.2402786,-0.07922612,0.05055052,-0.02198411,0.9953314,13.94522,83.95011,8.004272
06.12.2023 14:47:59,0.02171023,0.02325368,0.00171968,0.9994924,-2.482741,87.32893,-0.2550518,-0.07921299,0.05064193,-0.0219984,0.9953275,13.94333,83.93945,8.006653
06.12.2023 14:47:59,0.02178775,0.02318582,0.001657909,0.9994924,-2.491805,87.33684,-0.248009,-0.07913812,0.05080069,-0.0223931,0.9953166,13.93185,83.91783,8.053192
06.12.2023 14:47:59,0.02188985,0.02321124,0.001472781,0.9994898,-2.503992,87.33434,-0.2271225,-0.07910369,0.05082072,-0.02259228,0.9953138,13.92664,83.91386,8.076141
06.12.2023 14:47:59,0.02194778,0.0231823,0.001221968,0.9994896,-2.511305,87.33827,-0.1984509,-0.0790827,0.05075274,-0.02212812,0.9953293,13.92728,83.92599,8.021759
06.12.2023 14:47:59,0.02201749,0.02321684,0.001061973,0.9994875,-2.519712,87.33469,-0.180382,-0.07908758,0.0506731,-0.02175666,0.9953412,13.93033,83.93852,7.97818
06.12.2023 14:48:00,0.02210363,0.02322889,0.0009690198,0.9994854,-2.529829,87.33352,-0.1699865,-0.07906622,0.05054284,-0.02141422,0.9953569,13.93033,83.95677,7.937317
06.12.2023 14:48:00,0.02238699,0.02324079,0.001070298,0.9994786,-2.562026,87.33181,-0.1823868,-0.07889061,0.05046199,-0.02192861,0.9953638,13.90732,83.9622,7.994843
06.12.2023 14:48:00,0.02244776,0.02318379,0.001162699,0.9994785,-2.568753,87.3381,-0.1929966,-0.07865638,0.05041925,-0.02220767,0.9953783,13.87888,83.96559,8.025146
06.12.2023 14:48:00,0.02245595,0.02315788,0.00146939,0.9994785,-2.568882,87.34028,-0.2281131,-0.07855096,0.05027714,-0.0223504,0.9953906,13.86636,83.98119,8.039642
06.12.2023 14:48:00,0.02242757,0.02317476,0.001607312,0.9994786,-2.565259,87.338,-0.2438928,-0.07847082,0.05007488,-0.02238267,0.9954064,13.8576,84.00463,8.041046
06.12.2023 14:48:00,0.02237954,0.02318189,0.001629949,0.9994794,-2.559693,87.33714,-0.2463778,-0.07856182,0.04990537,-0.02241795,0.9954069,13.86835,84.02357,8.044189
06.12.2023 14:48:00,0.02227056,0.02318302,0.001698553,0.9994817,-2.547022,87.33688,-0.2539542,-0.07858706,0.04974882,-0.02247865,0.9954114,13.87134,84.04104,8.049957
06.12.2023 14:48:00,0.02219212,0.02315758,0.001685525,0.9994841,-2.538075,87.33986,-0.2521859,-0.07864156,0.04963858,-0.02243015,0.9954137,13.87823,84.05401,8.043732
06.12.2023 14:48:00,0.02198725,0.02301642,0.00174745,0.9994918,-2.514471,87.35596,-0.258382,-0.07861064,0.04969495,-0.02202629,0.9954224,13.87692,84.05122,7.997375
06.12.2023 14:48:00,0.02204041,0.02285681,0.001675665,0.9994944,-2.520792,87.37444,-0.2498908,-0.07849749,0.04982309,-0.02145012,0.9954374,13.867,84.04198,7.931244
06.12.2023 14:48:00,0.02203405,0.02289471,0.001689178,0.9994937,-2.520019,87.37006,-0.2515187,-0.07833824,0.0499207,-0.02099037,0.9954549,13.8512,84.03541,7.877991
06.12.2023 14:48:00,0.02198355,0.02283415,0.00162715,0.9994962,-2.514409,87.37718,-0.2441217,-0.07846404,0.05008425,-0.02088098,0.9954391,13.86581,84.01698,7.867645
06.12.2023 14:48:00,0.02218355,0.02282902,0.001619795,0.9994919,-2.537348,87.37772,-0.2437928,-0.07849244,0.0501124,-0.02121038,0.9954285,13.867,84.01067,7.906128
06.12.2023 14:48:00,0.02214343,0.02271442,0.001611349,0.9994954,-2.5328,87.39089,-0.2424281,-0.07858571,0.05002505,-0.02159458,0.9954172,13.87567,84.01698,7.950317
06.12.2023 14:48:00,0.02223155,0.02266751,0.001640857,0.9994945,-2.542832,87.39617,-0.2459228,-0.07862195,0.0498125,-0.0217717,0.9954212,13.87939,84.03985,7.969116
06.12.2023 14:48:00,0.02225897,0.02258804,0.001752831,0.9994955,-2.545704,87.40499,-0.2586295,-0.07858033,0.04977197,-0.02163113,0.9954296,13.87558,84.04596,7.95224
06.12.2023 14:48:00,0.02237084,0.02245929,0.00179134,0.9994959,-2.558456,87.41962,-0.2630067,-0.07844418,0.04970798,-0.02169998,0.995442,13.85974,84.05329,7.95874
06.12.2023 14:48:00,0.02228284,0.02249277,0.001876462,0.9994969,-2.548145,87.4156,-0.2726227,-0.07833692,0.04969522,-0.02225657,0.9954388,13.84415,84.05023,8.022217
06.12.2023 14:48:00,0.0223047,0.0224199,0.001865324,0.9994981,-2.550697,87.42397,-0.2712165,-0.07821632,0.04963065,-0.02261667,0.9954434,13.82837,84.05499,8.062439
06.12.2023 14:48:00,0.02220916,0.02236043,0.00168763,0.9995019,-2.540222,87.43128,-0.2504456,-0.07812958,0.04960847,-0.02279301,0.9954473,13.81741,84.05634,8.082031
06.12.2023 14:48:00,0.02219062,0.02239354,0.001609219,0.9995016,-2.538291,87.42769,-0.2414923,-0.07802807,0.04952218,-0.02255154,0.995465,13.80746,84.06887,8.052704
06.12.2023 14:48:00,0.02213527,0.02241538,0.001500006,0.9995026,-2.532225,87.42548,-0.2288835,-0.07797158,0.04930639,-0.02185347,0.9954957,13.80579,84.10026,7.969818
06.12.2023 14:48:00,0.02209675,0.02250452,0.001487493,0.9995014,-2.527822,87.4153,-0.227575,-0.07779562,0.04924697,-0.02188754,0.9955117,13.78558,84.10752,7.972076
06.12.2023 14:48:00,0.02217531,0.02233385,0.001559988,0.9995034,-2.536677,87.43467,-0.2356568,-0.07777674,0.04917817,-0.02230018,0.9955074,13.78119,84.11191,8.019012
06.12.2023 14:48:00,0.02205998,0.02240771,0.001646093,0.9995041,-2.523223,87.42602,-0.2454176,-0.07769087,0.04914293,-0.02270803,0.9955066,13.76904,84.11272,8.065247
06.12.2023 14:48:00,0.02196204,0.02245407,0.001621079,0.9995053,-2.512053,87.4208,-0.2424131,-0.0776908,0.04902931,-0.02272699,0.9955118,13.76926,84.1257,8.066406
06.12.2023 14:48:00,0.02199186,0.02250667,0.001665488,0.9995034,-2.515343,87.41464,-0.2477142,-0.07783592,0.04897892,-0.0223556,0.9955114,13.78824,84.13424,8.024017
06.12.2023 14:48:00,0.02198253,0.02249654,0.00155872,0.999504,-2.514551,87.41608,-0.235424,-0.07778884,0.04903787,-0.02208922,0.9955181,13.78424,84.12996,7.993469
06.12.2023 14:48:00,0.02206657,0.02253277,0.001558531,0.9995013,-2.524174,87.41189,-0.2357121,-0.07776156,0.04895137,-0.02194275,0.9955277,13.78223,84.14137,7.975616
06.12.2023 14:48:00,0.02217732,0.02255324,0.001444441,0.9994986,-2.537155,87.40979,-0.2229722,-0.07761671,0.04894736,-0.02214705,0.9955347,13.76443,84.1406,7.99823
06.12.2023 14:48:00,0.02220414,0.02255142,0.00146868,0.999498,-2.540167,87.40993,-0.2258162,-0.07739706,0.04877272,-0.0224301,0.995554,13.7381,84.15919,8.027985
06.12.2023 14:48:00,0.02222885,0.02263755,0.001365254,0.9994957,-2.543247,87.40031,-0.2142425,-0.07695623,0.04844147,-0.02266196,0.9955992,13.68716,84.19723,8.049011
06.12.2023 14:48:00,0.02230387,0.02263344,0.001324061,0.9994941,-2.551952,87.40086,-0.2097052,-0.07666443,0.04815077,-0.0224386,0.9956408,13.65588,84.23396,8.018829
06.12.2023 14:48:00,0.02225344,0.02263851,0.001285529,0.9994952,-2.546272,87.40039,-0.2051689,-0.07652828,0.04792296,-0.02207872,0.9956703,13.64304,84.26398,7.974426
06.12.2023 14:48:00,0.02222568,0.02270991,0.001251589,0.9994943,-2.543165,87.3923,-0.2013871,-0.07663472,0.04787474,-0.02197324,0.9956668,13.65598,84.27007,7.962494
06.12.2023 14:48:00,0.0222132,0.02271436,0.001151601,0.9994946,-2.541995,87.39204,-0.1899024,-0.07669295,0.04784753,-0.0222704,0.995657,13.66104,84.27039,7.996948
06.12.2023 14:48:00,0.02216086,0.02276653,0.001143395,0.9994946,-2.536009,87.3861,-0.188957,-0.07687153,0.0479813,-0.0227833,0.9956252,13.67816,84.24974,8.058472
06.12.2023 14:48:00,0.02216496,0.02286245,0.0009854343,0.9994924,-2.536875,87.3755,-0.1711018,-0.07693005,0.04808277,-0.02286776,0.9956139,13.68408,84.23703,8.069458
06.12.2023 14:48:00,0.0222049,0.0229294,0.0009372063,0.9994901,-2.541568,87.36793,-0.1658483,-0.07711118,0.04825112,-0.02256845,0.9955985,13.70609,84.21945,8.037537
06.12.2023 14:48:00,0.02209069,0.02299903,0.0008988538,0.999491,-2.52857,87.36007,-0.1613258,-0.07727602,0.04837861,-0.0220836,0.9955904,13.72742,84.20831,7.983704
06.12.2023 14:48:00,0.02210116,0.02308726,0.0008816613,0.9994888,-2.529801,87.34999,-0.159606,-0.07727467,0.04834295,-0.02202254,0.9955936,13.72772,84.21297,7.976349
06.12.2023 14:48:00,0.02214902,0.02318002,0.0008660012,0.9994856,-2.535312,87.33937,-0.1581734,-0.07720314,0.04835576,-0.02227941,0.9955928,13.71799,84.20952,8.005676
06.12.2023 14:48:00,0.02203324,0.02316423,0.0008112392,0.9994885,-2.522192,87.34135,-0.1515462,-0.077101,0.04810078,-0.02249409,0.9956083,13.70581,84.23753,8.027557
06.12.2023 14:48:00,0.02197438,0.02322503,0.0009008874,0.9994884,-2.515201,87.33418,-0.1618198,-0.07694167,0.04798792,-0.02248147,0.9956263,13.68793,84.25134,8.024109
06.12.2023 14:48:00,0.02200911,0.02334188,0.0009414792,0.9994848,-2.519053,87.32066,-0.1668611,-0.07672751,0.04779661,-0.0225664,0.9956502,13.66345,84.27357,8.030884
06.12.2023 14:48:00,0.02194842,0.02345324,0.0008929734,0.9994836,-2.512209,87.30802,-0.161417,-0.07655805,0.04787168,-0.0226325,0.995658,13.6434,84.26498,8.038116
06.12.2023 14:48:00,0.02199497,0.02342014,0.0008282354,0.9994834,-2.517723,87.31197,-0.1540376,-0.07657807,0.0481117,-0.02273266,0.9956427,13.64438,84.23627,8.05191
06.12.2023 14:48:00,0.02212296,0.02341897,0.0008170309,0.9994806,-2.53242,87.3121,-0.1530955,-0.07660477,0.04823515,-0.02270485,0.9956353,13.64725,84.22212,8.049927
06.12.2023 14:48:00,0.0222005,0.02344899,0.0009601009,0.999478,-2.540915,87.30827,-0.1697832,-0.07665805,0.0483436,-0.02245587,0.9956316,13.65445,84.21153,8.022491
06.12.2023 14:48:00,0.02222731,0.02342627,0.001087121,0.9994779,-2.543649,87.31055,-0.1843599,-0.07659132,0.04839804,-0.0220357,0.9956434,13.64908,84.20916,7.97403
06.12.2023 14:48:00,0.02228451,0.02330828,0.001173945,0.9994792,-2.549993,87.32384,-0.1941672,-0.07645863,0.04838302,-0.02180522,0.9956595,13.63525,84.21342,7.946442
06.12.2023 14:48:00,0.02236006,0.02324775,0.001152588,0.999479,-2.55872,87.33081,-0.1917667,-0.07634911,0.04837991,-0.02165122,0.9956714,13.6236,84.21554,7.927948
06.12.2023 14:48:00,0.02235869,0.02321379,0.001012739,0.9994799,-2.558941,87.33507,-0.1756429,-0.07622981,0.04818345,-0.02221657,0.9956776,13.60721,84.23382,7.990753
06.12.2023 14:48:00,0.02251769,0.02311526,0.000815931,0.9994789,-2.577701,87.34683,-0.1532505,-0.07596089,0.04805166,-0.02276831,0.9956921,13.57358,84.24535,8.051605
06.12.2023 14:48:00,0.02257102,0.02304581,0.0006797119,0.9994794,-2.584183,87.35513,-0.1375955,-0.07582292,0.04800616,-0.02303486,0.9956986,13.55634,84.24886,8.081116
06.12.2023 14:48:00,0.02279113,0.02300929,0.0005989561,0.9994753,-2.609624,87.35947,-0.1288257,-0.07560433,0.04795679,-0.02289331,0.9957209,13.53223,84.25666,8.062988
06.12.2023 14:48:00,0.02278057,0.02289968,0.0007197506,0.9994779,-2.60811,87.37173,-0.1423606,-0.07538052,0.04793188,-0.02255063,0.9957469,13.50861,84.26337,8.02179
06.12.2023 14:48:00,0.02283939,0.02288441,0.0008163098,0.9994769,-2.614599,87.37322,-0.1535464,-0.07537878,0.04798613,-0.02194254,0.995758,13.51175,84.26231,7.952057
06.12.2023 14:48:00,0.02287646,0.0228582,0.0009648152,0.9994765,-2.618461,87.37583,-0.1706018,-0.07543946,0.04802642,-0.02182407,0.9957541,13.51926,84.25843,7.939117
06.12.2023 14:48:00,0.0227666,0.02283215,0.001060595,0.9994795,-2.605626,87.3786,-0.1812255,-0.07578407,0.04796419,-0.02205787,0.9957257,13.55765,84.26229,7.967712
06.12.2023 14:48:00,0.0226968,0.02281803,0.001185316,0.9994813,-2.597303,87.37991,-0.1953043,-0.07609104,0.04796969,-0.02211157,0.9957008,13.59253,84.25999,7.975891
06.12.2023 14:48:00,0.02258768,0.02289569,0.001249541,0.9994819,-2.584615,87.37088,-0.2025814,-0.07641254,0.04793351,-0.02194686,0.9956816,13.63046,84.26436,7.958588
06.12.2023 14:48:00,0.02249322,0.02285364,0.001226972,0.999485,-2.573859,87.37579,-0.199636,-0.07653055,0.04803893,-0.02172404,0.9956723,13.64499,84.25365,7.934509
06.12.2023 14:48:00,0.02249333,0.02274611,0.001227961,0.9994875,-2.573889,87.38812,-0.1994726,-0.07660557,0.04796504,-0.02132621,0.9956788,13.6561,84.26537,7.888397
06.12.2023 14:48:00,0.0224391,0.02281507,0.001295018,0.999487,-2.567486,87.38006,-0.2071955,-0.07660771,0.04785801,-0.02123907,0.9956856,13.65714,84.2785,7.877411
06.12.2023 14:48:00,0.02245931,0.02275986,0.001300039,0.9994878,-2.5698,87.38637,-0.2076823,-0.07663427,0.04765595,-0.02145444,0.9956886,13.65955,84.2999,7.900696
06.12.2023 14:48:00,0.02249006,0.02282917,0.001224883,0.9994857,-2.573507,87.3786,-0.1993252,-0.07654408,0.04750228,-0.02199543,0.9956911,13.64658,84.31331,7.961243
06.12.2023 14:48:00,0.0225125,0.02275908,0.001163391,0.9994868,-2.576252,87.3868,-0.1921536,-0.07642563,0.04741396,-0.0222471,0.9956988,13.63181,84.32179,7.9888
06.12.2023 14:48:00,0.02256236,0.02277726,0.001143888,0.9994853,-2.582014,87.38474,-0.1900954,-0.07638545,0.04735114,-0.02216185,0.9957068,13.62787,84.32996,7.978149
06.12.2023 14:48:00,0.02259413,0.02281432,0.001152343,0.9994838,-2.585624,87.38046,-0.1912441,-0.07632804,0.04735678,-0.02201604,0.9957142,13.6221,84.3308,7.961029
06.12.2023 14:48:00,0.02262751,0.02285274,0.00120157,0.999482,-2.589314,87.37592,-0.1970754,-0.07634385,0.04741198,-0.02159408,0.9957196,13.62616,84.32801,7.912872
06.12.2023 14:48:00,0.02259306,0.02286234,0.001308026,0.9994825,-2.585084,87.37455,-0.2092146,-0.07635153,0.04751331,-0.02148473,0.9957165,13.62735,84.31721,7.901184
06.12.2023 14:48:00,0.02253715,0.02289956,0.001189933,0.999483,-2.57898,87.37061,-0.1956239,-0.07654703,0.04757616,-0.02164221,0.9956951,13.64871,84.30783,7.921112
06.12.2023 14:48:00,0.02246498,0.02294661,0.001116757,0.9994836,-2.570894,87.36542,-0.187165,-0.07665815,0.04754192,-0.02183196,0.995684,13.66046,84.30971,7.94342
06.12.2023 14:48:00,0.02245821,0.0230534,0.001029197,0.9994814,-2.57033,87.35339,-0.1773832,-0.07669925,0.04761895,-0.02184481,0.9956769,13.66489,84.30052,7.945831
06.12.2023 14:48:00,0.0222805,0.02303185,0.001013984,0.9994859,-2.55001,87.35596,-0.1751118,-0.07659759,0.04757715,-0.02156389,0.9956928,13.65494,84.3082,7.912415
06.12.2023 14:48:00,0.02228928,0.02314049,0.0009416006,0.9994833,-2.55119,87.34367,-0.1671142,-0.07643491,0.04757409,-0.02143506,0.9957083,13.63702,84.3103,7.896484
06.12.2023 14:48:00,0.02225038,0.02305875,0.001089141,0.9994859,-2.546355,87.35269,-0.1837169,-0.07630622,0.0476661,-0.02198204,0.9957018,13.61887,84.29539,7.959656
06.12.2023 14:48:00,0.02220378,0.02309675,0.001154006,0.999486,-2.540836,87.34818,-0.1911262,-0.07619471,0.04775339,-0.02236657,0.9956976,13.60361,84.2824,8.00412
06.12.2023 14:48:00,0.022157,0.02308033,0.001157047,0.9994874,-2.535471,87.35007,-0.1913086,-0.07626026,0.04784999,-0.02222398,0.9956912,13.61166,84.27221,7.988892
06.12.2023 14:48:00,0.022114,0.02312449,0.001065709,0.9994875,-2.530778,87.34525,-0.1808346,-0.07637043,0.04787112,-0.02183943,0.9956902,13.62643,84.27267,7.945374
06.12.2023 14:48:00,0.02204214,0.02317254,0.0009916597,0.999488,-2.522732,87.33994,-0.1722751,-0.07647615,0.04783035,-0.02139512,0.9956937,13.64124,84.28085,7.894379
06.12.2023 14:48:00,0.02202651,0.0231452,0.0009380044,0.999489,-2.521088,87.34322,-0.1660131,-0.07648202,0.04761539,-0.02124661,0.9957067,13.64337,84.30698,7.875397
06.12.2023 14:48:00,0.0220055,0.02307461,0.001023599,0.999491,-2.518465,87.3511,-0.1755919,-0.07646788,0.04751375,-0.021145,0.9957148,13.64264,84.31968,7.862671
06.12.2023 14:48:00,0.02189192,0.02311311,0.0009766407,0.9994927,-2.505569,87.34684,-0.170003,-0.07626905,0.04746242,-0.02095621,0.9957365,13.62103,84.328,7.839203
06.12.2023 14:48:00,0.02198319,0.02306976,0.00100405,0.9994916,-2.515962,87.35172,-0.1732792,-0.0761013,0.04740639,-0.02086288,0.995754,13.60248,84.33592,7.826904
06.12.2023 14:48:00,0.02189213,0.02307899,0.0009933168,0.9994934,-2.505554,87.35072,-0.1718298,-0.0760393,0.04736685,-0.02090507,0.9957597,13.59525,84.34035,7.831055
06.12.2023 14:48:00,0.02182364,0.02309841,0.001083621,0.9994944,-2.497463,87.34828,-0.1820489,-0.07600644,0.04725435,-0.02109591,0.9957635,13.59073,84.35184,7.851898
06.12.2023 14:48:00,0.02190681,0.02301176,0.001008784,0.9994947,-2.507206,87.35838,-0.1734733,-0.07587051,0.04701709,-0.02129842,0.9957808,13.57465,84.37804,7.872375
06.12.2023 14:48:00,0.0218277,0.0230576,0.001045333,0.9994953,-2.498037,87.35306,-0.1775682,-0.07583111,0.04676937,-0.02150497,0.9957911,13.5697,84.40506,7.89386
06.12.2023 14:48:01,0.02185034,0.02308039,0.001117336,0.9994942,-2.500437,87.35026,-0.18594,-0.07568651,0.0466944,-0.02197474,0.9957954,13.55069,84.41023,7.946564
06.12.2023 14:48:01,0.02179999,0.0230748,0.001061334,0.9994955,-2.494816,87.35105,-0.1793719,-0.07562072,0.04668474,-0.02216369,0.9957966,13.54211,84.40997,7.967865
06.12.2023 14:48:01,0.02182271,0.02303116,0.001116317,0.9994959,-2.497282,87.35591,-0.1856266,-0.07557643,0.04660074,-0.02203614,0.9958067,13.53799,84.42096,7.952148
06.12.2023 14:48:01,0.02184963,0.02303691,0.001052409,0.9994953,-2.500535,87.35541,-0.1783858,-0.07571185,0.04659878,-0.02147792,0.9958087,13.55667,84.42547,7.888519
06.12.2023 14:48:01,0.02185239,0.02301094,0.00115924,0.9994957,-2.500573,87.35812,-0.1905756,-0.07585209,0.0467425,-0.02088325,0.995804,13.57565,84.41345,7.82196
06.12.2023 14:48:01,0.02196382,0.02300647,0.001164684,0.9994934,-2.513329,87.35858,-0.1914841,-0.07592606,0.04675959,-0.02061248,0.9958032,13.58563,84.41354,7.79129
06.12.2023 14:48:01,0.02198846,0.02300954,0.001149801,0.9994928,-2.51619,87.35826,-0.189851,-0.07594182,0.04683903,-0.02071424,0.9957961,13.58664,84.40342,7.803833
06.12.2023 14:48:01,0.02208958,0.02302171,0.001300417,0.9994901,-2.527378,87.35645,-0.2074175,-0.07603614,0.04678323,-0.02115205,0.9957824,13.59515,84.40573,7.854462
06.12.2023 14:48:01,0.02212558,0.02294051,0.001397005,0.999491,-2.531265,87.36551,-0.2183806,-0.07605515,0.0468659,-0.0213923,0.9957719,13.59576,84.39402,7.883057
06.12.2023 14:48:01,0.02212223,0.02296586,0.001436406,0.9994904,-2.530771,87.3625,-0.2229531,-0.07615548,0.04694697,-0.02126875,0.995763,13.60773,84.38534,7.870117
06.12.2023 14:48:01,0.02241515,0.02283707,0.001481321,0.9994868,-2.564249,87.37706,-0.2285482,-0.07613495,0.04695966,-0.02143316,0.9957604,13.6044,84.38252,7.889069
06.12.2023 14:48:01,0.0225233,0.02277995,0.001743526,0.9994853,-2.575968,87.3829,-0.2587475,-0.07606886,0.04696793,-0.0214962,0.9957638,13.59644,84.38127,7.896027
06.12.2023 14:48:01,0.02267131,0.02269213,0.001874788,0.9994837,-2.592609,87.39258,-0.2739581,-0.07593852,0.04700171,-0.02160715,0.9957697,13.58078,84.3769,7.908325
06.12.2023 14:48:01,0.02272534,0.02268095,0.001961065,0.9994826,-2.598579,87.39362,-0.2839625,-0.07582095,0.04696183,-0.02161743,0.9957803,13.56732,84.38187,7.908447
06.12.2023 14:48:01,0.02285797,0.02258119,0.001886669,0.9994819,-2.613999,87.4052,-0.2755196,-0.0758719,0.04710969,-0.02166921,0.9957684,13.57245,84.36413,7.916016
06.12.2023 14:48:01,0.02287772,0.02255037,0.001717838,0.9994825,-2.616707,87.40917,-0.2561337,-0.07598305,0.04718128,-0.02154051,0.9957592,13.58572,84.35654,7.902466
06.12.2023 14:48:01,0.02309869,0.02258488,0.001480739,0.999477,-2.642635,87.40575,-0.2296166,-0.07620042,0.04714817,-0.02127445,0.99575,13.61227,84.36185,7.872803
06.12.2023 14:48:01,0.0232415,0.02260815,0.00139747,0.9994732,-2.659211,87.40326,-0.2205037,-0.07638933,0.04697945,-0.02089049,0.9957516,13.6366,84.38399,7.828156
06.12.2023 14:48:01,0.02353524,0.02266847,0.001412699,0.999465,-2.692819,87.39619,-0.2231793,-0.07633703,0.04687138,-0.01990672,0.9957808,13.63641,84.40524,7.713287
06.12.2023 14:48:01,0.02370287,0.02257353,0.001487096,0.9994631,-2.711857,87.40682,-0.2318906,-0.07618709,0.04675345,-0.01931955,0.9958094,13.62283,84.42451,7.643555
06.12.2023 14:48:01,0.02381205,0.02256745,0.00172494,0.9994602,-2.723752,87.40684,-0.2594297,-0.07582016,0.04691457,-0.0194922,0.9958265,13.57932,84.40569,7.662659
06.12.2023 14:48:01,0.02396937,0.02257696,0.001889121,0.999456,-2.741351,87.40524,-0.2786914,-0.07568055,0.04711164,-0.02067851,0.9958039,13.55609,84.37316,7.800476
06.12.2023 14:48:01,0.02394228,0.02266579,0.001943515,0.9994545,-2.738081,87.39491,-0.2851011,-0.07570983,0.04712912,-0.02170917,0.9957789,13.55359,84.36215,7.9198
06.12.2023 14:48:01,0.02380028,0.0227836,0.001995294,0.9994551,-2.72164,87.38131,-0.2909867,-0.07581999,0.04703085,-0.02132132,0.9957836,13.5687,84.37644,7.874847
06.12.2023 14:48:01,0.02373825,0.02272133,0.00188749,0.9994582,-2.714831,87.38877,-0.2782933,-0.07603224,0.04705073,-0.02070007,0.9957795,13.5965,84.37872,7.804596
06.12.2023 14:48:01,0.02357121,0.02263628,0.001880974,0.9994641,-2.69573,87.39861,-0.2768777,-0.07629937,0.04689147,-0.01996082,0.9957817,13.63174,84.40258,7.719482
06.12.2023 14:48:01,0.02358477,0.02278439,0.00183816,0.9994605,-2.697355,87.38173,-0.2724042,-0.07640407,0.04677721,-0.01968786,0.9957845,13.6456,84.41779,7.687622
06.12.2023 14:48:01,0.02356416,0.02278192,0.001817364,0.9994611,-2.695048,87.38208,-0.2699589,-0.07655317,0.04661544,-0.02007182,0.995773,13.66098,84.43262,7.731445
06.12.2023 14:48:01,0.02353704,0.02281193,0.001735569,0.9994612,-2.692146,87.37887,-0.26059,-0.07643797,0.04654706,-0.02077998,0.9957705,13.64401,84.43478,7.81192
06.12.2023 14:48:01,0.02365404,0.02285191,0.00175418,0.9994575,-2.705495,87.37418,-0.2631407,-0.07605038,0.04638889,-0.020791,0.9958073,13.59991,84.45441,7.809448
06.12.2023 14:48:01,0.02374656,0.02279115,0.00167106,0.9994568,-2.71633,87.38135,-0.2536895,-0.07570067,0.04633715,-0.020238,0.9958478,13.56302,84.46646,7.743042
06.12.2023 14:48:01,0.02375772,0.02271244,0.001671739,0.9994583,-2.717627,87.39037,-0.2535825,-0.07541191,0.04636367,-0.02017219,0.9958698,13.53018,84.465,7.733948
06.12.2023 14:48:01,0.02377691,0.02277362,0.001640477,0.9994565,-2.719893,87.38343,-0.2502151,-0.07543822,0.0462128,-0.02067857,0.9958644,13.53082,84.478,7.79126
06.12.2023 14:48:01,0.02371353,0.02280534,0.001700563,0.9994572,-2.712465,87.37965,-0.2570238,-0.0753308,0.04615337,-0.02114302,0.9958655,13.51608,84.48129,7.843719
06.12.2023 14:48:01,0.02371271,0.02277182,0.001783694,0.9994578,-2.712162,87.38327,-0.2664622,-0.07547374,0.04614563,-0.02127107,0.9958524,13.5318,84.48055,7.859283
06.12.2023 14:48:01,0.02361056,0.02281627,0.001745513,0.9994593,-2.700545,87.37831,-0.2619358,-0.07550921,0.04629425,-0.02099004,0.9958487,13.53699,84.46564,7.828339
06.12.2023 14:48:01,0.02350151,0.02281228,0.001701214,0.9994621,-2.688165,87.37893,-0.2565583,-0.07557213,0.04630193,-0.02072373,0.9958491,13.54568,84.46681,7.798035
06.12.2023 14:48:01,0.02341258,0.02288787,0.001496799,0.9994628,-2.678492,87.37084,-0.2330892,-0.07560644,0.04625547,-0.02036284,0.9958562,13.55173,84.47517,7.756195
06.12.2023 14:48:01,0.02339642,0.02294801,0.001333959,0.999462,-2.677056,87.36439,-0.2145372,-0.07571943,0.04623892,-0.02038293,0.9958479,13.56464,84.4765,7.759033
06.12.2023 14:48:01,0.02337858,0.02306743,0.001271105,0.9994597,-2.675152,87.35086,-0.2076032,-0.07573451,0.04615512,-0.02060822,0.995846,13.56537,84.48419,7.784424
06.12.2023 14:48:01,0.02344571,0.02310169,0.001298629,0.9994574,-2.682765,87.34683,-0.2110298,-0.07558923,0.04615492,-0.02081143,0.9958528,13.54758,84.483,7.807007
06.12.2023 14:48:01,0.02349352,0.02314146,0.001381159,0.9994552,-2.688016,87.34203,-0.2207268,-0.07550286,0.04618702,-0.02114213,0.995851,13.53574,84.47676,7.84494
06.12.2023 14:48:01,0.0234299,0.02318229,0.001436679,0.9994556,-2.680568,87.33722,-0.2270321,-0.07547437,0.0462345,-0.02143368,0.9958447,13.5307,84.46887,7.878845
06.12.2023 14:48:01,0.02343669,0.02326936,0.001361668,0.9994536,-2.681528,87.32743,-0.2186836,-0.07550952,0.04620063,-0.02131501,0.9958462,13.53549,84.47368,7.865051
06.12.2023 14:48:01,0.02326282,0.02342832,0.001407269,0.9994538,-2.661446,87.30914,-0.2238685,-0.07552849,0.04627416,-0.02119459,0.9958438,13.53815,84.46614,7.851898
06.12.2023 14:48:01,0.02334406,0.02354841,0.001223732,0.9994494,-2.671225,87.29582,-0.2033663,-0.07564192,0.04633142,-0.0210617,0.9958354,13.55173,84.46024,7.837738
06.12.2023 14:48:01,0.02344042,0.02350784,0.001180975,0.9994481,-2.68239,87.30056,-0.1986169,-0.0756612,0.04658083,-0.02116456,0.9958201,13.55264,84.43044,7.851868
06.12.2023 14:48:01,0.02347511,0.02361864,0.0011425,0.9994447,-2.686448,87.28794,-0.1945977,-0.07577467,0.04667599,-0.02151934,0.9957994,13.56342,84.41595,7.894348
06.12.2023 14:48:01,0.02350602,0.02367546,0.001096246,0.9994428,-2.690104,87.28154,-0.1895318,-0.07599349,0.04659137,-0.02182687,0.9957801,13.58704,84.42225,7.93045
06.12.2023 14:48:01,0.02364508,0.02367443,0.001057576,0.9994395,-2.706145,87.28172,-0.185475,-0.07594195,0.0463862,-0.02179193,0.9957943,13.58194,84.44647,7.924347
06.12.2023 14:48:01,0.02368194,0.02376912,0.0009946637,0.9994365,-2.710523,87.27101,-0.1786194,-0.07599001,0.04622138,-0.02167479,0.9958009,13.58856,84.46637,7.909668
06.12.2023 14:48:01,0.02377896,0.02389733,0.001098398,0.999431,-2.721333,87.25599,-0.1911285,-0.07606735,0.04618574,-0.02186154,0.9957925,13.59653,84.46857,7.931396
06.12.2023 14:48:01,0.02365838,0.02393971,0.0009406758,0.999433,-2.707941,87.25159,-0.1728274,-0.07599844,0.04631373,-0.02230607,0.995782,13.58575,84.4502,7.983398
06.12.2023 14:48:01,0.02358208,0.02394157,0.0008460519,0.9994348,-2.699457,87.25166,-0.1617728,-0.07593505,0.04650722,-0.02208534,0.9957827,13.57913,84.42997,7.959229
06.12.2023 14:48:01,0.02347528,0.02401771,0.0007828932,0.9994356,-2.687381,87.24313,-0.1544416,-0.07593628,0.04664254,-0.02115327,0.9957966,13.58411,84.42237,7.852783
06.12.2023 14:48:01,0.02343371,0.02407361,0.0008224095,0.9994352,-2.6825,87.23662,-0.1590074,-0.07609334,0.04676488,-0.02046067,0.9957933,13.60565,84.41364,7.774841
06.12.2023 14:48:01,0.02352363,0.02416608,0.0006723381,0.999431,-2.693205,87.22639,-0.1423001,-0.07625781,0.04675256,-0.02024163,0.9957858,13.62579,84.41636,7.750458
06.12.2023 14:48:01,0.0235906,0.02423337,0.0006900363,0.9994277,-2.70082,87.21861,-0.1446976,-0.07648449,0.04652375,-0.02069396,0.9957698,13.6499,84.43806,7.802063
06.12.2023 14:48:01,0.02358524,0.02440176,0.0006661405,0.9994237,-2.700248,87.19935,-0.1423982,-0.07673529,0.04626641,-0.0216399,0.9957424,13.67413,84.45863,7.910553
06.12.2023 14:48:01,0.02378413,0.02458536,0.0007075468,0.9994145,-2.722896,87.17812,-0.1482053,-0.07665925,0.04601737,-0.0221444,0.9957487,13.66336,84.48332,7.966156
06.12.2023 14:48:01,0.02372629,0.024795,0.0007179857,0.9994107,-2.716207,87.15406,-0.1498085,-0.07661716,0.04593633,-0.02208811,0.9957569,13.65909,84.49335,7.95871
06.12.2023 14:48:01,0.02373407,0.02498768,0.0007536209,0.9994057,-2.716968,87.13185,-0.1544407,-0.076502,0.04593945,-0.02166029,0.995775,13.64822,84.49715,7.90863
06.12.2023 14:48:01,0.0238498,0.02512981,0.0007236503,0.9993994,-2.730294,87.1156,-0.1517262,-0.0764557,0.04600857,-0.02143107,0.9957803,13.64398,84.49133,7.882477
06.12.2023 14:48:01,0.023779,0.02528831,0.000720807,0.9993971,-2.722165,87.09744,-0.1516273,-0.07638466,0.04611757,-0.02113455,0.9957871,13.63715,84.48158,7.848785
06.12.2023 14:48:01,0.0239083,0.02535407,0.0006368873,0.9993924,-2.737216,87.09009,-0.1425626,-0.07631793,0.04627504,-0.02081358,0.9957917,13.63083,84.4664,7.812683
06.12.2023 14:48:01,0.02396057,0.02537389,0.0006617463,0.9993907,-2.74313,87.08773,-0.1456199,-0.07622915,0.04619834,-0.0206571,0.9958053,13.6217,84.47696,7.793427
06.12.2023 14:48:01,0.02406548,0.02544334,0.0007302481,0.9993863,-2.754941,87.07954,-0.1539722,-0.07602801,0.04620015,-0.02116851,0.9958099,13.59579,84.47306,7.851257
06.12.2023 14:48:01,0.02422884,0.02546268,0.0008178693,0.9993818,-2.773401,87.07703,-0.164551,-0.07556704,0.04615239,-0.02212605,0.9958263,13.53775,84.47207,7.958618
06.12.2023 14:48:01,0.02435737,0.02529479,0.0007606748,0.999383,-2.788322,87.09642,-0.1579018,-0.07502225,0.04604415,-0.02250435,0.995864,13.47348,84.48344,7.998047
06.12.2023 14:48:01,0.02428405,0.02530489,0.0005692118,0.9993846,-2.780475,87.09581,-0.1357638,-0.07471944,0.04616068,-0.02225233,0.9958871,13.43979,84.47327,7.96814
06.12.2023 14:48:01,0.02436624,0.02532288,0.000229294,0.9993823,-2.790879,87.09467,-0.09707981,-0.07465284,0.04627093,-0.02186006,0.9958956,13.43399,84.46412,7.923401
06.12.2023 14:48:01,0.02441616,0.0253691,-0.0001235055,0.9993799,-2.797622,87.09035,-0.05690378,-0.07475757,0.04632669,-0.02194796,0.9958833,13.44534,84.45653,7.934662
06.12.2023 14:48:01,0.02454083,0.02544363,-0.0002515162,0.999375,-2.812277,87.08213,-0.04279979,-0.07513387,0.04643969,-0.02183062,0.9958523,13.48883,84.44303,7.924347
06.12.2023 14:48:01,0.02476285,0.02543813,-0.0002247948,0.9993696,-2.83764,87.08264,-0.04649723,-0.07565767,0.04663417,-0.02142492,0.9958124,13.55063,84.42204,7.882385
06.12.2023 14:48:01,0.02498805,0.02532432,-6.333822E-05,0.9993669,-2.862982,87.0952,-0.06534232,-0.0759955,0.04676813,-0.02132921,0.9957824,13.58954,84.4061,7.874542
06.12.2023 14:48:01,0.02500105,0.02540977,0.0001536839,0.9993644,-2.863834,87.08477,-0.09050948,-0.07640022,0.046853,-0.02126871,0.9957487,13.63608,84.39529,7.870789
06.12.2023 14:48:01,0.02513233,0.02541738,0.0003611238,0.9993609,-2.878271,87.08327,-0.1147009,-0.07678506,0.04685166,-0.02139392,0.9957165,13.67953,84.39289,7.887573
06.12.2023 14:48:01,0.02520832,0.02538797,0.0004506826,0.9993597,-2.886721,87.08636,-0.1251074,-0.07687662,0.04672824,-0.02145414,0.9957139,13.69006,84.4063,7.894012
06.12.2023 14:48:01,0.02522588,0.02547664,0.0005701898,0.9993569,-2.888373,87.07584,-0.1391184,-0.07714297,0.0467204,-0.02176789,0.9956869,13.71887,84.40343,7.931793
06.12.2023 14:48:01,0.02518212,0.02543811,0.0005135278,0.9993591,-2.883529,87.08044,-0.1323817,-0.07710962,0.04682572,-0.02236192,0.9956713,13.7114,84.38617,8.001129
06.12.2023 14:48:01,0.02508499,0.02548475,0.0005564505,0.9993603,-2.872268,87.07499,-0.1371528,-0.07717443,0.04699391,-0.02290732,0.995646,13.71524,84.36166,8.06601
06.12.2023 14:48:01,0.02496529,0.02541094,0.0006090906,0.9993652,-2.858407,87.08334,-0.1426258,-0.07705612,0.04722567,-0.02317146,0.9956381,13.69946,84.33302,8.097809
06.12.2023 14:48:01,0.02485729,0.02526785,0.000605047,0.9993715,-2.846064,87.0998,-0.1414381,-0.07693039,0.04745373,-0.02316694,0.9956371,13.68436,84.30717,8.098511
06.12.2023 14:48:01,0.02491295,0.02513479,0.0006545227,0.9993734,-2.852318,87.11491,-0.1468931,-0.07699735,0.04758429,-0.02267017,0.9956371,13.69446,84.29615,8.042694
06.12.2023 14:48:01,0.02489061,0.02507661,0.0006314559,0.9993754,-2.849833,87.12166,-0.1440174,-0.0771277,0.04768823,-0.02199575,0.9956372,13.71298,84.28953,7.966553
06.12.2023 14:48:01,0.02486219,0.02491388,0.000543454,0.9993803,-2.846851,87.14059,-0.1333809,-0.07706538,0.04757418,-0.02132672,0.995662,13.70999,84.30883,7.887909
06.12.2023 14:48:01,0.0248688,0.02485378,0.000518979,0.9993816,-2.847686,87.14755,-0.1304222,-0.0768322,0.04762784,-0.02074438,0.9956897,13.6864,84.30861,7.819672
06.12.2023 14:48:01,0.02481709,0.02476213,0.0004722161,0.9993852,-2.841906,87.15821,-0.1246514,-0.07658926,0.04765719,-0.0202993,0.9957163,13.66098,84.31,7.767029
06.12.2023 14:48:01,0.02492254,0.02472408,0.0005101003,0.9993835,-2.853887,87.16245,-0.1291873,-0.07646296,0.04751832,-0.02053894,0.9957277,13.64551,84.32444,7.792725
06.12.2023 14:48:02,0.02491113,0.02481884,0.0005666844,0.9993814,-2.852406,87.15141,-0.1359136,-0.07645845,0.04752251,-0.02129252,0.995712,13.64069,84.31741,7.87973
06.12.2023 14:48:02,0.02489137,0.02477275,0.0006234056,0.999383,-2.849986,87.15654,-0.1422293,-0.07658674,0.0475486,-0.02287652,0.9956658,13.6463,84.30011,8.06366
06.12.2023 14:48:02,0.02468101,0.02480884,0.0005606535,0.9993874,-2.826055,87.15264,-0.1345358,-0.07685159,0.04766731,-0.02376788,0.9956188,13.6712,84.27754,8.169281
06.12.2023 14:48:02,0.02451152,0.02488354,0.0004325833,0.9993898,-2.806989,87.14448,-0.1195769,-0.07699525,0.04780115,-0.0230281,0.9956186,13.6915,84.26794,8.085938
06.12.2023 14:48:02,0.0244134,0.0248927,0.0002732878,0.999392,-2.796199,87.1439,-0.1010569,-0.077133,0.04786831,-0.02176511,0.9956332,13.71436,84.2707,7.941528
06.12.2023 14:48:02,0.0243091,0.02513778,0.0002716489,0.9993884,-2.784227,87.11581,-0.1012534,-0.07726709,0.04811286,-0.02156737,0.9956153,13.73016,84.24363,7.921692
06.12.2023 14:48:02,0.02417343,0.02519863,0.0002644149,0.9993901,-2.768696,87.10888,-0.1002002,-0.07734711,0.04817464,-0.02184205,0.9956001,13.73758,84.23375,7.954468
06.12.2023 14:48:02,0.02416741,0.02518675,0.0003796883,0.9993905,-2.767674,87.10992,-0.1133666,-0.07726905,0.04822614,-0.02234385,0.9955925,13.72556,84.22369,8.01239
06.12.2023 14:48:02,0.02407845,0.02529304,0.0005456755,0.9993899,-2.756986,87.09729,-0.1324333,-0.07741855,0.04835955,-0.02232558,0.9955749,13.74243,84.20782,8.01239
06.12.2023 14:48:02,0.02391894,0.02529529,0.0006693319,0.9993936,-2.738349,87.09674,-0.1461524,-0.07756555,0.04853296,-0.02237621,0.9955539,13.75845,84.18673,8.020721
06.12.2023 14:48:02,0.02397185,0.0253656,0.0006633156,0.9993906,-2.744419,87.08868,-0.14581,-0.0779939,0.04875452,-0.02240281,0.995509,13.80679,84.15916,8.028473
06.12.2023 14:48:02,0.0238444,0.02550648,0.0006417247,0.9993901,-2.729858,87.07261,-0.1433473,-0.07845954,0.04875263,-0.02175338,0.9954869,13.86401,84.16331,7.956421
06.12.2023 14:48:02,0.02394151,0.02545733,0.0005188768,0.9993891,-2.741351,87.07855,-0.1294128,-0.07846857,0.04849106,-0.0207056,0.9955212,13.87192,84.20291,7.83313
06.12.2023 14:48:02,0.02382246,0.02544873,0.0004498249,0.9993922,-2.727912,87.07977,-0.1211234,-0.07813698,0.04834221,-0.02076389,0.9955534,13.83395,84.22087,7.836426
06.12.2023 14:48:02,0.02370732,0.02548132,0.0004110815,0.9993941,-2.714828,87.07616,-0.1164328,-0.07788063,0.04824574,-0.02170997,0.995558,13.79935,84.22462,7.943207
06.12.2023 14:48:02,0.02364996,0.02532981,0.0003594168,0.9993993,-2.708424,87.0937,-0.1099302,-0.07754668,0.0480992,-0.02230766,0.9955779,13.758,84.23759,8.00882
06.12.2023 14:48:02,0.02361533,0.02528453,0.0003816499,0.9994013,-2.704395,87.09884,-0.1122557,-0.07744945,0.04795952,-0.0222818,0.9955928,13.74744,84.25437,8.003998
06.12.2023 14:48:02,0.02361364,0.02520598,0.0003068356,0.9994033,-2.704427,87.10806,-0.1034605,-0.07721247,0.04798957,-0.02245844,0.9956058,13.71912,84.25027,8.023163
06.12.2023 14:48:02,0.0235897,0.02517455,0.0002720807,0.9994047,-2.701787,87.11176,-0.09932138,-0.0773003,0.04819205,-0.02226701,0.9955935,13.72971,84.22819,8.003418
06.12.2023 14:48:02,0.02351666,0.02513067,0.0002340756,0.9994075,-2.693532,87.11691,-0.0946342,-0.07774898,0.04843022,-0.02216113,0.9955494,13.78107,84.19979,7.996124
06.12.2023 14:48:02,0.02345544,0.02511078,0.0002789463,0.9994094,-2.68639,87.11909,-0.09954813,-0.07820085,0.04876221,-0.02217109,0.9954975,13.83185,84.1595,8.003113
06.12.2023 14:48:02,0.02344891,0.02513518,0.0002261106,0.999409,-2.685791,87.11643,-0.09353724,-0.07853653,0.04897748,-0.02181046,0.9954685,13.87186,84.13648,7.965546
06.12.2023 14:48:02,0.02328687,0.02522808,0.0003437741,0.9994104,-2.666874,87.1055,-0.1068067,-0.07889385,0.04924219,-0.02106136,0.9954433,13.91647,84.11116,7.883698
06.12.2023 14:48:02,0.02329707,0.02518503,0.0003268423,0.9994113,-2.668097,87.11048,-0.1047801,-0.07915571,0.04956342,-0.02061591,0.9954159,13.94824,84.07698,7.836823
06.12.2023 14:48:02,0.02324367,0.02513099,0.0002914605,0.9994139,-2.662086,87.11678,-0.1004249,-0.07930264,0.04977738,-0.02069387,0.995392,13.96402,84.05095,7.848724
06.12.2023 14:48:02,0.02327208,0.02530001,0.0002669045,0.999409,-2.665395,87.09745,-0.09814282,-0.07920434,0.04966248,-0.02146858,0.9953891,13.94846,84.05764,7.936523
06.12.2023 14:48:02,0.02314114,0.02525591,0.0003085753,0.9994131,-2.650275,87.10243,-0.1024221,-0.07915116,0.04951685,-0.02146086,0.9954007,13.94284,84.07478,7.93396
06.12.2023 14:48:02,0.02305524,0.02522338,0.0003273914,0.9994159,-2.640382,87.10613,-0.1042437,-0.07897387,0.04924754,-0.02106659,0.9954366,13.9256,84.11019,7.884857
06.12.2023 14:48:02,0.02309684,0.02532771,0.0003361802,0.9994123,-2.645112,87.09413,-0.1056483,-0.07870647,0.04916487,-0.02090751,0.9954652,13.89612,84.12222,7.864014
06.12.2023 14:48:02,0.02297342,0.02529556,0.0004038457,0.9994159,-2.630776,87.09767,-0.1129615,-0.07855776,0.04896801,-0.02096128,0.9954855,13.8793,84.14509,7.867493
06.12.2023 14:48:02,0.02287911,0.02533383,0.0003988731,0.9994171,-2.61998,87.09332,-0.1122173,-0.07865155,0.04886329,-0.02117111,0.9954789,13.88913,84.15497,7.891388
06.12.2023 14:48:02,0.02282328,0.02531011,0.0004126489,0.999419,-2.613545,87.09602,-0.1135717,-0.07896979,0.04892119,-0.02168726,0.9954397,13.92245,84.1424,7.953583
06.12.2023 14:48:02,0.02283929,0.02533153,0.0004533992,0.9994181,-2.615259,87.09345,-0.1183463,-0.07943845,0.04893034,-0.02200526,0.9953949,13.97433,84.13662,7.993408
06.12.2023 14:48:02,0.02283707,0.02532611,0.0004870228,0.9994183,-2.614907,87.09399,-0.1221803,-0.0805191,0.04891963,-0.02133995,0.9953232,14.10226,84.13966,7.92337
06.12.2023 14:48:02,0.02293053,0.02515439,0.000583264,0.9994204,-2.62536,87.11341,-0.1330349,-0.08141149,0.04894557,-0.01997653,0.9952776,14.21262,84.14581,7.771759
06.12.2023 14:48:02,0.02301903,0.02515169,0.0005735435,0.9994184,-2.635529,87.11372,-0.1321697,-0.08186469,0.04912039,-0.01897129,0.9952515,14.27005,84.13325,7.660095
06.12.2023 14:48:02,0.02310475,0.02499968,0.0005122015,0.9994203,-2.645547,87.1313,-0.1249826,-0.0821078,0.04931013,-0.01840719,0.9952326,14.30078,84.11566,7.598236
06.12.2023 14:48:02,0.02306697,0.0250599,0.0003918608,0.9994197,-2.641556,87.12472,-0.1112365,-0.08198293,0.04928183,-0.01755166,0.9952598,14.29156,84.1274,7.498291
06.12.2023 14:48:02,0.02322064,0.02505242,7.34963E-06,0.9994164,-2.660272,87.12656,-0.06757628,-0.08181725,0.04913051,-0.0166081,0.9952971,14.27847,84.15434,7.386719
06.12.2023 14:48:02,0.02320996,0.02506229,-0.0003390147,0.9994164,-2.660043,87.12635,-0.02786177,-0.0817267,0.04899048,-0.01643941,0.9953142,14.26941,84.17245,7.365356
06.12.2023 14:48:02,0.02337882,0.02514714,-0.0006580497,0.9994102,-2.680309,87.11745,5.007996,-0.08163898,0.04902446,-0.01836827,0.995286,14.24796,84.1508,7.588074
06.12.2023 14:48:02,0.02346516,0.02510539,-0.0007171476,0.9994091,-2.690372,87.12238,5.014648,-0.08095118,0.04959121,-0.02126872,0.9952564,14.1503,84.06085,7.924133
06.12.2023 14:48:02,0.02349281,0.02514104,-0.0005691063,0.9994077,-2.693115,87.11789,-0.002508262,-0.08075424,0.04983173,-0.02124522,0.9952609,14.12714,84.03399,7.922363
06.12.2023 14:48:02,0.02351094,0.02517884,-0.0003200787,0.9994064,-2.694472,87.11288,-0.03121367,-0.08091277,0.04989164,-0.01999209,0.995271,14.15265,84.03799,7.779144
06.12.2023 14:48:02,0.02349025,0.02514293,5.63219E-05,0.9994078,-2.691017,87.11599,-0.0742114,-0.08154147,0.0498145,-0.01769577,0.995267,14.23871,84.0659,7.51709
06.12.2023 14:48:02,0.02348109,0.02530289,0.000217744,0.999404,-2.689487,87.09721,-0.09312272,-0.08246475,0.04945474,-0.01738878,0.9952143,14.34741,84.10722,7.484161
06.12.2023 14:48:02,0.0235197,0.02538212,0.0002453497,0.9994011,-2.693824,87.08804,-0.09661382,-0.0835911,0.04914705,-0.01784169,0.9951276,14.47479,84.13458,7.540802
06.12.2023 14:48:02,0.02345098,0.02535992,0.0002088218,0.9994033,-2.686058,87.0907,-0.09216553,-0.08472043,0.04893188,-0.01767531,0.9950456,14.60599,84.1571,7.526672
06.12.2023 14:48:02,0.02349395,0.02534964,0.0001367471,0.9994026,-2.691192,87.09206,-0.08399989,-0.08547863,0.04872493,-0.01680186,0.9950061,14.69864,84.18694,7.428436
06.12.2023 14:48:02,0.02335047,0.02537482,0.0001739039,0.9994053,-2.674641,87.0891,-0.08790897,-0.0858245,0.04837031,-0.01613555,0.9950046,14.74307,84.23341,7.350006
06.12.2023 14:48:02,0.02326268,0.02527318,8.660004E-05,0.9994099,-2.664843,87.10101,-0.07737233,-0.08550699,0.04796096,-0.01656293,0.9950447,14.70514,84.27776,7.393433
06.12.2023 14:48:02,0.02318891,0.02518504,0.0001684771,0.9994138,-2.656161,87.11092,-0.08631055,-0.0851481,0.04746886,-0.0170629,0.9950907,14.66226,84.33115,7.444244
06.12.2023 14:48:02,0.02320584,0.02499308,8.113498E-05,0.9994183,-2.658367,87.13317,-0.07583503,-0.08503031,0.04718706,-0.01816795,0.9950945,14.64319,84.35347,7.568604
06.12.2023 14:48:02,0.02333283,0.02480976,4.562816E-05,0.9994199,-2.673034,87.15427,-0.0716385,-0.08560498,0.04699095,-0.01894107,0.9950401,14.70529,84.36657,7.659698
06.12.2023 14:48:02,0.02343876,0.02470162,-7.700447E-05,0.99942,-2.685527,87.16698,-0.05759001,-0.08655414,0.04686635,-0.01955206,0.9949521,14.81119,84.37146,7.735046
06.12.2023 14:48:02,0.02353275,0.02463511,-0.0001354685,0.9994195,-2.696467,87.17476,-0.05097429,-0.08804263,0.04696156,-0.0197042,0.994814,14.98099,84.35326,7.762878
06.12.2023 14:48:02,0.02368888,0.02455695,-0.0001657805,0.9994177,-2.714447,87.18378,-0.04772853,-0.08856121,0.04671507,-0.01803747,0.9948112,15.05063,84.3968,7.570587
06.12.2023 14:48:02,0.02370213,0.02456478,-0.0001255324,0.9994172,-2.715851,87.18277,-0.05240181,-0.08840369,0.04686194,-0.01584515,0.9948556,15.04449,84.40257,7.31723
06.12.2023 14:48:02,0.0235848,0.02447969,-0.000222845,0.9994221,-2.702684,87.19281,-0.04068312,-0.08862524,0.04727393,-0.0156253,0.9948199,15.07022,84.35625,7.297363
06.12.2023 14:48:02,0.02357452,0.02458595,-0.0002477132,0.9994197,-2.701572,87.18069,-0.03809046,-0.08840272,0.04759889,-0.01755738,0.994792,15.03287,84.29969,7.52301
06.12.2023 14:48:02,0.02342343,0.02460776,-0.0004006911,0.9994227,-2.68469,87.17863,-0.02018319,-0.08785482,0.04769752,-0.01899047,0.9948094,14.96149,84.27578,7.686523
06.12.2023 14:48:02,0.02336275,0.02465435,-0.000492653,0.9994229,-2.677996,87.17354,-0.009593179,-0.08823898,0.04762992,-0.01827641,0.9947921,15.00989,84.28941,7.60556
06.12.2023 14:48:02,0.02325076,0.02485604,-0.0005789263,0.9994205,-2.665407,87.15064,7.672252E-05,-0.08892067,0.04748622,-0.01751269,0.994752,15.0929,84.31136,7.519928
06.12.2023 14:48:02,0.0232852,0.0249646,-0.000587047,0.9994169,-2.669377,87.13821,0.0006193444,-0.09025106,0.04747282,-0.0184261,0.9946163,15.24054,84.29866,7.633942
06.12.2023 14:48:02,0.02333502,0.02507775,-0.0005325546,0.999413,-2.674929,87.12508,-0.006073994,-0.09142653,0.04764435,-0.01963859,0.9944775,15.36813,84.26163,7.783661
06.12.2023 14:48:02,0.02324821,0.02519797,-0.0004022372,0.9994121,-2.664604,87.11095,-0.02108553,-0.09252257,0.04784091,-0.02025313,0.9943544,15.48993,84.228,7.863983
06.12.2023 14:48:02,0.0232359,0.02533061,-0.0003970571,0.999409,-2.663176,87.09572,-0.02199751,-0.09330866,0.04810727,-0.0199117,0.994275,15.58145,84.19756,7.832336
06.12.2023 14:48:02,0.02312651,0.02543409,-0.0004482529,0.9994089,-2.650788,87.084,-0.01608454,-0.09370346,0.04844338,-0.01979938,0.9942238,15.6265,84.15813,7.8255
06.12.2023 14:48:02,0.02305306,0.02554498,-0.0005905961,0.9994076,-2.642787,87.07167,0.000155599,-0.09293782,0.04880258,-0.01970493,0.99428,15.53809,84.12046,7.813416
06.12.2023 14:48:02,0.0230445,0.02557101,-0.0006602496,0.9994072,-2.642011,87.06886,5.008087,-0.09158903,0.04899143,-0.0193227,0.9944033,15.38489,84.10789,7.762299
06.12.2023 14:48:02,0.02304466,0.02572673,-0.0007353018,0.9994031,-2.642252,87.0512,5.016296,-0.09076428,0.04905154,-0.01911097,0.9944801,15.29123,84.10633,7.733032
06.12.2023 14:48:02,0.02302966,0.02574396,-0.0008293752,0.9994029,-2.64081,87.04948,5.027069,-0.09018951,0.04899283,-0.02000763,0.9945176,15.22009,84.10609,7.83255
06.12.2023 14:48:02,0.0228877,0.02576355,-0.0008421866,0.9994057,-2.624583,87.04727,5.0289,-0.09050255,0.0487538,-0.02130684,0.9944739,15.24905,84.11914,7.982635
06.12.2023 14:48:02,0.023035,0.02574477,-0.0008998558,0.9994028,-2.64163,87.04957,5.035126,-0.09069955,0.04889499,-0.02138023,0.9944475,15.27081,84.10117,7.993896
06.12.2023 14:48:02,0.02301673,0.02587557,-0.000874832,0.9993998,-2.639467,87.0345,5.031982,-0.09147023,0.04918376,-0.0203007,0.9943853,15.3649,84.07577,7.876892
06.12.2023 14:48:02,0.02307403,0.02590058,-0.0008748829,0.9993978,-2.646034,87.03162,5.031738,-0.09218033,0.04951417,-0.01935487,0.9943222,15.45114,84.04452,7.775452
06.12.2023 14:48:02,0.02288554,0.02597342,-0.001081593,0.9994001,-2.625054,87.02383,5.055817,-0.09256335,0.0496846,-0.01878375,0.994289,15.49811,84.02927,7.713593
06.12.2023 14:48:02,0.02289642,0.02605239,-0.001200093,0.9993976,-2.626659,87.01508,5.069153,-0.09265871,0.04981485,-0.0185417,0.9942782,15.51016,84.01635,7.687561
06.12.2023 14:48:02,0.02279136,0.02613625,-0.001294993,0.9993977,-2.61491,87.00571,5.080139,-0.09237703,0.04967406,-0.0187198,0.9943081,15.47711,84.03191,7.704834
06.12.2023 14:48:02,0.02277716,0.02619748,-0.001307871,0.9993964,-2.613328,86.99873,5.081482,-0.09174412,0.04948226,-0.01928289,0.9943655,15.40158,84.0507,7.763885
06.12.2023 14:48:02,0.02270156,0.0263471,-0.001320981,0.9993942,-2.604717,86.9816,5.082825,-0.09113588,0.0493631,-0.0197842,0.9944175,15.32904,84.06168,7.816742
06.12.2023 14:48:02,0.02277758,0.0263598,-0.001254763,0.9993922,-2.613228,86.97997,5.074982,-0.09048117,0.0492878,-0.02025773,0.9944715,15.25125,84.06811,7.866516
06.12.2023 14:48:02,0.0226625,0.02638604,-0.001253479,0.9993941,-2.60004,86.97696,5.075104,-0.09007569,0.04911571,-0.02054849,0.9945108,15.20346,84.0867,7.895721
06.12.2023 14:48:02,0.02273828,0.02634231,-0.001164123,0.9993937,-2.60845,86.98174,5.064758,-0.09022558,0.04917805,-0.02047258,0.9944957,15.22095,84.07965,7.88858
06.12.2023 14:48:02,0.02284437,0.0263488,-0.001042108,0.9993913,-2.620238,86.98067,5.050415,-0.09063943,0.04938412,-0.02025878,0.9944523,15.26913,84.05627,7.868652
06.12.2023 14:48:02,0.02292177,0.02643476,-0.001107226,0.9993871,-2.629308,86.97096,5.057434,-0.09124556,0.04967308,-0.01960171,0.9943956,15.34186,84.02716,7.799561
06.12.2023 14:48:02,0.02301026,0.02637522,-0.001115862,0.9993867,-2.63947,86.97781,5.058319,-0.09172296,0.04985337,-0.01917296,0.994351,15.39877,84.00884,7.754944
06.12.2023 14:48:02,0.02303462,0.02636622,-0.00106036,0.9993864,-2.642094,86.9787,5.05188,-0.0923047,0.05012406,-0.01817274,0.9943024,15.47089,83.9857,7.645752
06.12.2023 14:48:02,0.02309414,0.02643812,-0.00110465,0.9993831,-2.649051,86.97056,5.05661,-0.09253751,0.05008019,-0.01771368,0.9942912,15.50052,83.99479,7.593597
06.12.2023 14:48:02,0.02303138,0.02639569,-0.001054194,0.9993857,-2.641705,86.9753,5.051117,-0.09266733,0.0501093,-0.01851773,0.9942631,15.5105,83.98236,7.687988
06.12.2023 14:48:03,0.0231101,0.02638382,-0.001103133,0.9993842,-2.650873,86.97678,5.056519,-0.09296518,0.05018296,-0.01991526,0.9942045,15.53604,83.95775,7.852753
06.12.2023 14:48:03,0.02311269,0.02637124,-0.001007611,0.9993845,-2.65088,86.97797,5.045593,-0.09277871,0.05014186,-0.02020092,0.9942182,15.513,83.96024,7.884186
06.12.2023 14:48:03,0.02319623,0.02617812,-0.0009302445,0.9993877,-2.660211,86.99992,5.036987,-0.092203,0.0496766,-0.01927376,0.9943135,15.4538,84.02642,7.767914
06.12.2023 14:48:03,0.02328898,0.02607746,-0.0007830189,0.9993883,-2.670395,87.01106,5.020111,-0.09177835,0.0493355,-0.01830546,0.9943881,15.41171,84.0779,7.649292
06.12.2023 14:48:03,0.0233806,0.02607892,-0.0006318101,0.9993863,-2.68044,87.01048,0.002487249,-0.09133635,0.04907835,-0.01798743,0.9944474,15.36353,84.11277,7.606842
06.12.2023 14:48:03,0.0234893,0.02600667,-0.0006370718,0.9993856,-2.692912,87.01877,0.00295994,-0.09119526,0.04891784,-0.01891978,0.9944509,15.34222,84.12218,7.71228
06.12.2023 14:48:03,0.02369995,0.02593808,-0.000880497,0.9993822,-2.717772,87.02727,5.030426,-0.0915879,0.04881864,-0.01965318,0.9944054,15.38327,84.12449,7.798767
06.12.2023 14:48:03,0.02381911,0.0259914,-0.001226459,0.9993776,-2.732458,87.02208,5.06958,-0.09186,0.0488617,-0.01920359,0.994387,15.41705,84.12315,7.748901
06.12.2023 14:48:03,0.02392811,0.02604719,-0.001479451,0.9993732,-2.745708,87.01637,5.098114,-0.09202928,0.04911746,-0.01835451,0.9943748,15.44083,84.10175,7.654297
06.12.2023 14:48:03,0.02407605,0.02614166,-0.001667996,0.9993669,-2.763233,87.00604,5.119019,-0.09214932,0.04951618,-0.01785181,0.9943531,15.45657,84.0603,7.601044
06.12.2023 14:48:03,0.02418339,0.02613819,-0.001593055,0.9993646,-2.775308,87.00623,5.110138,-0.09204201,0.05017303,-0.0178697,0.9943298,15.44241,83.98422,7.609406
06.12.2023 14:48:03,0.02423527,0.02611999,-0.001289671,0.9993642,-2.780343,87.00748,5.075226,-0.09140933,0.05040501,-0.01845279,0.9943658,15.3656,83.95355,7.675201
06.12.2023 14:48:03,0.02424437,0.02612284,-0.0009753206,0.9993643,-2.780444,87.00627,5.039154,-0.0905256,0.05049713,-0.01883219,0.9944348,15.26154,83.94231,7.714233
06.12.2023 14:48:03,0.02419703,0.02628066,-0.0007616687,0.9993615,-2.774382,86.98758,5.014374,-0.08972288,0.05049322,-0.01881899,0.994508,15.16943,83.946,7.707336
06.12.2023 14:48:03,0.02417838,0.02644032,-0.0005647739,0.9993578,-2.771652,86.96871,-0.008589853,-0.08911612,0.05037829,-0.01863891,0.9945717,15.10117,83.96352,7.681244
06.12.2023 14:48:03,0.02410972,0.02648775,-0.0005906366,0.9993582,-2.763862,86.96336,-0.005547503,-0.08869229,0.05037563,-0.01822152,0.9946175,15.05502,83.96968,7.630096
06.12.2023 14:48:03,0.02405571,0.026467,-0.000645217,0.99936,-2.757839,86.9659,0.0009317324,-0.08871479,0.05039288,-0.01768206,0.9946244,15.06082,83.97308,7.567963
06.12.2023 14:48:03,0.0239248,0.02650291,-0.0006974938,0.9993622,-2.742997,86.96194,5.007233,-0.08914116,0.05043172,-0.01736459,0.9945899,15.1116,83.97023,7.534393
06.12.2023 14:48:03,0.02377241,0.02645494,-0.0005819796,0.9993672,-2.725185,86.96715,-0.005424749,-0.08963364,0.05032335,-0.01731154,0.994552,15.16876,83.98154,7.530396
06.12.2023 14:48:03,0.02373496,0.02633524,-0.0005486916,0.9993712,-2.720794,86.9808,-0.008801302,-0.09004763,0.05031487,-0.01717657,0.9945174,15.21716,83.98241,7.517395
06.12.2023 14:48:03,0.02375722,0.02628758,-0.0004615448,0.999372,-2.723083,86.98602,-0.01872992,-0.09045395,0.05055924,-0.01736923,0.9944648,15.26202,83.95055,7.544952
06.12.2023 14:48:03,0.02385934,0.02617144,-0.0004074079,0.9993726,-2.734624,86.99918,-0.02492695,-0.09022515,0.05072487,-0.01766973,0.9944718,15.23349,83.92905,7.579956
06.12.2023 14:48:03,0.0240015,0.02609503,-0.0004446999,0.9993712,-2.751027,87.00803,-0.02086821,-0.08959875,0.05091193,-0.0173692,0.9945242,15.1629,83.91276,7.542908
06.12.2023 14:48:03,0.02400327,0.02587397,-0.0004873398,0.9993769,-2.75136,87.03351,-0.0153757,-0.08856948,0.05117464,-0.01690996,0.9946108,15.04688,83.89072,7.485565
06.12.2023 14:48:03,0.02404952,0.02582532,-0.0004600791,0.9993771,-2.756581,87.039,-0.01850437,-0.08761838,0.05129556,-0.01666201,0.994693,14.93887,83.88261,7.451752
06.12.2023 14:48:03,0.0239575,0.02580881,-0.0004351853,0.9993798,-2.745963,87.04085,-0.02104015,-0.08659528,0.05123011,-0.01689601,0.994782,14.82013,83.89153,7.471375
06.12.2023 14:48:03,0.02390723,0.02563966,-0.0002960414,0.9993853,-2.739797,87.05988,-0.03638019,-0.08577732,0.05144145,-0.01815832,0.9948198,14.71793,83.85757,7.614044
06.12.2023 14:48:03,0.02380552,0.02558048,-0.0002379885,0.9993893,-2.727973,87.06653,-0.04257469,-0.0852506,0.05164774,-0.01882882,0.9948419,14.65277,83.82907,7.690094
06.12.2023 14:48:03,0.02358976,0.025509,-0.0003578953,0.9993962,-2.703605,87.07509,-0.02799977,-0.0849755,0.05186944,-0.01845833,0.9948608,14.62289,83.80801,7.647552
06.12.2023 14:48:03,0.02352513,0.02559343,-0.0003617104,0.9993955,-2.696208,87.06543,-0.02760094,-0.0850964,0.05200581,-0.01715172,0.9948668,14.64453,83.80445,7.498566
06.12.2023 14:48:03,0.02344452,0.02561583,-0.0003203287,0.9993969,-2.686848,87.06276,-0.03216859,-0.0851488,0.05209275,-0.01604536,0.9948762,14.65723,83.80495,7.371796
06.12.2023 14:48:03,0.02336618,0.02567437,-0.0004260785,0.9993972,-2.678182,87.05634,-0.01997111,-0.08497468,0.05239972,-0.01595269,0.9948764,14.63708,83.77087,7.362915
06.12.2023 14:48:03,0.02336458,0.02573962,-0.000366415,0.9993955,-2.677821,87.04869,-0.02698161,-0.08453981,0.05268402,-0.01651683,0.9948893,14.58295,83.73396,7.427979
06.12.2023 14:48:03,0.0232284,0.02572572,-0.000216859,0.9993991,-2.661776,87.04991,-0.04368806,-0.08394934,0.05272355,-0.01714437,0.9949266,14.51111,83.72543,7.496918
06.12.2023 14:48:03,0.02312141,0.02583057,-0.0002196315,0.9993989,-2.64952,87.03791,-0.0433321,-0.08254717,0.05285089,-0.01781757,0.9950253,14.34564,83.70936,7.566437
06.12.2023 14:48:03,0.02303585,0.02590081,-0.0001862917,0.9993991,-2.639614,87.02978,-0.04708607,-0.08156927,0.0530546,-0.01763908,0.9950983,14.23401,83.69098,7.541046
06.12.2023 14:48:03,0.02289505,0.02595821,-0.0001682727,0.9994009,-2.623425,87.02317,-0.04888361,-0.08073137,0.05312948,-0.01704837,0.9951729,14.14142,83.69077,7.467773
06.12.2023 14:48:03,0.02287716,0.02597634,-0.0001735312,0.9994007,-2.62139,87.02111,-0.04827499,-0.08025725,0.05321858,-0.01708936,0.9952058,14.08655,83.68175,7.470093
06.12.2023 14:48:03,0.02276451,0.02600645,-0.0002643536,0.9994025,-2.608752,87.01791,-0.03760538,-0.07988733,0.05324119,-0.01708451,0.9952344,14.04407,83.68047,7.467224
06.12.2023 14:48:03,0.02266484,0.02597996,-0.0002331563,0.9994055,-2.597239,87.02089,-0.0408152,-0.0796828,0.05324069,-0.01706917,0.9952511,14.02069,83.68139,7.46405
06.12.2023 14:48:03,0.02260765,0.02594794,-0.0002468188,0.9994076,-2.590728,87.02461,-0.03899519,-0.07968834,0.05362339,-0.01706633,0.9952301,14.02042,83.63708,7.467255
06.12.2023 14:48:03,0.02247476,0.0258567,-0.0001911466,0.999413,-2.575339,87.03496,-0.04474606,-0.07961043,0.05413117,-0.0172001,0.9952066,14.00934,83.57733,7.486816
06.12.2023 14:48:03,0.02241861,0.02582913,-0.0002208766,0.999415,-2.568995,87.03821,-0.04110011,-0.07963847,0.05479749,-0.01738431,0.9951647,14.0097,83.4984,7.514343
06.12.2023 14:48:03,0.02245043,0.02580531,-0.0003638518,0.9994148,-2.573065,87.0413,-0.0247425,-0.07891533,0.05523678,-0.01721733,0.9952009,13.92673,83.45162,7.493988
06.12.2023 14:48:03,0.02239403,0.02567276,-0.0003293544,0.9994195,-2.566504,87.05643,-0.02818953,-0.07825279,0.05549433,-0.01727553,0.9952379,13.8497,83.42365,7.498352
06.12.2023 14:48:03,0.0224426,0.02574764,-0.0003897676,0.9994165,-2.572246,87.04798,-0.0215998,-0.07745475,0.05565325,-0.01733478,0.9952905,13.75735,83.40756,7.500977
06.12.2023 14:48:03,0.02243209,0.02565204,-0.0004020654,0.9994192,-2.571079,87.05898,-0.01991278,-0.0769275,0.05575795,-0.01736325,0.995325,13.69644,83.39707,7.501434
06.12.2023 14:48:03,0.02245698,0.02564751,-0.0003371794,0.9994187,-2.573742,87.05933,-0.027413,-0.07681748,0.05576333,-0.01742469,0.9953321,13.68341,83.3963,7.507813
06.12.2023 14:48:03,0.02238798,0.02558352,-0.0004089184,0.9994219,-2.566047,87.06686,-0.0188212,-0.07699698,0.05529907,-0.01717469,0.9953485,13.70679,83.45158,7.476135
06.12.2023 14:48:03,0.0223701,0.0256527,-0.0003955787,0.9994205,-2.563958,87.0589,-0.02047554,-0.07707287,0.05485689,-0.01722913,0.9953661,13.71625,83.50202,7.479034
06.12.2023 14:48:03,0.02225286,0.02565771,-0.0003680095,0.999423,-2.550443,87.05827,-0.02330353,-0.07694961,0.05470641,-0.01729213,0.9953828,13.70209,83.51932,7.484131
06.12.2023 14:48:03,0.02232409,0.02565343,-0.0003392734,0.9994215,-2.558521,87.05868,-0.02679673,-0.07681983,0.05473008,-0.01737772,0.9953901,13.68658,83.51629,7.493317
06.12.2023 14:48:03,0.02231624,0.0256659,-0.0002528438,0.9994214,-2.557365,87.05703,-0.03671373,-0.07716943,0.05511945,-0.01818011,0.9953272,13.72046,83.46294,7.591797
06.12.2023 14:48:03,0.02226546,0.02571251,-0.0003234249,0.9994214,-2.551754,87.05187,-0.0285918,-0.07738245,0.05529534,-0.0187139,0.995291,13.74091,83.43712,7.656464
06.12.2023 14:48:03,0.02230567,0.02568403,-0.0002515855,0.9994212,-2.55615,87.05495,-0.03687323,-0.0775697,0.055538,-0.01856199,0.9952658,13.76273,83.40967,7.642426
06.12.2023 14:48:03,0.02230413,0.02572271,-0.0002752851,0.9994202,-2.556042,87.05057,-0.03425078,-0.07762445,0.05561553,-0.01713724,0.9952827,13.77823,83.41307,7.479034
06.12.2023 14:48:03,0.02225294,0.02575415,-0.0002060154,0.9994206,-2.549971,87.0468,-0.04212082,-0.07770265,0.05558772,-0.01590518,0.9952986,13.79541,83.42691,7.337097
06.12.2023 14:48:03,0.02228712,0.02582791,-0.0001108188,0.999418,-2.553603,87.03809,-0.05332376,-0.07767011,0.0553182,-0.01549345,0.9953227,13.79498,83.46186,7.286957
06.12.2023 14:48:03,0.02231382,0.02570534,-0.0001311862,0.9994205,-2.556729,87.05219,-0.05075435,-0.07741983,0.05490621,-0.01658026,0.9953475,13.76016,83.50081,7.407013
06.12.2023 14:48:03,0.02231016,0.0257456,-0.000142709,0.9994195,-2.556341,87.04761,-0.04952562,-0.07726283,0.05458568,-0.0174637,0.9953622,13.73718,83.53069,7.505066
06.12.2023 14:48:03,0.02237331,0.02570765,-0.0002117012,0.9994191,-2.563782,87.05212,-0.04170574,-0.07741194,0.05422763,-0.01825867,0.9953559,13.75006,83.5646,7.594696
06.12.2023 14:48:03,0.02229502,0.02566704,-0.0001549603,0.9994219,-2.554646,87.05666,-0.0478754,-0.07754289,0.05381496,-0.01790443,0.9953746,13.76843,83.61501,7.551056
06.12.2023 14:48:03,0.02232415,0.02556578,-2.053847E-05,0.9994239,-2.557595,87.06792,-0.06311203,-0.07771142,0.05341639,-0.01756425,0.995389,13.79095,83.66355,7.509369
06.12.2023 14:48:03,0.0223359,0.0254839,7.1523E-06,0.9994256,-2.558866,87.07724,-0.06611126,-0.07803546,0.05321645,-0.01733191,0.9953784,13.83011,83.68761,7.482971
06.12.2023 14:48:03,0.02233157,0.02545866,1.128249E-05,0.9994264,-2.558358,87.08012,-0.06650738,-0.07816566,0.05334242,-0.01728232,0.9953623,13.84503,83.67302,7.479279
06.12.2023 14:48:03,0.02235665,0.02539264,-8.758051E-05,0.9994276,-2.561525,87.08794,-0.05507778,-0.07828823,0.05324831,-0.01776431,0.9953492,13.85626,83.67918,7.534912
06.12.2023 14:48:03,0.02237365,0.02539704,-0.0003513366,0.999427,-2.564241,87.08811,-0.02490152,-0.07826675,0.05320809,-0.0182394,0.9953445,13.85089,83.67969,7.589264
06.12.2023 14:48:03,0.02254311,0.02549485,-0.0006836102,0.9994205,-2.584627,87.07773,5.012451,-0.07789654,0.05304695,-0.01789664,0.9953883,13.811,83.70271,7.545715
06.12.2023 14:48:03,0.02266392,0.02549862,-0.0008115885,0.9994176,-2.598845,87.07761,5.026764,-0.0777811,0.0530825,-0.01722873,0.9954072,13.80191,83.70493,7.46814
06.12.2023 14:48:03,0.02288976,0.02559047,-0.0008103898,0.9994101,-2.624721,87.06705,5.025726,-0.0779445,0.05319095,-0.01605832,0.9954082,13.82779,83.7022,7.335083
06.12.2023 14:48:03,0.02309422,0.02557516,-0.000683861,0.9994059,-2.647777,87.06844,5.010651,-0.07841421,0.05299308,-0.01536667,0.9953928,13.88647,83.72971,7.256622
06.12.2023 14:48:03,0.02319049,0.02557728,-0.0003142697,0.9994038,-2.657725,87.06721,-0.03201322,-0.07895651,0.05280171,-0.01530373,0.9953611,13.94952,83.75066,7.251251
06.12.2023 14:48:03,0.02317858,0.02564491,-8.183024E-05,0.9994024,-2.655674,87.05884,-0.0588064,-0.0794775,0.05250683,-0.01575798,0.9953281,14.00714,83.77898,7.304535
06.12.2023 14:48:03,0.02311036,0.02573085,1.193736E-05,0.9994017,-2.647574,87.04874,-0.06958318,-0.07939284,0.05241047,-0.01695966,0.9953202,13.99017,83.77953,7.441895
06.12.2023 14:48:03,0.02303441,0.02573084,4.750399E-05,0.9994035,-2.638767,87.04866,-0.07343601,-0.07941526,0.05236608,-0.01818043,0.9952992,13.98523,83.77354,7.582642
06.12.2023 14:48:03,0.02293137,0.02567391,-4.804622E-05,0.9994074,-2.627246,87.05547,-0.06202717,-0.07933829,0.05208693,-0.01936363,0.9952977,13.96976,83.79546,7.716248
06.12.2023 14:48:03,0.02288243,0.0256236,-9.815622E-05,0.9994097,-2.621788,87.06138,-0.05600588,-0.07916219,0.05152908,-0.02006238,0.9953269,13.94678,83.8544,7.79071
06.12.2023 14:48:03,0.0229389,0.02552172,-1.681911E-05,0.999411,-2.628027,87.07285,-0.06522892,-0.07904986,0.05097126,-0.02028552,0.99536,13.93408,83.9174,7.810699
06.12.2023 14:48:03,0.02298313,0.02546837,1.936003E-05,0.9994114,-2.632993,87.07886,-0.06936579,-0.07922895,0.05015475,-0.0199123,0.9953948,13.95917,84.0146,7.761383
06.12.2023 14:48:03,0.02299027,0.02535329,0.0001027282,0.9994141,-2.633576,87.09184,-0.07864098,-0.07968364,0.04890594,-0.01790835,0.9954587,14.02655,84.17569,7.521423
06.12.2023 14:48:03,0.02315539,0.02520465,0.0002011999,0.9994141,-2.652224,87.1086,-0.0900171,-0.08029893,0.04792486,-0.01613812,0.9954873,14.10977,84.30339,7.311707
06.12.2023 14:48:03,0.02330806,0.02505598,0.0001682718,0.9994143,-2.669825,87.1257,-0.0862871,-0.08084939,0.0474516,-0.01592411,0.9954689,14.17526,84.35838,7.28598
06.12.2023 14:48:03,0.0234494,0.02491068,0.0002258253,0.9994146,-2.68587,87.14219,-0.0929022,-0.0806134,0.04795041,-0.02310176,0.9953234,14.10577,84.23534,8.118652
06.12.2023 14:48:03,0.02354171,0.02488953,0.0001486522,0.999413,-2.696669,87.1448,-0.08426166,-0.07997078,0.04825968,-0.01977064,0.995432,14.05038,84.23251,7.732483
06.12.2023 14:48:03,0.02351371,0.02479037,0.0002487996,0.9994161,-2.693184,87.15591,-0.09539606,-0.07853362,0.0492585,-0.02019596,0.9954889,13.88022,84.1184,7.781555
06.12.2023 14:48:03,0.02345955,0.02477748,0.0003839105,0.9994177,-2.686595,87.15704,-0.1106975,-0.07773929,0.04977354,-0.0206312,0.9955168,13.78503,84.05792,7.831299
06.12.2023 14:48:03,0.02338921,0.02472343,0.000363697,0.9994206,-2.678598,87.16331,-0.1080344,-0.07719561,0.05012226,-0.02024664,0.9955494,13.72397,84.02301,7.786469
06.12.2023 14:48:03,0.02339615,0.02468632,0.0003062343,0.9994214,-2.679561,87.16772,-0.1013665,-0.07768586,0.05005103,-0.01921029,0.9955354,13.78662,84.03858,7.669342
06.12.2023 14:48:03,0.02332392,0.02473338,0.0001991995,0.999422,-2.671583,87.16263,-0.08901569,-0.07883649,0.04963069,-0.01881019,0.9954737,13.92215,84.08664,7.626801
06.12.2023 14:48:04,0.02336677,0.02474416,3.454143E-05,0.9994207,-2.676959,87.16182,-0.0702884,-0.07974826,0.04918053,-0.01851999,0.9954288,14.02966,84.13811,7.595001
06.12.2023 14:48:04,0.02338504,0.024702,0.0001880309,0.9994213,-2.678621,87.16624,-0.08782491,-0.08027543,0.04851491,-0.01762376,0.9954354,14.09711,84.22151,7.488678
06.12.2023 14:48:04,0.02342759,0.02471141,0.000287894,0.99942,-2.683212,87.16489,-0.09942047,-0.07971584,0.04822313,-0.01703136,0.9955049,14.03702,84.26262,7.414063
06.12.2023 14:48:04,0.02347643,0.02472563,0.000531594,0.9994184,-2.688117,87.16259,-0.1275381,-0.07907935,0.04805367,-0.01718098,0.9955612,13.9635,84.28302,7.425842
06.12.2023 14:48:04,0.02354938,0.02473877,0.0006508015,0.9994164,-2.696136,87.16074,-0.1414486,-0.07780229,0.04799254,-0.01790221,0.9956521,13.81299,84.28798,7.500702
06.12.2023 14:48:04,0.02357892,0.0247396,0.0007224431,0.9994156,-2.699317,87.16045,-0.1497489,-0.0765127,0.0474509,-0.01749605,0.9957852,13.66864,84.3586,7.441101
06.12.2023 14:48:04,0.02367838,0.02467759,0.0007448634,0.9994147,-2.710659,87.16747,-0.1524346,-0.07523155,0.04644012,-0.01578918,0.995959,13.53357,84.49442,7.22757
06.12.2023 14:48:04,0.02374675,0.02461674,0.0007304582,0.9994146,-2.718544,87.17447,-0.1508117,-0.07403256,0.04570565,-0.01522768,0.9960915,13.40067,84.58778,7.149445
06.12.2023 14:48:04,0.02369996,0.0245703,0.0007006901,0.9994169,-2.713273,87.17989,-0.1471399,-0.07309055,0.04448879,-0.01643366,0.996197,13.28882,84.72118,7.272949
06.12.2023 14:48:04,0.02373722,0.02450544,0.000687538,0.9994176,-2.717589,87.18736,-0.1455609,-0.07288431,0.04315224,-0.01962968,0.9962131,13.25174,84.84972,7.629425
06.12.2023 14:48:04,0.02371789,0.02444897,0.0007445598,0.9994194,-2.715222,87.19369,-0.1518906,-0.07255258,0.0420059,-0.0226855,0.9962214,13.20126,84.95806,7.970673
06.12.2023 14:48:04,0.02380353,0.0243986,0.0007634116,0.9994186,-2.724991,87.19939,-0.1541558,-0.07252053,0.04107531,-0.02213945,0.9962748,13.20306,85.07021,7.89978
06.12.2023 14:48:04,0.02393233,0.02439474,0.0006872801,0.9994157,-2.739964,87.2,-0.1457785,-0.07253192,0.0403753,-0.020785,0.9963318,13.21298,85.16225,7.737732
06.12.2023 14:48:04,0.02399196,0.02432953,0.0007437499,0.9994158,-2.746648,87.20731,-0.1522413,-0.07276746,0.04022794,-0.01982749,0.9963401,13.24506,85.1864,7.627258
06.12.2023 14:48:04,0.02399808,0.02432907,0.0007825943,0.9994156,-2.747241,87.20726,-0.156711,-0.07320863,0.04026764,-0.0203462,0.9962957,13.29306,85.17599,7.689789
06.12.2023 14:48:04,0.02398402,0.02436268,0.0007567939,0.9994152,-2.745697,87.20348,-0.1538058,-0.07345282,0.04047807,-0.02027397,0.9962707,13.32086,85.15144,7.684509
06.12.2023 14:48:04,0.02401388,0.02433867,0.0006577991,0.9994151,-2.749398,87.2065,-0.1424731,-0.07363185,0.0405989,-0.01972913,0.9962634,13.34375,85.14144,7.623566
06.12.2023 14:48:04,0.02402551,0.02435347,0.0007232576,0.9994144,-2.750547,87.20461,-0.1500518,-0.07374003,0.04086527,-0.01915032,0.9962559,13.35828,85.11516,7.559601
06.12.2023 14:48:04,0.02406821,0.02435774,0.0006708326,0.9994133,-2.755585,87.20425,-0.1441725,-0.07376201,0.04108249,-0.01911448,0.996246,13.36041,85.09029,7.557404
06.12.2023 14:48:04,0.02397104,0.02440295,0.0007202119,0.9994145,-2.744306,87.19896,-0.1496857,-0.07339583,0.04155117,-0.01952233,0.9962457,13.31519,85.03391,7.606445
06.12.2023 14:48:04,0.02396055,0.02444567,0.000679265,0.9994138,-2.743212,87.19418,-0.1450787,-0.0733017,0.04184138,-0.01944808,0.9962419,13.30399,85.00131,7.599823
06.12.2023 14:48:04,0.02393053,0.02439985,0.0005977637,0.9994156,-2.740007,87.19966,-0.1355239,-0.07285519,0.04238674,-0.01882465,0.9962636,13.25449,84.94497,7.529968
06.12.2023 14:48:04,0.02390144,0.02433576,0.0006551258,0.9994179,-2.736523,87.20686,-0.1418434,-0.07255705,0.0428317,-0.01821259,0.9962777,13.22229,84.8996,7.461426
06.12.2023 14:48:04,0.02391716,0.0243641,0.000554757,0.9994169,-2.7386,87.20389,-0.1304573,-0.07256597,0.04311967,-0.01813321,0.9962661,13.22299,84.86695,7.454681
06.12.2023 14:48:04,0.02397728,0.02431666,0.0004879277,0.9994166,-2.745682,87.2095,-0.1228332,-0.07258765,0.04329544,-0.01804752,0.9962584,13.22549,84.84727,7.446381
06.12.2023 14:48:04,0.02397392,0.02438366,0.0005529732,0.999415,-2.745107,87.20163,-0.1304659,-0.07277185,0.04316864,-0.0175802,0.9962589,13.24936,84.86521,7.392426
06.12.2023 14:48:04,0.02399917,0.0243261,0.0006830599,0.9994158,-2.747644,87.20787,-0.1452936,-0.07300777,0.04308971,-0.01720591,0.9962515,13.27853,84.87671,7.349884
06.12.2023 14:48:04,0.0238806,0.02433665,0.0007084348,0.9994183,-2.733985,87.20663,-0.1478995,-0.07312292,0.04308762,-0.01720942,0.9962431,13.29172,84.87656,7.350922
06.12.2023 14:48:04,0.02381289,0.02435039,0.0008459126,0.9994195,-2.72584,87.2047,-0.1635097,-0.07305173,0.04323361,-0.01774883,0.9962326,13.28043,84.85541,7.414001
06.12.2023 14:48:04,0.0236171,0.02423471,0.0008813373,0.9994269,-2.703325,87.21793,-0.1667086,-0.0728135,0.04349551,-0.01802001,0.9962338,13.25107,84.82365,7.446136
06.12.2023 14:48:04,0.02355206,0.02418323,0.001086062,0.9994295,-2.695312,87.2233,-0.1898603,-0.07271416,0.04361,-0.01741118,0.9962468,13.24255,84.81579,7.376282
06.12.2023 14:48:04,0.02351038,0.02401357,0.001171155,0.9994345,-2.690334,87.24255,-0.1990431,-0.07253529,0.04342004,-0.01637179,0.9962858,13.22784,84.84692,7.253784
06.12.2023 14:48:04,0.02345117,0.02398428,0.001377907,0.9994363,-2.682985,87.24537,-0.222505,-0.07256009,0.04308763,-0.01621096,0.996301,13.23227,84.88659,7.232605
06.12.2023 14:48:04,0.02335913,0.02372538,0.001515848,0.9994445,-2.672119,87.27473,-0.2373728,-0.07255559,0.0427894,-0.01655905,0.9963085,13.23065,84.91818,7.270264
06.12.2023 14:48:04,0.02327705,0.02363271,0.001696707,0.9994483,-2.662245,87.28491,-0.2576368,-0.07260668,0.04221155,-0.01713905,0.9963196,13.23492,84.98,7.332642
06.12.2023 14:48:04,0.02330686,0.02357941,0.001678678,0.9994488,-2.665723,87.29106,-0.2555088,-0.0725999,0.0415206,-0.0174534,0.9963437,13.23419,85.05727,7.363159
06.12.2023 14:48:04,0.02325955,0.02345972,0.001562692,0.9994529,-2.660645,87.30512,-0.241763,-0.0727065,0.04088986,-0.01746465,0.9963618,13.24786,85.12973,7.359772
06.12.2023 14:48:04,0.02340401,0.02318216,0.001443081,0.9994562,-2.677585,87.33723,-0.2276965,-0.07260137,0.04049122,-0.01681443,0.9963969,13.2399,85.18152,7.280853
06.12.2023 14:48:04,0.02358296,0.02308192,0.001384108,0.9994544,-2.69827,87.34882,-0.221143,-0.07252363,0.04008144,-0.01656884,0.9964232,13.23306,85.23114,7.248718
06.12.2023 14:48:04,0.02376917,0.02282754,0.00147339,0.9994557,-2.719431,87.3777,-0.2311835,-0.07246644,0.03972697,-0.01667186,0.9964399,13.22681,85.27142,7.257355
06.12.2023 14:48:04,0.02379438,0.02252039,0.001706191,0.9994618,-2.721788,87.41229,-0.2571057,-0.07237008,0.0392925,-0.0166011,0.9964653,13.21707,85.32249,7.245087
06.12.2023 14:48:04,0.0237312,0.02224965,0.001972253,0.9994688,-2.713937,87.44265,-0.2867119,-0.07226652,0.03907915,-0.01642749,0.9964841,13.20648,85.34888,7.222778
06.12.2023 14:48:04,0.02364548,0.02199928,0.002046288,0.9994763,-2.703999,87.47121,-0.2943022,-0.07220967,0.0388994,-0.01606411,0.9965012,13.20206,85.37282,7.179047
06.12.2023 14:48:04,0.02338458,0.02167584,0.002178881,0.9994892,-2.673866,87.50806,-0.3079749,-0.07220809,0.0384373,-0.01570323,0.996525,13.20453,85.4292,7.133575
06.12.2023 14:48:04,0.02310823,0.02141766,0.002178238,0.9995012,-2.642277,87.5378,-0.3065246,-0.07245754,0.03773494,-0.01579369,0.9965323,13.23425,85.5089,7.139404
06.12.2023 14:48:04,0.0229843,0.02117003,0.002255023,0.9995092,-2.627965,87.56606,-0.3143698,-0.07286662,0.03696197,-0.01573736,0.9965323,13.28311,85.59754,7.128418
06.12.2023 14:48:04,0.02279882,0.02091299,0.002297221,0.9995187,-2.606688,87.5955,-0.3180825,-0.07337903,0.03617315,-0.01569988,0.9965242,13.34378,85.68758,7.119904
06.12.2023 14:48:04,0.0228033,0.02070472,0.002474658,0.9995225,-2.606846,87.61893,-0.337894,-0.07334185,0.0349973,-0.01509618,0.9965783,13.34451,85.82865,7.040131
06.12.2023 14:48:04,0.02272191,0.02056631,0.002560892,0.999527,-2.597362,87.63462,-0.3472259,-0.07276747,0.0340229,-0.0141692,0.9966677,13.28433,85.95052,6.922363
06.12.2023 14:48:04,0.02265965,0.02038235,0.002619453,0.999532,-2.590153,87.65559,-0.3533148,-0.07206648,0.03324137,-0.01423759,0.9967441,13.20511,86.04202,6.920715
06.12.2023 14:48:04,0.02248658,0.02029432,0.002666261,0.9995376,-2.570242,87.66566,-0.3580461,-0.07148719,0.03258419,-0.01548258,0.996789,13.13501,86.10918,7.056519
06.12.2023 14:48:04,0.02214931,0.02017435,0.002634024,0.9995477,-2.53171,87.67965,-0.3532524,-0.07129496,0.03194864,-0.01642849,0.9968082,13.11063,86.17535,7.159668
06.12.2023 14:48:04,0.02169564,0.02009928,0.002561866,0.9995593,-2.479915,87.68864,-0.3437324,-0.07136098,0.03151725,-0.01711461,0.9968056,13.11655,86.21939,7.235596
06.12.2023 14:48:04,0.02108998,0.01991296,0.002427403,0.9995763,-2.410882,87.71061,-0.3264571,-0.07165111,0.03120937,-0.01657482,0.9968036,13.15259,86.25857,7.171967
06.12.2023 14:48:04,0.02044833,0.0198432,0.002385824,0.9995912,-2.337471,87.71898,-0.3200482,-0.07196831,0.03112856,-0.01595242,0.9967934,13.1915,86.27217,7.100769
06.12.2023 14:48:04,0.01967338,0.01966783,0.002255563,0.9996105,-2.249019,87.7397,-0.3029418,-0.07239912,0.03150978,-0.01449841,0.9967725,13.24564,86.23907,6.937836
06.12.2023 14:48:04,0.01902689,0.0195393,0.002123143,0.9996258,-2.175274,87.75497,-0.2860124,-0.07256857,0.03130618,-0.01382521,0.9967761,13.26801,86.26777,6.859131
06.12.2023 14:48:04,0.01844653,0.01931723,0.001971028,0.9996413,-2.109172,87.78098,-0.2667969,-0.07247674,0.0308392,-0.0134825,0.996802,13.25958,86.3248,6.815308
06.12.2023 14:48:04,0.01795789,0.01910133,0.001953626,0.9996544,-2.053275,87.80594,-0.2632688,-0.07198418,0.03017039,-0.01398075,0.9968513,13.20245,86.39911,6.865295
06.12.2023 14:48:04,0.01756418,0.0187832,0.001885821,0.9996675,-2.00839,87.84269,-0.2539892,-0.07149474,0.029296,-0.01398982,0.9969125,13.14786,86.50121,6.857239
06.12.2023 14:48:04,0.01712411,0.01859244,0.00196373,0.9996786,-1.957845,87.86456,-0.2615917,-0.07112756,0.02859906,-0.0139276,0.9969599,13.10721,86.58308,6.842957
06.12.2023 14:48:04,0.01689566,0.01827968,0.001992367,0.9996881,-1.931688,87.90044,-0.2637794,-0.07031038,0.02785869,-0.01461225,0.997029,13.01248,86.66496,6.912964
06.12.2023 14:48:04,0.01662767,0.01791217,0.001997382,0.9996993,-1.901067,87.94266,-0.2630897,-0.06964392,0.02737179,-0.01522703,0.9970801,12.93488,86.71786,6.97757
06.12.2023 14:48:04,0.01638772,0.01765266,0.001952321,0.999708,-1.873731,87.97257,-0.2569423,-0.06896574,0.02702475,-0.01539674,0.9971341,12.85718,86.75824,6.991943
06.12.2023 14:48:04,0.01618045,0.0173335,0.001867633,0.9997171,-1.85023,88.00939,-0.2462223,-0.06856747,0.0271544,-0.01466003,0.9971691,12.8136,86.75005,6.906555
06.12.2023 14:48:04,0.01612902,0.01707642,0.00188314,0.9997224,-1.84437,88.03885,-0.2474224,-0.06888328,0.02728835,-0.01344778,0.9971608,12.85355,86.74343,6.76889
06.12.2023 14:48:04,0.01619448,0.01672475,0.002015659,0.999727,-1.851703,88.0789,-0.2620892,-0.0689613,0.02713459,-0.01286876,0.9971672,12.86465,86.76559,6.701141
06.12.2023 14:48:04,0.01638666,0.01631844,0.002058117,0.9997305,-1.873752,88.12535,-0.2665651,-0.0690237,0.02704736,-0.01280749,0.9971661,12.87216,86.77602,6.693604
06.12.2023 14:48:04,0.01659133,0.01582234,0.00218754,0.9997348,-1.897103,88.18192,-0.2808441,-0.06913913,0.02679035,-0.01358733,0.9971547,12.88336,86.79924,6.781952
06.12.2023 14:48:04,0.01689486,0.01511115,0.002437979,0.9997401,-1.931649,88.26286,-0.3087314,-0.06902186,0.02649787,-0.01388729,0.9971665,12.86948,86.83089,6.813812
06.12.2023 14:48:04,0.01730154,0.01408444,0.002877865,0.999747,-1.977857,88.37956,-0.3578351,-0.06873693,0.02577155,-0.0138231,0.9972062,12.83826,86.91588,6.799683
06.12.2023 14:48:04,0.01775505,0.0129458,0.003374327,0.9997529,-2.029495,88.50892,-0.4131758,-0.06827031,0.02456387,-0.0134575,0.9972736,12.78796,87.05917,6.74646
06.12.2023 14:48:04,0.01805039,0.01154826,0.00386661,0.999763,-2.063261,88.668,-0.4671705,-0.06811159,0.0234389,-0.01360888,0.9973095,12.77127,87.18816,6.754608
06.12.2023 14:48:04,0.0184933,0.00982968,0.004393469,0.9997711,-2.114222,88.8637,-0.5245343,-0.06791699,0.02220129,-0.01444533,0.9973393,12.74887,87.32487,6.84082
06.12.2023 14:48:04,0.01891955,0.007794123,0.004869586,0.9997788,-2.163706,89.09582,-0.5752076,-0.06776936,0.02114345,-0.01522559,0.9973608,12.73184,87.44119,6.92215
06.12.2023 14:48:04,0.01935216,0.00590027,0.005207886,0.9997818,-2.21414,89.31195,-0.610201,-0.06778544,0.02034977,-0.01528457,0.9973752,12.73508,87.53227,6.922821
06.12.2023 14:48:04,0.019643,0.00357894,0.005638119,0.9997848,-2.248702,89.57695,-0.654516,-0.06807569,0.01977363,-0.0145828,0.9973776,12.77121,87.60359,6.838135
06.12.2023 14:48:04,0.01996327,0.001406547,0.006001325,0.9997817,-2.286763,89.82499,-0.6913361,-0.06874457,0.01890559,-0.01431718,0.9973524,12.85022,87.70441,6.802399
06.12.2023 14:48:04,0.02021507,-0.000682543,0.006405563,0.9997749,-2.317088,95.06342,-0.7328963,-0.0693093,0.0180732,-0.01475309,0.9973224,12.91559,87.79579,6.847504
06.12.2023 14:48:04,0.02038273,-0.0029514,0.006953605,0.9997637,-2.338138,95.32214,-0.7904258,-0.07005916,0.01649676,-0.01511111,0.997292,13.00388,87.97325,6.877991
06.12.2023 14:48:04,0.02055007,-0.005141437,0.007397051,0.9997483,-2.359297,95.57208,-0.8360572,-0.07047992,0.01466378,-0.01433988,0.9973024,13.05704,88.19021,6.775024
06.12.2023 14:48:04,0.02066863,-0.007405783,0.007911202,0.9997277,-2.375199,95.83041,-0.8895699,-0.07065003,0.0130839,-0.01370526,0.9973212,13.08041,88.37743,6.68924
06.12.2023 14:48:04,0.02074453,-0.009637481,0.008589608,0.9997015,-2.386615,96.08463,-0.9619725,-0.07013203,0.01123234,-0.01418162,0.9973736,13.02338,88.58832,6.728271
06.12.2023 14:48:04,0.02071131,-0.01186752,0.00909318,0.9996737,-2.385623,96.33917,-1.014428,-0.06999528,0.009575048,-0.01506779,0.9973876,13.00943,88.77273,6.816956
06.12.2023 14:48:04,0.0206809,-0.01412874,0.009776832,0.9996385,-2.385518,96.59686,-1.087462,-0.06953491,0.007795203,-0.01619448,0.9974176,12.95865,88.97002,6.932037
06.12.2023 14:48:04,0.02060929,-0.01634688,0.01037642,0.9996001,-2.380828,96.84988,-1.15104,-0.06939103,0.006117408,-0.01585124,0.9974449,12.94565,89.16672,6.878784
06.12.2023 14:48:04,0.02062405,-0.01894603,0.01103949,0.9995468,-2.386928,97.14633,-1.220835,-0.06954913,0.004274596,-0.01502053,0.9974563,12.96777,89.38577,6.76825
06.12.2023 14:48:04,0.02059908,-0.02106254,0.01164642,0.9994981,-2.388097,97.38766,-1.285418,-0.06976162,0.002847768,-0.01425559,0.9974578,12.99503,89.55622,6.66864
06.12.2023 14:48:04,0.02045057,-0.02357786,0.01232395,0.9994369,-2.376121,97.67468,-1.357466,-0.06999423,0.001395767,-0.01386713,0.9974501,13.02429,89.72656,6.612183
06.12.2023 14:48:04,0.02033399,-0.02603935,0.01296637,0.99937,-2.368,97.95563,-1.425591,-0.07018477,-0.0002093948,-0.01381253,0.9974384,13.04877,89.91198,6.592957
06.12.2023 14:48:04,0.02003446,-0.02850505,0.01367112,0.9992993,-2.339478,98.23718,-1.50148,-0.07022741,-0.001760446,-0.01385553,0.9974332,13.05612,95.09061,6.585327
06.12.2023 14:48:05,0.01963178,-0.03100819,0.01412665,0.9992265,-2.298708,98.5238,-1.54922,-0.07011557,-0.003516636,-0.01406641,0.9974335,13.04611,95.29181,6.595398
06.12.2023 14:48:05,0.01926896,-0.03352321,0.014414,0.9991482,-2.262138,98.81216,-1.577723,-0.06963754,-0.005629003,-0.01434828,0.9974533,12.99472,95.53409,6.610962
06.12.2023 14:48:05,0.01894404,-0.03626797,0.01472253,0.9990541,-2.230524,99.1268,-1.60818,-0.0694186,-0.007830091,-0.01467336,0.997449,12.97336,95.78586,6.630859
06.12.2023 14:48:05,0.01851102,-0.03886392,0.01502215,0.9989601,-2.186433,99.42459,-1.638599,-0.06912189,-0.01011593,-0.01542194,0.9974377,12.94379,96.04416,6.699127
06.12.2023 14:48:05,0.01799803,-0.04144575,0.01543967,0.9988593,-2.133891,99.72067,-1.683168,-0.06890535,-0.01234186,-0.01589587,0.9974202,12.92331,96.29761,6.736206
06.12.2023 14:48:05,0.01744719,-0.04429333,0.01590071,0.9987397,-2.077943,100.0473,-1.732638,-0.06858872,-0.01484359,-0.01584565,0.9974087,12.8912,96.58722,6.710846
06.12.2023 14:48:05,0.01685119,-0.0474792,0.01646328,0.9985944,-2.01828,100.4127,-1.793624,-0.06850163,-0.01755332,-0.01565584,0.9973737,12.88547,96.90161,6.667542
06.12.2023 14:48:05,0.01624442,-0.05033033,0.01689016,0.9984577,-1.956395,100.74,-1.840185,-0.0689707,-0.01991607,-0.0160004,0.9972916,12.944,97.17093,6.687561
06.12.2023 14:48:05,0.01566238,-0.0532883,0.01725498,0.9983072,-1.897451,101.0798,-1.879655,-0.06926575,-0.02252521,-0.01610388,0.9972139,12.98251,97.47089,6.677948
06.12.2023 14:48:05,0.01514997,-0.05629891,0.01765481,0.9981429,-1.847053,101.4255,-1.922957,-0.0697961,-0.02492195,-0.01593529,0.9971226,13.04697,97.74829,6.637817
06.12.2023 14:48:05,0.01454635,-0.05946971,0.0178065,0.9979653,-1.785133,101.7903,-1.938504,-0.07025062,-0.02733284,-0.01549154,0.9970345,13.10175,98.02975,6.565735
06.12.2023 14:48:05,0.01399355,-0.06276299,0.01810576,0.9977661,-1.730442,102.169,-1.970776,-0.07069583,-0.03003449,-0.015182,0.9969301,13.15604,98.34384,6.50647
06.12.2023 14:48:05,0.0134531,-0.06611156,0.01828396,0.9975541,-1.676597,102.5542,-1.989395,-0.07082769,-0.03316434,-0.01558523,0.9968153,13.17737,98.70193,6.526794
06.12.2023 14:48:05,0.01295609,-0.0694392,0.01852618,0.99733,-1.62833,102.937,-2.015412,-0.07080329,-0.03624557,-0.01638072,0.9966969,13.1825,99.05139,6.593231
06.12.2023 14:48:05,0.0126107,-0.07294278,0.01868951,0.9970813,-1.597288,103.3399,-2.031215,-0.07070518,-0.0394668,-0.01677284,0.9965751,13.17807,99.42047,6.612274
06.12.2023 14:48:05,0.0122685,-0.07654483,0.01874127,0.9968145,-1.56597,103.7544,-2.034326,-0.07029625,-0.0428771,-0.01662774,0.9964655,13.13589,99.81613,6.569275
06.12.2023 14:48:05,0.0120354,-0.0800277,0.01886881,0.9965414,-1.54761,104.155,-2.045538,-0.06986383,-0.04610333,-0.01659511,0.9963524,13.09116,100.1896,6.541168
06.12.2023 14:48:05,0.01176581,-0.08362719,0.01898403,0.9962468,-1.525306,104.5692,-2.055663,-0.0696016,-0.04931039,-0.01706778,0.9962093,13.0686,100.5566,6.570862
06.12.2023 14:48:05,0.01162992,-0.08731924,0.01909584,0.9959295,-1.518517,104.994,-2.064116,-0.06945499,-0.05282276,-0.01809793,0.9960212,13.06342,100.9544,6.661865
06.12.2023 14:48:05,0.01137386,-0.0908268,0.0191516,0.9956176,-1.497136,105.3979,-2.06777,-0.06928302,-0.05618385,-0.01838649,0.9958439,13.05109,101.3408,6.668793
06.12.2023 14:48:05,0.0110757,-0.0942617,0.01918617,0.9953009,-1.47062,105.7938,-2.069739,-0.06918518,-0.05953226,-0.0174854,0.9956725,13.03937,101.7353,6.53833
06.12.2023 14:48:05,0.01089797,-0.09771816,0.0192058,0.9949691,-1.45775,106.192,-2.068838,-0.06905304,-0.06277719,-0.01698793,0.9954909,13.02563,102.1147,6.455566
06.12.2023 14:48:05,0.01050553,-0.1010458,0.01917179,0.9946415,-1.41953,106.576,-2.06459,-0.06896763,-0.0659363,-0.01678522,0.9952961,13.01892,102.4818,6.407196
06.12.2023 14:48:05,0.01001878,-0.1045753,0.01904923,0.994284,-1.369911,106.9837,-2.051368,-0.06896187,-0.06924354,-0.01709969,0.9950665,13.02536,102.8618,6.416626
06.12.2023 14:48:05,0.009408425,-0.1076082,0.01897041,0.9939679,-1.30566,107.3344,-2.045686,-0.0687894,-0.07238244,-0.01731011,0.9948514,13.01175,103.2234,6.416779
06.12.2023 14:48:05,0.008819529,-0.1108478,0.01891828,0.9936182,-1.244596,107.709,-2.042927,-0.06864631,-0.07598217,-0.01778208,0.9945844,13.00452,103.6364,6.443146
06.12.2023 14:48:05,0.008149032,-0.1139353,0.01896643,0.9932737,-1.175238,108.0662,-2.053252,-0.06864908,-0.07953228,-0.01850325,0.9942935,13.01648,104.0416,6.497375
06.12.2023 14:48:05,0.007324237,-0.1173142,0.01917862,0.9928827,-1.091211,108.4572,-2.084443,-0.06852079,-0.08323121,-0.01893328,0.9939914,13.01138,104.4666,6.518036
06.12.2023 14:48:05,0.006689471,-0.120418,0.0192735,0.9925137,-1.026826,108.8165,-2.100547,-0.06835453,-0.08649369,-0.0191359,0.9937205,12.9993,104.843,6.516479
06.12.2023 14:48:05,0.006027736,-0.1234984,0.01945481,0.9921358,-0.9606627,109.1732,-2.127308,-0.0679289,-0.08940409,-0.01883041,0.9934979,12.95187,105.1827,6.462067
06.12.2023 14:48:05,0.005558206,-0.1265087,0.01955291,0.9917572,-0.9151676,109.5217,-2.142325,-0.06741218,-0.09217644,-0.01845089,0.9932868,12.89285,105.507,6.401489
06.12.2023 14:48:05,0.005036993,-0.129606,0.01972475,0.9913566,-0.8651879,109.8804,-2.166708,-0.06689345,-0.09511396,-0.01844094,0.9930451,12.83752,105.8475,6.382446
06.12.2023 14:48:05,0.004400804,-0.1327554,0.01977097,0.9909419,-0.8005218,110.2456,-2.178854,-0.06647953,-0.09823012,-0.0188981,0.9927609,12.79962,106.2052,6.414795
06.12.2023 14:48:05,0.003910159,-0.1357715,0.01986559,0.9905333,-0.7529254,110.5953,-2.19477,-0.06621893,-0.1013906,-0.01902129,0.9924582,12.77576,106.5707,6.406952
06.12.2023 14:48:05,0.003223772,-0.1388407,0.01995062,0.9901085,-0.683193,110.9516,-2.212977,-0.06615993,-0.1048601,-0.01864243,0.9921087,12.76935,106.9761,6.336823
06.12.2023 14:48:05,0.002700644,-0.1419021,0.0198662,0.9896777,-0.6293292,111.307,-2.209767,-0.06599032,-0.1082461,-0.01848458,0.9917592,12.75253,107.3701,6.294098
06.12.2023 14:48:05,0.002181876,-0.145082,0.01981778,0.9892188,-0.5768128,111.6763,-2.210854,-0.0657896,-0.1116584,-0.01868634,0.9913904,12.7366,107.7646,6.292969
06.12.2023 14:48:05,0.001805043,-0.1483565,0.01979378,0.9887342,-0.5410226,112.0563,-2.212608,-0.06543805,-0.1149904,-0.01959231,0.9910153,12.71271,108.1445,6.375244
06.12.2023 14:48:05,0.001575631,-0.1514995,0.01976669,0.9882584,-0.521602,112.4211,-2.211787,-0.06506697,-0.1175962,-0.0207211,0.9907109,12.68915,108.4384,6.489136
06.12.2023 14:48:05,0.00142645,-0.1545792,0.01967623,0.9877834,-0.5100033,112.7785,-2.202547,-0.06511518,-0.1201552,-0.02112525,0.9903921,12.70401,108.7327,6.514801
06.12.2023 14:48:05,0.001373157,-0.1577011,0.01976796,0.9872881,-0.5125899,113.1407,-2.212269,-0.06534465,-0.1227407,-0.0205926,0.9900711,12.72662,109.0374,6.430359
06.12.2023 14:48:05,0.00135373,-0.1609341,0.01979976,0.9867656,-0.5182212,113.5159,-2.214535,-0.06551296,-0.125671,-0.02030377,0.9896982,12.74585,109.3804,6.371887
06.12.2023 14:48:05,0.001404584,-0.1638133,0.01982072,0.9862912,-0.5308217,113.8501,-2.214431,-0.06567483,-0.1280837,-0.02037116,0.9893768,12.76862,109.6606,6.358215
06.12.2023 14:48:05,0.001455215,-0.167097,0.01990251,0.9857385,-0.545477,114.2314,-2.220927,-0.06587973,-0.1305596,-0.02104864,0.9890253,12.80545,109.9437,6.413116
06.12.2023 14:48:05,0.001532648,-0.1700791,0.02002038,0.9852259,-0.5632325,114.5779,-2.231073,-0.06611358,-0.1331612,-0.0216297,0.9886503,12.8446,110.2422,6.455383
06.12.2023 14:48:05,0.001560792,-0.1732307,0.02017905,0.9846733,-0.5766918,114.9442,-2.246614,-0.06630607,-0.1359365,-0.02198365,0.9882517,12.87607,110.5628,6.470703
06.12.2023 14:48:05,0.001328041,-0.1765037,0.0202619,0.9840905,-0.5595839,115.3256,-2.258736,-0.06646716,-0.1390401,-0.02223959,0.9878033,12.90305,110.9225,6.472534
06.12.2023 14:48:05,0.001002807,-0.1800642,0.02029074,0.983445,-0.5316944,115.7408,-2.266651,-0.06666948,-0.1424624,-0.02311152,0.9872819,12.94534,111.3149,6.54129
06.12.2023 14:48:05,0.0006377306,-0.1833056,0.02043516,0.9828434,-0.5010773,116.1192,-2.288821,-0.0668245,-0.1456813,-0.02399748,0.9867804,12.9827,111.6835,6.613861
06.12.2023 14:48:05,5.926143E-05,-0.1865321,0.02054285,0.9822341,-0.4457783,116.4966,-2.311646,-0.06682565,-0.1488537,-0.02448138,0.9862949,12.99622,112.05,6.64325
06.12.2023 14:48:05,-0.0003642847,-0.1898643,0.02076212,0.9815907,-0.4107464,116.8861,-2.344005,-0.06690641,-0.1516431,-0.02461259,0.9858611,13.0123,112.3747,6.634064
06.12.2023 14:48:05,-0.000718904,-0.193073,0.02083927,0.9809628,-0.38025,117.2614,-2.359167,-0.06665535,-0.1541709,-0.02488584,0.9854791,12.99277,112.6676,6.648956
06.12.2023 14:48:05,-0.00117763,-0.1965028,0.02113849,0.9802747,-0.3437048,117.663,-2.401776,-0.06650291,-0.1565165,-0.02568542,0.9850991,12.99371,112.9354,6.723724
06.12.2023 14:48:05,-0.001446479,-0.1999195,0.02151398,0.979575,-0.3304989,118.0629,-2.44889,-0.06644659,-0.1590673,-0.02636239,0.9846764,13.00409,113.2283,6.781067
06.12.2023 14:48:05,-0.001856372,-0.2034787,0.02193656,0.9788318,-0.3032732,118.48,-2.504651,-0.06661468,-0.1618739,-0.02672775,0.9841976,13.03494,113.5538,6.796631
06.12.2023 14:48:05,-0.002223735,-0.2069643,0.02237682,0.97809,-0.2814598,118.8889,-2.561637,-0.06698667,-0.1651483,-0.02706319,0.983619,13.08939,113.9346,6.800934
06.12.2023 14:48:05,-0.002589388,-0.2107307,0.02276536,0.9772756,-0.2597588,119.3309,-2.612897,-0.06743152,-0.1687028,-0.02737495,0.9829766,13.15222,114.3488,6.798431
06.12.2023 14:48:05,-0.002925145,-0.2146468,0.02297558,0.9764171,-0.2378322,119.7909,-2.643627,-0.06784565,-0.1724511,-0.02768698,0.9822887,13.21207,114.786,6.794464
06.12.2023 14:48:05,-0.003147348,-0.2183675,0.02291498,0.9755925,-0.221547,120.2281,-2.641484,-0.06805119,-0.1758006,-0.02815035,0.9816673,13.2507,115.1753,6.814819
06.12.2023 14:48:05,-0.003455058,-0.2220561,0.02272515,0.9747629,-0.1923301,120.6621,-2.627242,-0.06814836,-0.17879,-0.02881572,0.9811012,13.28082,115.5209,6.863159
06.12.2023 14:48:05,-0.003614536,-0.225875,0.02267449,0.9738857,-0.1835136,121.1115,-2.62494,-0.06813588,-0.1819212,-0.02946378,0.9805071,13.2988,115.8834,6.910431
06.12.2023 14:48:05,-0.003866791,-0.2297884,0.02268319,0.9729686,-0.1661657,121.5726,-2.631795,-0.06820321,-0.184824,-0.02975379,0.9799506,13.31818,116.2222,6.917206
06.12.2023 14:48:05,-0.004096904,-0.2337982,0.02291454,0.9720064,-0.1575822,122.0454,-2.663037,-0.06857412,-0.18777,-0.02939332,0.9793754,13.358,116.5719,6.84314
06.12.2023 14:48:05,-0.004252598,-0.2378316,0.02319719,0.9710201,-0.1590152,122.5212,-2.698073,-0.06916574,-0.1906773,-0.02811905,0.9788093,13.40234,116.9249,6.660706
06.12.2023 14:48:05,-0.004424518,-0.2418171,0.02358284,0.9700252,-0.1616706,122.992,-2.745056,-0.06939816,-0.1935806,-0.02885882,0.9782012,13.44986,117.2611,6.714325
06.12.2023 14:48:05,-0.004729133,-0.2458734,0.02393164,0.968995,-0.1491581,123.4719,-2.791694,-0.06913712,-0.1966757,-0.03052772,0.9775514,13.46344,117.6119,6.882355
06.12.2023 14:48:05,-0.00488148,-0.2498043,0.02431337,0.9679788,-0.1545173,123.9371,-2.837797,-0.06882376,-0.2003558,-0.03154618,0.9767936,13.45856,118.0371,6.972748
06.12.2023 14:48:05,-0.005087545,-0.2539249,0.02476782,0.9668934,-0.1569966,124.4254,-2.893496,-0.06831077,-0.2049814,-0.03200503,0.9758545,13.4209,118.5784,6.996307
06.12.2023 14:48:05,-0.005276248,-0.2582207,0.02503207,0.9657472,-0.1567932,124.9351,-2.927619,-0.067613,-0.2097961,-0.03202645,0.9748787,13.35275,119.1458,6.973602
06.12.2023 14:48:05,-0.005602131,-0.2619464,0.02543551,0.9647309,-0.1441783,125.378,-2.981409,-0.06691352,-0.213631,-0.03237667,0.9740822,13.2905,119.5952,6.997131
06.12.2023 14:48:05,-0.00599607,-0.265814,0.02575213,0.9636617,-0.1222801,125.8385,-3.0278,-0.06610401,-0.2178081,-0.03282377,0.973197,13.21933,120.0846,7.031921
06.12.2023 14:48:05,-0.006436239,-0.2697239,0.02609572,0.9625626,-0.09664146,126.3047,-3.078815,-0.06531623,-0.2216817,-0.03334495,0.9723575,13.15234,120.5379,7.077667
06.12.2023 14:48:05,-0.006732203,-0.2735496,0.02662374,0.9614658,-0.09283443,126.761,-3.145909,-0.06501044,-0.224967,-0.03451769,0.9715822,13.1553,120.9177,7.189789
06.12.2023 14:48:05,-0.007162969,-0.277906,0.02699249,0.9602023,-0.07144519,127.2815,-3.199788,-0.06480852,-0.2288433,-0.03555736,0.9706525,13.16864,121.3691,7.279205
06.12.2023 14:48:05,-0.007319089,-0.2817522,0.02743344,0.959067,-0.08135238,127.7409,-3.25302,-0.06478435,-0.2321147,-0.03537453,0.9698837,13.1687,121.7586,7.231598
06.12.2023 14:48:05,-0.007543914,-0.2856142,0.02781684,0.9579112,-0.08233236,128.2029,-3.30215,-0.06494305,-0.2354588,-0.0345929,0.9690949,13.173,122.162,7.111206
06.12.2023 14:48:05,-0.007717045,-0.2895962,0.02832675,0.9566985,-0.09401488,128.6797,-3.363478,-0.0645909,-0.2384955,-0.03465625,0.9683734,13.142,122.5218,7.102142
06.12.2023 14:48:05,-0.007694574,-0.2934835,0.02886232,0.9554974,-0.1281672,129.1451,-3.421006,-0.06364658,-0.2415872,-0.03530077,0.9676459,13.06122,122.8831,7.174316
06.12.2023 14:48:05,-0.007395054,-0.2969779,0.02924109,0.9544079,-0.1863329,129.563,-3.45178,-0.06209432,-0.2441069,-0.03695579,0.9670525,12.94019,123.1684,7.381866
06.12.2023 14:48:05,-0.006920667,-0.3007242,0.02970374,0.9532234,-0.2676514,130.0109,-3.485255,-0.06095552,-0.2469261,-0.03786512,0.9663737,12.84604,123.4959,7.492462
06.12.2023 14:48:05,-0.006324274,-0.3041643,0.03004318,0.9521248,-0.3571341,130.4221,-3.50055,-0.06015575,-0.2495416,-0.03811996,0.9657418,12.77106,123.8046,7.522369
06.12.2023 14:48:05,-0.005691179,-0.3076041,0.03039869,0.9510117,-0.4513101,130.8337,-3.515708,-0.05969509,-0.2520053,-0.03754657,0.9651529,12.70969,124.1017,7.45163
06.12.2023 14:48:05,-0.004969668,-0.3109677,0.03072422,0.9499108,-0.5538866,131.2362,-3.523861,-0.05906044,-0.2541564,-0.03708861,0.9646454,12.63129,124.3605,7.401672
06.12.2023 14:48:05,-0.004112212,-0.3142196,0.03101381,0.9488347,-0.6696124,131.6254,-3.52261,-0.05797751,-0.2558744,-0.03729888,0.9642488,12.52142,124.5625,7.443115
06.12.2023 14:48:05,-0.003169236,-0.3176035,0.03126014,0.9477029,-0.7935532,132.0307,-3.512692,-0.05667333,-0.2575437,-0.0378412,0.9638607,12.39691,124.7564,7.52887
06.12.2023 14:48:05,-0.002113254,-0.3204545,0.03151206,0.9467373,-0.9279438,132.3718,-3.498917,-0.05540557,-0.2587404,-0.03778152,0.9636163,12.2576,124.8982,7.550446
06.12.2023 14:48:05,-0.0007709793,-0.3230498,0.03177444,0.9458481,-1.092754,132.6815,-3.475214,-0.05452379,-0.2599371,-0.03709573,0.9633711,12.14255,125.0445,7.49118
06.12.2023 14:48:05,0.0004728271,-0.3252339,0.03183347,0.9450976,-1.237707,132.9424,-3.432803,-0.05355235,-0.2611509,-0.03665388,0.9631141,12.02478,125.1911,7.461945
06.12.2023 14:48:05,0.002623963,-0.3273168,0.03198387,0.9443696,-1.483766,133.1888,-3.365836,-0.05277303,-0.2619222,-0.03583888,0.9629784,11.91592,125.2874,7.388916
06.12.2023 14:48:05,0.004655662,-0.3293575,0.03212729,0.9436471,-1.716227,133.4312,-3.301647,-0.05193358,-0.2629697,-0.03610962,0.9627284,11.83365,125.4099,7.436707
06.12.2023 14:48:06,0.006843749,-0.3308337,0.03234807,0.9431097,-1.966346,133.6051,-3.240116,-0.05162591,-0.2639059,-0.03684529,0.9624609,11.82419,125.5168,7.521088
06.12.2023 14:48:06,0.009047603,-0.3322259,0.0326776,0.9425902,-2.22186,133.7692,-3.1892,-0.05148459,-0.2648991,-0.03693686,0.962192,11.81393,125.6348,7.528473
06.12.2023 14:48:06,0.01114374,-0.3333506,0.03301309,0.9421589,-2.46495,133.9015,-3.143008,-0.05169848,-0.2655567,-0.03670743,0.9620081,11.83234,125.7149,7.491821
06.12.2023 14:48:06,0.01301723,-0.3345769,0.03345875,0.9416843,-2.688462,134.0467,-3.116392,-0.05153264,-0.2661662,-0.03632219,0.9618631,11.80383,125.79,7.449707
06.12.2023 14:48:06,0.01506561,-0.3357183,0.0339452,0.9412301,-2.9321,134.1816,-3.08718,-0.05100965,-0.2664922,-0.03705779,0.9617727,11.76923,125.8239,7.545044
06.12.2023 14:48:06,0.01646431,-0.3368986,0.03427407,0.9407729,-3.099616,134.3228,-3.06523,-0.05066558,-0.2671108,-0.03768454,0.9615949,11.75195,125.8937,7.620758
06.12.2023 14:48:06,0.01766311,-0.3377915,0.03449365,0.9404228,-3.240366,134.4297,-3.039771,-0.05043488,-0.2681275,-0.03752119,0.9613304,11.72418,126.016,7.602509
06.12.2023 14:48:06,0.01881899,-0.3387653,0.03444002,0.9400521,-3.366105,134.5474,-2.985903,-0.0504851,-0.2698112,-0.03731885,0.9608645,11.72803,126.2186,7.566681
06.12.2023 14:48:06,0.01986225,-0.3396063,0.03418211,0.9397365,-3.471238,134.6498,-2.914572,-0.05067392,-0.2718489,-0.03792641,0.9602562,11.77325,126.459,7.613892
06.12.2023 14:48:06,0.0207493,-0.3405489,0.03373172,0.9393924,-3.552211,134.7655,-2.827957,-0.05067686,-0.2735559,-0.03870347,0.9597401,11.80255,126.6586,7.687866
06.12.2023 14:48:06,0.02138378,-0.3413319,0.03301029,0.9391196,-3.594733,134.8629,-2.722387,-0.05080021,-0.2750907,-0.03950248,0.9592623,11.84564,126.8377,7.761627
06.12.2023 14:48:06,0.02191258,-0.3422785,0.03226099,0.9387889,-3.625062,134.9804,-2.617234,-0.05102757,-0.2760395,-0.03959515,0.9589737,11.8764,126.9511,7.757935
06.12.2023 14:48:06,0.02227756,-0.3431719,0.03157559,0.9384774,-3.63991,135.0915,-2.525543,-0.05113689,-0.2767407,-0.03972484,0.9587604,11.89459,127.0345,7.763794
06.12.2023 14:48:06,0.0225625,-0.3440342,0.03081897,0.93818,-3.643082,135.1991,-2.429415,-0.05137611,-0.2770066,-0.03956316,0.9586775,11.91663,127.0675,7.736389
06.12.2023 14:48:06,0.02269282,-0.3449058,0.02998118,0.9378839,-3.626254,135.3081,-2.330597,-0.05149082,-0.2773726,-0.03981917,0.9585549,11.93845,127.11,7.758484
06.12.2023 14:48:06,0.02273427,-0.3454784,0.02918527,0.9376972,-3.60063,135.3805,-2.240989,-0.05178587,-0.2772478,-0.04026902,0.9585564,11.98492,127.0925,7.799896
06.12.2023 14:48:06,0.02265381,-0.3460774,0.02824197,0.9375072,-3.555998,135.4564,-2.140269,-0.0525283,-0.2778912,-0.04071737,0.9583107,12.08298,127.1676,7.821289
06.12.2023 14:48:06,0.02275981,-0.3464833,0.02747196,0.9373775,-3.537753,135.5083,-2.051606,-0.05300865,-0.2786627,-0.04111451,0.9580432,12.15091,127.2581,7.844299
06.12.2023 14:48:06,0.02271727,-0.3468109,0.02672268,0.9372791,-3.504118,135.5505,-1.971383,-0.05357137,-0.27947,-0.04156815,0.9577572,12.22989,127.3527,7.870544
06.12.2023 14:48:06,0.02271059,-0.3470921,0.02602478,0.9371948,-3.476232,135.5869,-1.895466,-0.05412748,-0.2803369,-0.04170984,0.9574663,12.29834,127.4565,7.861877
06.12.2023 14:48:06,0.02259207,-0.3473582,0.02550382,0.9371134,-3.44329,135.6209,-1.843117,-0.05446612,-0.2812413,-0.04178781,0.9571784,12.34088,127.565,7.852692
06.12.2023 14:48:06,0.02232673,-0.3474744,0.02513607,0.9370866,-3.400349,135.636,-1.813665,-0.05444196,-0.2820549,-0.04173003,0.9569429,12.33878,127.6631,7.84082
06.12.2023 14:48:06,0.02223409,-0.3474196,0.02493224,0.9371145,-3.382167,135.6298,-1.795611,-0.0540708,-0.2822481,-0.04212663,0.9568896,12.31128,127.6833,7.895172
06.12.2023 14:48:06,0.02221053,-0.3472944,0.02455576,0.9371715,-3.364411,135.6155,-1.75648,-0.05385449,-0.2821024,-0.04268728,0.9569199,12.30511,127.662,7.965332
06.12.2023 14:48:06,0.02223098,-0.3469599,0.02414939,0.9373055,-3.349825,135.5757,-1.713128,-0.05405547,-0.281642,-0.04282204,0.9570382,12.3302,127.606,7.977325
06.12.2023 14:48:06,0.02249586,-0.3466432,0.02372308,0.9374272,-3.360798,135.5383,-1.657856,-0.0546359,-0.2810887,-0.0423877,0.9571872,12.37848,127.5429,7.914856
06.12.2023 14:48:06,0.02260631,-0.3461046,0.02337757,0.9376322,-3.358021,135.4734,-1.618209,-0.05520244,-0.2808112,-0.04180431,0.9572619,12.42133,127.5141,7.834229
06.12.2023 14:48:06,0.02254857,-0.3456264,0.02307953,0.9378173,-3.339179,135.4157,-1.590111,-0.05553644,-0.280565,-0.04120372,0.9573408,12.43811,127.4889,7.758942
06.12.2023 14:48:06,0.02201587,-0.3452118,0.02281542,0.9379891,-3.270707,135.3654,-1.5842,-0.05573159,-0.2804879,-0.04112598,0.9573553,12.45691,127.4804,7.744659
06.12.2023 14:48:06,0.02118497,-0.3447506,0.02244935,0.9381867,-3.166044,135.3096,-1.579178,-0.05527223,-0.2810113,-0.04204413,0.9571885,12.43732,127.5366,7.856995
06.12.2023 14:48:06,0.02019042,-0.3443005,0.02217831,0.9383803,-3.047544,135.2548,-1.590706,-0.05482214,-0.2819888,-0.04314451,0.956878,12.42618,127.6463,7.985687
06.12.2023 14:48:06,0.01926252,-0.3437827,0.02166891,0.9386016,-2.926706,135.1924,-1.574029,-0.05480686,-0.2830181,-0.04365055,0.956552,12.44412,127.7667,8.03418
06.12.2023 14:48:06,0.01834611,-0.3434844,0.02100314,0.9387442,-2.801339,135.1573,-1.539267,-0.05541248,-0.2834232,-0.04262698,0.9564433,12.47888,127.8228,7.898132
06.12.2023 14:48:06,0.01781899,-0.3429365,0.02023195,0.9389716,-2.713373,135.0919,-1.478499,-0.05618196,-0.2828297,-0.04162055,0.9566184,12.52927,127.7592,7.766541
06.12.2023 14:48:06,0.01767759,-0.3424661,0.01946876,0.9391621,-2.667453,135.0362,-1.403155,-0.05701204,-0.2817675,-0.04154266,0.9568861,12.61517,127.6331,7.739563
06.12.2023 14:48:06,0.01757808,-0.3419738,0.01866664,0.9393596,-2.624565,134.9778,-1.321994,-0.05776608,-0.280773,-0.04153192,0.9571336,12.69513,127.5148,7.722137
06.12.2023 14:48:06,0.01745003,-0.3413228,0.01804453,0.9396109,-2.585518,134.8996,-1.261749,-0.05885227,-0.2794045,-0.04105923,0.9574882,12.79593,127.3552,7.646118
06.12.2023 14:48:06,0.01730186,-0.3407414,0.01763858,0.9398324,-2.552918,134.8295,-1.225359,-0.05992687,-0.2783308,-0.04080967,0.9577449,12.90359,127.2297,7.593018
06.12.2023 14:48:06,0.01699803,-0.3401213,0.01741954,0.9400666,-2.510821,134.7542,-1.215256,-0.0608255,-0.2776412,-0.04123698,0.9578701,13.01453,127.1454,7.617615
06.12.2023 14:48:06,0.01673246,-0.3395878,0.01729193,0.9402665,-2.476534,134.6893,-1.213245,-0.06151794,-0.2772734,-0.04168127,0.9579132,13.1041,127.0992,7.648071
06.12.2023 14:48:06,0.01633013,-0.3391715,0.01726002,0.9404245,-2.431373,134.6384,-1.226529,-0.06189222,-0.2769606,-0.0423227,0.9579514,13.16492,127.0576,7.710083
06.12.2023 14:48:06,0.01591172,-0.3388023,0.01734825,0.9405631,-2.389193,134.5931,-1.25324,-0.06223701,-0.2764339,-0.04248452,0.9580741,13.20663,126.9937,7.721649
06.12.2023 14:48:06,0.01562883,-0.3383342,0.0176872,0.94073,-2.371197,134.5354,-1.301968,-0.0623719,-0.2759422,-0.04220337,0.9582195,13.21124,126.9369,7.690399
06.12.2023 14:48:06,0.01547172,-0.3380375,0.01792399,0.9408348,-2.363011,134.4987,-1.334355,-0.06229435,-0.2754816,-0.04171542,0.9583784,13.18597,126.885,7.642639
06.12.2023 14:48:06,0.01534624,-0.3376406,0.01827989,0.9409724,-2.362679,134.4497,-1.378622,-0.06219075,-0.2749929,-0.04213263,0.9585072,13.18634,126.8231,7.696442
06.12.2023 14:48:06,0.01541526,-0.3374091,0.01843716,0.9410513,-2.375868,134.4212,-1.393516,-0.06202538,-0.2746444,-0.04346872,0.9585582,13.20914,126.7712,7.853058
06.12.2023 14:48:06,0.01549091,-0.3370677,0.01837478,0.9411737,-2.381117,134.3797,-1.384722,-0.0625881,-0.2741848,-0.04416576,0.9586213,13.29187,126.7117,7.91687
06.12.2023 14:48:06,0.01552813,-0.3369347,0.01831191,0.9412219,-2.38251,134.3636,-1.376834,-0.06375819,-0.2735165,-0.04380567,0.9587517,13.40793,126.636,7.8461
06.12.2023 14:48:06,0.01539699,-0.3368092,0.01816803,0.9412717,-2.362621,134.3486,-1.366673,-0.06494989,-0.2727699,-0.04342792,0.9589015,13.5257,126.5512,7.773529
06.12.2023 14:48:06,0.01500256,-0.336785,0.01807867,0.9412885,-2.316568,134.3458,-1.372295,-0.06644551,-0.2717449,-0.04304663,0.9591073,13.6763,126.4338,7.693787
06.12.2023 14:48:06,0.01451691,-0.3368672,0.01816087,0.9412651,-2.267449,134.3556,-1.399702,-0.06759144,-0.2710686,-0.04249032,0.9592434,13.78394,126.3592,7.602448
06.12.2023 14:48:06,0.01385679,-0.3369315,0.01821537,0.941251,-2.198411,134.3633,-1.430897,-0.06831237,-0.2706052,-0.04186148,0.9593508,13.84296,126.31,7.514374
06.12.2023 14:48:06,0.01301914,-0.3369405,0.01809583,0.941262,-2.103416,134.3647,-1.450284,-0.06835599,-0.2707238,-0.04094006,0.9593539,13.81949,126.3317,7.409302
06.12.2023 14:48:06,0.01237359,-0.3368796,0.01794768,0.9412953,-2.027939,134.3577,-1.459324,-0.06732138,-0.2709715,-0.04145973,0.9593349,13.72177,126.355,7.496979
06.12.2023 14:48:06,0.0117503,-0.3367499,0.01765146,0.9413554,-1.949044,134.3425,-1.451653,-0.06543665,-0.271047,-0.04328061,0.9593635,13.56998,126.3463,7.757446
06.12.2023 14:48:06,0.01112539,-0.3363592,0.0173328,0.9415085,-1.868712,134.2956,-1.44212,-0.06415395,-0.2709053,-0.0445443,0.9594324,13.46686,126.3175,7.939087
06.12.2023 14:48:06,0.01040453,-0.3359524,0.01685262,0.9416708,-1.771791,134.247,-1.418802,-0.06316912,-0.2706952,-0.04557394,0.9595087,13.38916,126.2831,8.085968
06.12.2023 14:48:06,0.009610139,-0.3351794,0.01654731,0.94196,-1.673124,134.1537,-1.417764,-0.0641639,-0.2706154,-0.04535234,0.9594756,13.49213,126.2766,8.031281
06.12.2023 14:48:06,0.008629047,-0.3344704,0.01614887,0.9422284,-1.550825,134.0684,-1.413548,-0.06611215,-0.2706425,-0.04460257,0.9593709,13.68457,126.2887,7.88736
06.12.2023 14:48:06,0.007245882,-0.3336051,0.01592601,0.9425505,-1.391577,133.9641,-1.443722,-0.06828903,-0.2706834,-0.04393898,0.9592375,13.90509,126.3028,7.745728
06.12.2023 14:48:06,0.005632343,-0.3326508,0.01557794,0.9429046,-1.202472,133.8496,-1.468964,-0.06999319,-0.2705515,-0.04322457,0.9591843,14.0712,126.2963,7.614594
06.12.2023 14:48:06,0.003381312,-0.3315393,0.01515114,0.9433137,-0.9411642,133.7169,-1.509692,-0.07172085,-0.2703419,-0.04171618,0.9591826,14.21515,126.2875,7.394958
06.12.2023 14:48:06,0.0009384534,-0.3303124,0.01451953,0.9437596,-0.6510838,133.571,-1.535003,-0.07212991,-0.2699656,-0.04147434,0.9592683,14.25201,126.2453,7.358978
06.12.2023 14:48:06,-0.00203631,-0.3289688,0.01375872,0.9442384,-0.298332,133.4122,-1.565696,-0.07135944,-0.2697406,-0.04258183,0.9593408,14.20041,126.2072,7.508453
06.12.2023 14:48:06,-0.005228663,-0.3271069,0.01291345,0.9448847,5.082092,133.1915,-1.594411,-0.07033892,-0.2697472,-0.04395761,0.9593522,14.12997,126.1944,7.693298
06.12.2023 14:48:06,-0.008072689,-0.3251848,0.01219169,0.9455374,5.42038,132.9637,-1.622054,-0.06979524,-0.2697771,-0.04455108,0.9593561,14.0882,126.192,7.77594
06.12.2023 14:48:06,-0.01080702,-0.3231747,0.01144706,0.9462084,5.747864,132.7256,-1.641758,-0.0693741,-0.2695452,-0.04449578,0.9594544,14.03918,126.1637,7.784973
06.12.2023 14:48:06,-0.01328884,-0.321023,0.01081997,0.9469164,6.043976,132.4705,-1.663419,-0.06940678,-0.2689967,-0.04429721,0.9596151,14.0351,126.0995,7.767029
06.12.2023 14:48:06,-0.01558594,-0.3190005,0.009990926,0.9475738,6.327301,132.2308,-1.655269,-0.06972573,-0.2678844,-0.04422481,0.9599065,14.065,125.9672,7.759735
06.12.2023 14:48:06,-0.01760216,-0.3169475,0.009324086,0.9482339,6.574188,131.9872,-1.653306,-0.07002023,-0.2667296,-0.04436912,0.9601999,14.09872,125.828,7.777832
06.12.2023 14:48:06,-0.01971749,-0.3149803,0.008487347,0.9488554,6.83786,131.7542,-1.635584,-0.07067799,-0.264901,-0.04503494,0.9606268,14.18658,125.6043,7.84967
06.12.2023 14:48:06,-0.02197565,-0.3127646,0.00760714,0.949546,7.119019,131.4919,-1.616664,-0.07154401,-0.2628486,-0.04541894,0.9611083,14.28815,125.3565,7.886322
06.12.2023 14:48:06,-0.024322,-0.3106606,0.006641402,0.9501865,7.412537,131.2435,-1.590593,-0.07270649,-0.2608161,-0.0449194,0.9615982,14.39618,125.1192,7.815613
06.12.2023 14:48:06,-0.02662738,-0.3085477,0.005646661,0.9508193,7.702576,130.994,-1.558626,-0.07352423,-0.2590749,-0.04449825,0.9620262,14.46942,124.9157,7.761414
06.12.2023 14:48:06,-0.02881203,-0.3064098,0.004482466,0.951453,7.985291,130.7408,-1.502575,-0.07360426,-0.2574917,-0.04444308,0.9624476,14.47214,124.7267,7.768555
06.12.2023 14:48:06,-0.03079826,-0.3043966,0.003405173,0.9520413,8.24292,130.5023,-1.448246,-0.07347932,-0.2561786,-0.04501776,0.9627807,14.47134,124.5641,7.849609
06.12.2023 14:48:06,-0.03265226,-0.3023266,0.00227525,0.9526423,8.487793,130.2563,-1.382278,-0.07251881,-0.2551131,-0.04581993,0.9630986,14.3848,124.4279,7.977997
06.12.2023 14:48:06,-0.03418992,-0.300218,0.001121995,0.953257,8.6987,130.0045,-1.301601,-0.0712856,-0.2540949,-0.04627356,0.9634381,14.25766,124.3003,8.074554
06.12.2023 14:48:06,-0.03546667,-0.2983407,0.0001065504,0.9538003,8.875732,129.78,-1.227056,-0.07024388,-0.2529376,-0.04607513,0.9638286,14.13229,124.162,8.093567
06.12.2023 14:48:06,-0.036413,-0.2963948,-0.0009465755,0.9543707,9.01767,129.5459,-1.13609,-0.06922381,-0.2516191,-0.04591793,0.9642549,14.00998,124.0043,8.117737
06.12.2023 14:48:06,-0.03695109,-0.2942597,-0.002065468,0.9550087,9.116974,129.2872,-1.022635,-0.0685022,-0.2498742,-0.04535097,0.9647868,13.90775,123.7996,8.091156
06.12.2023 14:48:06,-0.03718425,-0.2921668,-0.003068755,0.9556394,9.178436,129.0331,-0.91133,-0.06792409,-0.2478895,-0.04490905,0.9653602,13.82443,123.5656,8.076355
06.12.2023 14:48:06,-0.03706715,-0.2897977,-0.004060588,0.9563613,9.200836,128.7448,-0.788078,-0.06704009,-0.2459147,-0.0449434,0.9659253,13.72058,123.3288,8.123108
06.12.2023 14:48:06,-0.03671952,-0.2874525,-0.00483244,0.9570786,9.190063,128.4595,-0.6813759,-0.06634697,-0.244085,-0.04531629,0.9664197,13.6478,123.107,8.200806
06.12.2023 14:48:06,-0.03628822,-0.2849902,-0.005570133,0.9578271,9.168549,128.1605,-0.5752414,-0.06587952,-0.242691,-0.04516548,0.9668097,13.58685,122.9417,8.20932
06.12.2023 14:48:06,-0.03556833,-0.2823482,-0.006073732,0.9586332,9.107269,127.8401,-0.4848469,-0.06542154,-0.2417078,-0.04429524,0.9671273,13.50842,122.8311,8.132996
06.12.2023 14:48:06,-0.0349321,-0.2796437,-0.006466556,0.9594464,9.051178,127.5135,-0.4094571,-0.0647305,-0.2410956,-0.04348131,0.9673636,13.40689,122.764,8.06604
06.12.2023 14:48:06,-0.03419499,-0.2768,-0.006707813,0.9602955,8.978851,127.1707,-0.347329,-0.06375757,-0.2404013,-0.04289777,0.967627,13.28009,122.685,8.033203
06.12.2023 14:48:06,-0.03339354,-0.2736939,-0.00709322,0.9612108,8.903656,126.7965,-0.2666471,-0.06220397,-0.240189,-0.04254836,0.9677963,13.0965,122.6612,8.038269
06.12.2023 14:48:06,-0.03259484,-0.2707156,-0.007416363,0.9620788,8.826355,126.4382,-0.1939556,-0.06072785,-0.2401788,-0.04258111,0.9678911,12.93271,122.6587,8.082336
06.12.2023 14:48:07,-0.03187466,-0.2678532,-0.007846344,0.9629004,8.76059,126.094,-0.1128272,-0.0590451,-0.2398431,-0.04319101,0.9680514,12.76068,122.6136,8.199371
06.12.2023 14:48:07,-0.03124834,-0.2649071,-0.008325665,0.9637315,8.706238,125.7403,-0.02919042,-0.05753785,-0.2393511,-0.04391936,0.9682311,12.61087,122.5495,8.325928
06.12.2023 14:48:07,-0.03066835,-0.2618686,-0.008777719,0.9645762,8.655731,125.3762,5.050018,-0.05607452,-0.2387445,-0.04313763,0.9685019,12.42419,122.4826,8.282715
06.12.2023 14:48:07,-0.03009275,-0.2590378,-0.009225485,0.9653542,8.605133,125.0372,5.127533,-0.05467078,-0.2382054,-0.04204379,0.9687629,12.23599,122.4258,8.202209
06.12.2023 14:48:07,-0.02952179,-0.2561856,-0.009707556,0.9661279,8.555634,124.6959,5.208466,-0.05371791,-0.2379216,-0.04033311,0.9689587,12.08218,122.4033,8.038422
06.12.2023 14:48:07,-0.02864898,-0.2534105,-0.009979397,0.966883,8.466125,124.3644,5.274261,-0.05309939,-0.2378657,-0.03882899,0.969068,11.97211,122.4062,7.887054
06.12.2023 14:48:07,-0.02782775,-0.2507896,-0.01033202,0.9675864,8.384369,124.0513,5.346466,-0.0525331,-0.237725,-0.03781435,0.9691735,11.88092,122.3958,7.789734
06.12.2023 14:48:07,-0.02696896,-0.2481943,-0.01058557,0.968277,8.295258,123.7419,5.408203,-0.05229774,-0.2379589,-0.03791593,0.9691249,11.85809,122.4228,7.805817
06.12.2023 14:48:07,-0.02598528,-0.2454923,-0.01067218,0.9689915,8.187225,123.4207,5.454742,-0.05207258,-0.2379477,-0.03743084,0.9691586,11.81976,122.4244,7.75769
06.12.2023 14:48:07,-0.0251467,-0.2429991,-0.0108313,0.9696401,8.097229,123.1244,5.503998,-0.05221231,-0.2379701,-0.03589618,0.9692036,11.79361,122.4368,7.581909
06.12.2023 14:48:07,-0.02445214,-0.2406488,-0.01087879,0.9702432,8.02002,122.8457,5.53598,-0.05221407,-0.2378622,-0.03449327,0.969281,11.75531,122.4327,7.425568
06.12.2023 14:48:07,-0.02374654,-0.2383678,-0.01095375,0.9708228,7.942261,122.5754,5.570709,-0.05202372,-0.2376251,-0.03340986,0.9693872,11.70401,122.4112,7.311127
06.12.2023 14:48:07,-0.02312774,-0.2362944,-0.01088979,0.9713452,7.870361,122.3303,5.586639,-0.05196672,-0.2376033,-0.03234275,0.9694319,11.66858,122.4151,7.193359
06.12.2023 14:48:07,-0.02260772,-0.2342093,-0.01081934,0.9718631,7.809265,122.084,5.598907,-0.05207519,-0.2373022,-0.0314714,0.9695284,11.65631,122.3849,7.094971
06.12.2023 14:48:07,-0.02201449,-0.2321843,-0.0107071,0.9723637,7.738892,121.8451,5.608002,-0.05189218,-0.2369809,-0.03120672,0.9696254,11.62802,122.3482,7.07251
06.12.2023 14:48:07,-0.02172283,-0.230503,-0.01039964,0.9727736,7.697174,121.6475,5.586151,-0.05154084,-0.2365592,-0.03102064,0.9697531,11.58289,122.299,7.064087
06.12.2023 14:48:07,-0.02146618,-0.2285959,-0.0100989,0.9732323,7.659485,121.4233,5.564575,-0.05112856,-0.2360649,-0.03120693,0.9698894,11.54086,122.2389,7.099426
06.12.2023 14:48:07,-0.02119796,-0.2269688,-0.009911474,0.9736209,7.623718,121.232,5.555084,-0.05099645,-0.2355105,-0.03084403,0.9700427,11.51514,122.1753,7.066101
06.12.2023 14:48:07,-0.02109314,-0.2252989,-0.009654197,0.9740135,7.604431,121.0359,5.533539,-0.05095257,-0.2349533,-0.03026769,0.9701983,11.49353,122.1127,7.0065
06.12.2023 14:48:07,-0.02099719,-0.2237398,-0.009412263,0.9743773,7.586639,120.8529,5.513123,-0.05128617,-0.2344351,-0.02977592,0.9703212,11.51648,122.0546,6.945984
06.12.2023 14:48:07,-0.0208642,-0.222334,-0.009339134,0.9747025,7.569183,120.6877,5.512054,-0.0516677,-0.233914,-0.02945788,0.9704365,11.5495,121.9952,6.903656
06.12.2023 14:48:07,-0.02068434,-0.2208931,-0.009263036,0.9750347,7.546387,120.5183,5.511902,-0.05215297,-0.2333938,-0.02939643,0.9705376,11.60101,121.9345,6.88736
06.12.2023 14:48:07,-0.02060314,-0.2195942,-0.009100489,0.9753312,7.532532,120.3659,5.499146,-0.05299819,-0.2330641,-0.02930337,0.9705739,11.69226,121.897,6.856659
06.12.2023 14:48:07,-0.02057645,-0.2182825,-0.00895904,0.9756275,7.52533,120.2121,5.487396,-0.0537616,-0.2326032,-0.02867018,0.9706614,11.75974,121.8473,6.768555
06.12.2023 14:48:07,-0.02058702,-0.217084,-0.008734354,0.9758967,7.520325,120.0718,5.465088,-0.05481346,-0.2322554,-0.02806415,0.9707035,11.86044,121.8114,6.67511
06.12.2023 14:48:07,-0.02072741,-0.2160227,-0.008416158,0.976132,7.527649,119.948,5.428741,-0.05551133,-0.231801,-0.0275575,0.970787,11.92413,121.7619,6.602997
06.12.2023 14:48:07,-0.02071753,-0.2149222,-0.00820376,0.976377,7.520844,119.8192,5.408051,-0.05620321,-0.2312577,-0.02750231,0.9708784,11.99905,121.699,6.582336
06.12.2023 14:48:07,-0.02080368,-0.2138924,-0.007867302,0.976604,7.52179,119.6992,5.37088,-0.05624627,-0.2305593,-0.02795478,0.971029,12.01471,121.6134,6.637024
06.12.2023 14:48:07,-0.02089958,-0.2129313,-0.007555641,0.9768144,7.524567,119.5871,5.336121,-0.05643512,-0.2299608,-0.02809791,0.9711558,12.03857,121.5419,6.652435
06.12.2023 14:48:07,-0.02095234,-0.2120007,-0.007239033,0.9770181,7.522461,119.4787,5.301758,-0.05637338,-0.229326,-0.02823666,0.9713055,12.03424,121.4657,6.674255
06.12.2023 14:48:07,-0.02096821,-0.2112296,-0.006875355,0.9771874,7.515198,119.3891,5.262604,-0.05628878,-0.228608,-0.02843489,0.9714739,12.02872,121.3793,6.703918
06.12.2023 14:48:07,-0.02087333,-0.2105331,-0.006512206,0.9773422,7.495605,119.3082,5.225983,-0.05624074,-0.228338,-0.02825049,0.9715455,12.01807,121.3484,6.686462
06.12.2023 14:48:07,-0.02075767,-0.2098214,-0.005933562,0.9775014,7.468567,119.2259,5.16571,-0.05618784,-0.2280771,-0.0279628,0.9716182,12.00418,121.3194,6.65744
06.12.2023 14:48:07,-0.02057089,-0.2093014,-0.005464469,0.9776196,7.436279,119.1659,5.118896,-0.05648489,-0.2278322,-0.02804338,0.9716561,12.03906,121.2903,6.660522
06.12.2023 14:48:07,-0.02025119,-0.2087215,-0.004881129,0.9777533,7.386414,119.0989,5.062592,-0.05665401,-0.227682,-0.02783939,0.9716873,12.0524,121.2741,6.634308
06.12.2023 14:48:07,-0.0200914,-0.2083854,-0.004279557,0.9778311,7.354126,119.0607,-0.0002374962,-0.0569791,-0.2275644,-0.02720056,0.971714,12.0719,121.2649,6.554962
06.12.2023 14:48:07,-0.01989901,-0.2079721,-0.003642475,0.9779255,7.317352,119.0134,-0.06610136,-0.05722204,-0.2273026,-0.02614832,0.9717898,12.0712,121.2412,6.432434
06.12.2023 14:48:07,-0.01973209,-0.2078864,-0.002925002,0.9779496,7.281555,119.0047,-0.1423817,-0.0572567,-0.226979,-0.02539562,0.9718834,12.05502,121.2079,6.349396
06.12.2023 14:48:07,-0.01949627,-0.2077255,-0.002319989,0.9779902,7.240723,118.9869,-0.204238,-0.05691107,-0.2266053,-0.02533421,0.9719925,12.01425,121.1635,6.354218
06.12.2023 14:48:07,-0.01929797,-0.2077773,-0.001572619,0.9779845,7.200684,118.9943,-0.283444,-0.05618447,-0.2262559,-0.02624534,0.972092,11.95612,121.115,6.477905
06.12.2023 14:48:07,-0.01905521,-0.2078241,-0.000902321,0.9779802,7.157471,119.0008,-0.3529285,-0.05543241,-0.2259253,-0.02680928,0.9721966,11.88611,121.0711,6.56308
06.12.2023 14:48:07,-0.01871807,-0.2080274,-0.0001813635,0.9779439,7.102417,119.0256,-0.4261713,-0.05469339,-0.2257964,-0.02668255,0.9722719,11.79996,121.0555,6.568878
06.12.2023 14:48:07,-0.01854549,-0.2083553,0.0006142292,0.9778772,7.063934,119.0654,-0.5119549,-0.05401689,-0.2256922,-0.02620175,0.972347,11.7117,121.0452,6.533142
06.12.2023 14:48:07,-0.01825383,-0.2087526,0.001410753,0.9777972,7.011963,119.1131,-0.5951036,-0.05351986,-0.2256073,-0.02605759,0.9723981,11.65225,121.0354,6.530426
06.12.2023 14:48:07,-0.01809844,-0.2092291,0.001987968,0.9776972,6.980408,119.1698,-0.6570567,-0.05321284,-0.225788,-0.02590084,0.9723772,11.61414,121.0573,6.519531
06.12.2023 14:48:07,-0.01772083,-0.2096516,0.002525628,0.9776123,6.924896,119.2197,-0.7090851,-0.05324616,-0.2261886,-0.02519809,0.9723007,11.60025,121.109,6.437073
06.12.2023 14:48:07,-0.01756003,-0.2101463,0.003175623,0.9775071,6.890839,119.2786,-0.7790256,-0.05324804,-0.2265548,-0.02464106,0.9722296,11.58655,121.1557,6.37204
06.12.2023 14:48:07,-0.01732633,-0.2107791,0.003729206,0.9773731,6.850769,119.3534,-0.836624,-0.05337953,-0.2272301,-0.02379038,0.972086,11.58002,121.241,6.268616
06.12.2023 14:48:07,-0.01715323,-0.2113446,0.004225478,0.9772519,6.818878,119.4203,-0.8890951,-0.05327863,-0.2280263,-0.02332985,0.9719163,11.55774,121.3377,6.214203
06.12.2023 14:48:07,-0.01700615,-0.2120534,0.004804238,0.9770983,6.787689,119.5042,-0.9516656,-0.05318161,-0.2286095,-0.02315138,0.9717888,11.54294,121.4077,6.19278
06.12.2023 14:48:07,-0.01689523,-0.2126317,0.005374878,0.9769716,6.760773,119.5728,-1.013929,-0.05287122,-0.2291801,-0.02354,0.971662,11.51917,121.4723,6.240662
06.12.2023 14:48:07,-0.01673183,-0.2132751,0.005818384,0.9768316,6.730957,119.6487,-1.060753,-0.05287717,-0.2297239,-0.02426656,0.9715154,11.53967,121.5322,6.318268
06.12.2023 14:48:07,-0.01660314,-0.2138552,0.006205653,0.9767045,6.706421,119.7171,-1.101983,-0.05306445,-0.2303434,-0.02461927,0.9713496,11.57074,121.6037,6.348663
06.12.2023 14:48:07,-0.01647986,-0.2144362,0.006427696,0.9765778,6.686523,119.7854,-1.12482,-0.05367056,-0.2311561,-0.02442377,0.9711281,11.6344,121.7021,6.305145
06.12.2023 14:48:07,-0.01614404,-0.2151974,0.006489837,0.9764156,6.646515,119.8742,-1.124787,-0.05441116,-0.231774,-0.02350195,0.9709624,11.69342,121.7823,6.177917
06.12.2023 14:48:07,-0.01583306,-0.2157699,0.006491577,0.9762943,6.611023,119.9408,-1.118238,-0.05486516,-0.2321289,-0.02321038,0.9708591,11.73679,121.827,6.130676
06.12.2023 14:48:07,-0.01552907,-0.2163952,0.006538371,0.9761605,6.575134,120.0138,-1.116949,-0.05519892,-0.2324524,-0.02302734,0.9707671,11.76953,121.8671,6.098999
06.12.2023 14:48:07,-0.01509114,-0.2170728,0.006545608,0.9760168,6.525208,120.0925,-1.107931,-0.05483987,-0.2325623,-0.02276426,0.9707673,11.72256,121.881,6.078339
06.12.2023 14:48:07,-0.01469921,-0.2176277,0.006588326,0.9758989,6.479675,120.157,-1.103781,-0.05457664,-0.2326921,-0.02205172,0.9707675,11.67429,121.9003,6.004669
06.12.2023 14:48:07,-0.01417598,-0.2180714,0.00661636,0.9758074,6.419952,120.2083,-1.094485,-0.05414266,-0.2328199,-0.02055609,0.970794,11.586,121.9236,5.8479
06.12.2023 14:48:07,-0.01373525,-0.2185314,0.006748318,0.9757099,6.366852,120.2617,-1.098853,-0.0537031,-0.2329741,-0.0195949,0.9708013,11.51135,121.9467,5.751007
06.12.2023 14:48:07,-0.01333879,-0.218776,0.006818273,0.9756601,6.320496,120.2898,-1.09706,-0.05244351,-0.2329761,-0.02089021,0.9708427,11.4054,121.9365,5.92981
06.12.2023 14:48:07,-0.01278289,-0.2190343,0.007066868,0.9756079,6.251801,120.3195,-1.111229,-0.05147795,-0.2333251,-0.02205343,0.9707848,11.3291,121.9691,6.083618
06.12.2023 14:48:07,-0.01218239,-0.2191957,0.007102413,0.975579,6.183594,120.3375,-1.1003,-0.05061063,-0.233779,-0.02297976,0.9706997,11.25766,122.016,6.207611
06.12.2023 14:48:07,-0.01169552,-0.2191565,0.007131286,0.9755936,6.128479,120.3322,-1.091233,-0.05038934,-0.2340931,-0.02275769,0.9706408,11.22739,122.0541,6.186676
06.12.2023 14:48:07,-0.01111019,-0.2192011,0.007128787,0.9755904,6.063049,120.3365,-1.07628,-0.05065001,-0.2341247,-0.02226397,0.970631,11.24326,122.0611,6.124207
06.12.2023 14:48:07,-0.01030608,-0.219118,0.007064351,0.9756184,5.974854,120.3254,-1.048764,-0.05089987,-0.2339647,-0.02211437,0.9706599,11.26694,122.0435,6.101776
06.12.2023 14:48:07,-0.009689739,-0.219067,0.007118832,0.9756358,5.904633,120.3185,-1.039313,-0.05172115,-0.2335588,-0.02162402,0.9707254,11.345,121.9998,6.027466
06.12.2023 14:48:07,-0.008842867,-0.2191076,0.007146762,0.9756345,5.809204,120.3221,-1.021186,-0.05260001,-0.2332245,-0.02077463,0.970777,11.42001,121.9669,5.911011
06.12.2023 14:48:07,-0.008190813,-0.219226,0.007112569,0.9756138,5.737061,120.3351,-1.001063,-0.05317635,-0.2332628,-0.01986168,0.9707555,11.45993,121.9781,5.793091
06.12.2023 14:48:07,-0.007592591,-0.2194998,0.007075584,0.9755574,5.670837,120.3665,-0.9820746,-0.05314306,-0.2336387,-0.02001896,0.9706637,11.46075,122.0216,5.809082
06.12.2023 14:48:07,-0.007044875,-0.2196696,0.0068717,0.9755247,5.614563,120.3856,-0.9455988,-0.05273245,-0.233899,-0.0207986,0.970607,11.43607,122.0469,5.90567
06.12.2023 14:48:07,-0.006663205,-0.2198997,0.00646024,0.9754784,5.582031,120.4119,-0.8901213,-0.05159685,-0.2347137,-0.02298077,0.9704221,11.3689,122.1284,6.175079
06.12.2023 14:48:07,-0.006212689,-0.2202562,0.005843339,0.9754048,5.546936,120.453,-0.8099974,-0.05121515,-0.2353283,-0.02401459,0.9702685,11.35495,122.1945,6.297028
06.12.2023 14:48:07,-0.005938934,-0.2205075,0.00524457,0.9753531,5.53125,120.4819,-0.7362897,-0.050978,-0.2357973,-0.02450431,0.9701549,11.34238,122.2468,6.355164
06.12.2023 14:48:07,-0.005649065,-0.2207622,0.004498649,0.975301,5.517548,120.5112,-0.6457217,-0.05128457,-0.2362839,-0.02459432,0.970018,11.37967,122.3044,6.353729
06.12.2023 14:48:07,-0.005385148,-0.2211126,0.003879315,0.9752257,5.50351,120.5518,-0.570002,-0.05211203,-0.2362486,-0.02463693,0.9699814,11.47308,122.3013,6.336304
06.12.2023 14:48:07,-0.005254508,-0.221374,0.003195525,0.9751696,5.506104,120.5822,-0.4904072,-0.05327655,-0.2362146,-0.02476296,0.9699233,11.60635,122.2985,6.319061
06.12.2023 14:48:07,-0.005190848,-0.2216458,0.002510822,0.9751102,5.516266,120.6137,-0.4124191,-0.0546519,-0.2363793,-0.02444061,0.9698148,11.75125,122.3226,6.244507
06.12.2023 14:48:07,-0.00503039,-0.2219521,0.001811378,0.9750429,5.515991,120.6493,-0.3303456,-0.05599742,-0.2367171,-0.02435024,0.9696578,11.89932,122.3659,6.195435
06.12.2023 14:48:07,-0.004959428,-0.2223386,0.001154924,0.9749562,5.524658,120.6944,-0.2553986,-0.05677648,-0.2370878,-0.02486667,0.9695089,12.0007,122.4081,6.22937
06.12.2023 14:48:07,-0.004857469,-0.2227184,0.0004456365,0.9748706,5.531281,120.7386,-0.1737612,-0.05686742,-0.2379595,-0.02600896,0.96926,12.04315,122.5043,6.348419
06.12.2023 14:48:07,-0.004719767,-0.22322,-0.0004567274,0.9747565,5.538879,120.7971,-0.06971471,-0.05695637,-0.238617,-0.02638345,0.969083,12.06424,122.5801,6.383087
06.12.2023 14:48:07,-0.004713023,-0.223452,-0.001216546,0.9747028,5.557556,120.824,5.015198,-0.05651497,-0.2393161,-0.02597678,0.9689474,12.00485,122.6649,6.344604
06.12.2023 14:48:07,-0.004625164,-0.22386,-0.00214346,0.974608,5.571533,120.8715,5.120758,-0.05622201,-0.2396342,-0.0254013,0.9689011,11.95682,122.7057,6.28598
06.12.2023 14:48:07,-0.004664592,-0.2241468,-0.002866459,0.9745401,5.594543,120.9048,5.200317,-0.05597492,-0.2397391,-0.02521336,0.9688944,11.92426,122.7189,6.270996
06.12.2023 14:48:07,-0.004572065,-0.2245086,-0.003818047,0.9744539,5.608765,120.9468,5.308746,-0.05564268,-0.2397669,-0.02566639,0.9688947,11.89969,122.7186,6.330627
06.12.2023 14:48:07,-0.004733667,-0.2248939,-0.004540787,0.9743612,5.645569,120.9917,5.38504,-0.05529215,-0.2396115,-0.02611234,0.9689413,11.87268,122.6967,6.391266
06.12.2023 14:48:07,-0.004732451,-0.2251603,-0.00521173,0.9742963,5.662842,121.0226,5.459808,-0.05519853,-0.2395327,-0.02616238,0.9689648,11.86349,122.6869,6.399994
06.12.2023 14:48:07,-0.004798812,-0.2254433,-0.005781503,0.9742273,5.68512,121.0555,5.521515,-0.0552311,-0.2394426,-0.02554801,0.9690016,11.85013,122.6801,6.331024
06.12.2023 14:48:08,-0.004805284,-0.2257046,-0.006316184,0.9741635,5.699799,121.0859,5.580841,-0.05517865,-0.2394022,-0.02519914,0.9690237,11.83466,122.6774,6.293732
06.12.2023 14:48:08,-0.004786526,-0.2259553,-0.006737996,0.9741027,5.708771,121.1151,5.628235,-0.05500851,-0.2396298,-0.02548005,0.9689698,11.8237,122.7023,6.328217
06.12.2023 14:48:08,-0.004793092,-0.2260095,-0.007273384,0.9740862,5.723419,121.1212,5.687805,-0.05477677,-0.240068,-0.02623415,0.9688543,11.81924,122.7492,6.415833
06.12.2023 14:48:08,-0.004557401,-0.226123,-0.007596343,0.9740585,5.705536,121.1344,5.729889,-0.05446261,-0.2403807,-0.02661256,0.9687842,11.7951,122.7834,6.46463
06.12.2023 14:48:08,-0.004316643,-0.2262125,-0.008000067,0.9740356,5.689209,121.1448,5.781128,-0.0543082,-0.2405709,-0.02611127,0.9687593,11.76437,122.8087,6.411499
06.12.2023 14:48:08,-0.004074486,-0.2263766,-0.008220538,0.9739966,5.66803,121.1641,5.81189,-0.05420395,-0.2408096,-0.02597991,0.9687093,11.74948,122.8377,6.39801
06.12.2023 14:48:08,-0.003915012,-0.2264116,-0.008505553,0.9739867,5.657654,121.1681,5.847809,-0.05395663,-0.2411273,-0.02600267,0.9686435,11.72299,122.8748,6.405182
06.12.2023 14:48:08,-0.003586163,-0.226526,-0.008705662,0.9739596,5.626251,121.1816,5.878601,-0.05395175,-0.2414744,-0.026161,0.968553,11.72736,122.915,6.420593
06.12.2023 14:48:08,-0.003209827,-0.2266871,-0.008930047,0.9739214,5.59021,121.2007,5.91333,-0.05384591,-0.2416375,-0.02625884,0.9685156,11.71851,122.9336,6.433319
06.12.2023 14:48:08,-0.002803157,-0.2267559,-0.009297929,0.9739032,5.554443,121.2089,5.964905,-0.05403085,-0.2417722,-0.02657784,0.968463,11.74814,122.948,6.462921
06.12.2023 14:48:08,-0.002394852,-0.2268324,-0.009602856,0.9738836,5.516876,121.218,6.009521,-0.05407371,-0.2417793,-0.02703189,0.9684463,11.76553,122.9461,6.512421
06.12.2023 14:48:08,-0.00201167,-0.2270681,-0.009749057,0.973828,5.478149,121.246,6.035675,-0.05429263,-0.2418805,-0.02735136,0.9683998,11.79892,122.9565,6.541351
06.12.2023 14:48:08,-0.001605037,-0.2272658,-0.009902464,0.9737811,5.436981,121.2696,6.063293,-0.05471054,-0.2421025,-0.02715662,0.9683263,11.84042,122.9848,6.506409
06.12.2023 14:48:08,-0.001459949,-0.2276495,-0.009944025,0.9736913,5.422302,121.3148,6.071533,-0.05497762,-0.2423358,-0.02670223,0.9682654,11.85791,123.0158,6.446533
06.12.2023 14:48:08,-0.001257855,-0.2279509,-0.009920959,0.9736213,5.399475,121.3505,6.074097,-0.05530162,-0.2428907,-0.02635994,0.9681173,11.88528,123.0845,6.395294
06.12.2023 14:48:08,-0.001181089,-0.2282252,-0.009949109,0.9735569,5.391968,121.3829,6.079132,-0.05538403,-0.2433489,-0.02684256,0.9679842,11.9086,123.136,6.443665
06.12.2023 14:48:08,-0.001242887,-0.228603,-0.009988663,0.9734677,5.400299,121.4272,6.081787,-0.05547546,-0.2440675,-0.02749424,0.9677798,11.93811,123.2174,6.508789
06.12.2023 14:48:08,-0.001443074,-0.2291158,-0.01012481,0.9733455,5.426788,121.4874,6.091492,-0.05555227,-0.2446826,-0.02781286,0.9676109,11.95654,123.2886,6.537781
06.12.2023 14:48:08,-0.001492449,-0.2295042,-0.01019212,0.9732532,5.434509,121.5331,6.097534,-0.05561366,-0.2452928,-0.0278914,0.9674506,11.96655,123.3608,6.540436
06.12.2023 14:48:08,-0.001827539,-0.2300057,-0.01027538,0.9731333,5.47464,121.5917,6.097778,-0.05558482,-0.2456548,-0.02795535,0.9673585,11.96573,123.4034,6.545776
06.12.2023 14:48:08,-0.002103054,-0.2305994,-0.01020351,0.972993,5.50412,121.6614,6.082184,-0.05568089,-0.2462659,-0.02838787,0.9671851,11.98962,123.4734,6.586945
06.12.2023 14:48:08,-0.002315802,-0.231215,-0.01015161,0.972847,5.52713,121.7338,6.070465,-0.05572517,-0.2467575,-0.02861308,0.9670506,12.00171,123.5305,6.607269
06.12.2023 14:48:08,-0.002419467,-0.231635,-0.01010565,0.9727473,5.537933,121.7832,6.062347,-0.05579124,-0.2470324,-0.02850227,0.9669798,12.00638,123.5641,6.591034
06.12.2023 14:48:08,-0.002599945,-0.2322185,-0.01010303,0.9726077,5.558624,121.8518,6.056946,-0.05605954,-0.2472073,-0.02820887,0.9669282,12.0282,123.5872,6.549377
06.12.2023 14:48:08,-0.002736764,-0.232825,-0.01012579,0.9724621,5.575134,121.9231,6.055481,-0.05630933,-0.2473379,-0.02801361,0.966886,12.05066,123.6045,6.519531
06.12.2023 14:48:08,-0.002839725,-0.2331824,-0.01013221,0.9723761,5.587158,121.9651,6.053223,-0.0565644,-0.2475072,-0.02781237,0.9668336,12.07361,123.6264,6.488556
06.12.2023 14:48:08,-0.002930905,-0.2336993,-0.01007122,0.9722524,5.596252,122.026,6.043671,-0.05663365,-0.247754,-0.02750132,0.9667752,12.07285,123.6579,6.450043
06.12.2023 14:48:08,-0.003058946,-0.2341834,-0.01010356,0.9721351,5.611908,122.0829,6.043549,-0.05655605,-0.2476938,-0.02744713,0.9667967,12.06259,123.651,6.446655
06.12.2023 14:48:08,-0.003255398,-0.2345797,-0.009977995,0.9720402,5.630829,122.1296,6.024048,-0.0561263,-0.2476581,-0.02808841,0.9668125,12.03293,123.6417,6.530731
06.12.2023 14:48:08,-0.003408158,-0.2350463,-0.009995505,0.9719268,5.648804,122.1844,6.021576,-0.05559142,-0.2477922,-0.028655,0.9667924,11.98975,123.6531,6.608215
06.12.2023 14:48:08,-0.003602238,-0.2354141,-0.01006709,0.9718363,5.67276,122.2277,6.024048,-0.05537433,-0.2480144,-0.02881614,0.9667431,11.97055,123.6781,6.630798
06.12.2023 14:48:08,-0.003793746,-0.2356998,-0.01013039,0.9717658,5.696075,122.2611,6.025757,-0.0550108,-0.2482167,-0.02892617,0.9667087,11.93359,123.7008,6.651947
06.12.2023 14:48:08,-0.003986168,-0.2358969,-0.01016922,0.9717167,5.718781,122.2842,6.024719,-0.05481863,-0.2485681,-0.02919571,0.9666212,11.9205,123.7406,6.684998
06.12.2023 14:48:08,-0.004067427,-0.2362511,-0.0102333,0.9716296,5.729919,122.3259,6.029419,-0.05459197,-0.2488366,-0.02927783,0.9665624,11.8981,123.7716,6.6987
06.12.2023 14:48:08,-0.004082344,-0.2364401,-0.01008504,0.9715852,5.727783,122.3483,6.01236,-0.05450635,-0.2492029,-0.029071,0.9664791,11.8833,123.8163,6.675415
06.12.2023 14:48:08,-0.004064438,-0.236727,-0.009987364,0.9715164,5.723419,122.3822,6.00174,-0.05450112,-0.2493887,-0.02844093,0.9664502,11.86502,123.8424,6.603943
06.12.2023 14:48:08,-0.004115675,-0.2369525,-0.009803134,0.9714631,5.724365,122.4089,5.979675,-0.05453683,-0.2495951,-0.02792417,0.96641,11.85455,123.8702,6.543762
06.12.2023 14:48:08,-0.004110194,-0.2370459,-0.009815097,0.9714402,5.724182,122.4199,5.981079,-0.05454753,-0.2498046,-0.02776333,0.9663599,11.85147,123.8962,6.524017
06.12.2023 14:48:08,-0.004003446,-0.2373011,-0.009801395,0.9713784,5.712189,122.4501,5.982269,-0.0550452,-0.2498315,-0.02761872,0.9663289,11.90271,123.9012,6.493439
06.12.2023 14:48:08,-0.003903314,-0.2374011,-0.009792807,0.9713545,5.700897,122.4619,5.983978,-0.05536233,-0.2499798,-0.02760509,0.9662728,11.93781,123.9196,6.48175
06.12.2023 14:48:08,-0.003892911,-0.237739,-0.009749395,0.9712723,5.698914,122.5018,5.979156,-0.0554915,-0.2502107,-0.0278959,0.9661973,11.96085,123.9455,6.50882
06.12.2023 14:48:08,-0.003785526,-0.2378933,-0.00964411,0.9712361,5.684235,122.5202,5.970276,-0.05549552,-0.2506964,-0.02834256,0.9660581,11.97491,124.0005,6.555023
06.12.2023 14:48:08,-0.003705792,-0.238074,-0.009458959,0.9711939,5.670502,122.5417,5.951691,-0.05543409,-0.2512451,-0.02843787,0.9659163,11.97171,124.0651,6.563446
06.12.2023 14:48:08,-0.003566622,-0.2382095,-0.009380531,0.971162,5.652985,122.5578,5.946686,-0.05529151,-0.2518107,-0.02827977,0.9657818,11.95221,124.1331,6.545837
06.12.2023 14:48:08,-0.003365175,-0.2384411,-0.009208417,0.9711075,5.626099,122.5854,5.932861,-0.0550912,-0.2523516,-0.02789989,0.9656631,11.91983,124.1996,6.505371
06.12.2023 14:48:08,-0.003166152,-0.2386017,-0.00912051,0.9710696,5.601685,122.6045,5.928406,-0.05471287,-0.2526176,-0.02798571,0.9656126,11.88068,124.2299,6.523987
06.12.2023 14:48:08,-0.002948869,-0.2388467,-0.009126683,0.9710099,5.577911,122.6335,5.934906,-0.05477836,-0.2528158,-0.02813251,0.9655527,11.89255,124.2528,6.537018
06.12.2023 14:48:08,-0.002847658,-0.238914,-0.008952714,0.9709953,5.561951,122.6417,5.918274,-0.05511057,-0.2529419,-0.02767755,0.9655139,11.91644,124.2713,6.475769
06.12.2023 14:48:08,-0.002745605,-0.2390227,-0.008898143,0.9709693,5.549225,122.6546,5.914917,-0.05551134,-0.2531829,-0.0269788,0.9654476,11.94104,124.3052,6.38446
06.12.2023 14:48:08,-0.002573234,-0.2391527,-0.008828665,0.9709384,5.528259,122.6701,5.911835,-0.05593493,-0.2533153,-0.02610992,0.9654123,11.96301,124.3274,6.274323
06.12.2023 14:48:08,-0.002356819,-0.2392298,-0.008639369,0.9709217,5.499054,122.6794,5.896667,-0.05596019,-0.2535216,-0.02596041,0.9653607,11.96173,124.3529,6.255432
06.12.2023 14:48:08,-0.002241526,-0.2392106,-0.008500012,0.970928,5.482391,122.6773,5.884338,-0.0558438,-0.2536763,-0.02604562,0.9653245,11.95151,124.3706,6.267212
06.12.2023 14:48:08,-0.002098358,-0.2392764,-0.008361536,0.9709132,5.462738,122.6852,5.872833,-0.05537605,-0.2540308,-0.02653607,0.9652449,11.91431,124.4087,6.332947
06.12.2023 14:48:08,-0.001999829,-0.2392416,-0.008173494,0.9709236,5.446594,122.6812,5.854614,-0.05510733,-0.254374,-0.02700143,0.965157,11.89853,124.4461,6.390198
06.12.2023 14:48:08,-0.001882682,-0.2391777,-0.007976672,0.9709412,5.428101,122.6739,5.835938,-0.05451842,-0.254773,-0.02758444,0.9650688,11.85077,124.4888,6.469513
06.12.2023 14:48:08,-0.001893226,-0.239211,-0.007783399,0.9709346,5.424011,122.6779,5.814148,-0.05420333,-0.2549869,-0.02782455,0.9650231,11.82312,124.5122,6.503967
06.12.2023 14:48:08,-0.00183355,-0.2391764,-0.0076663,0.9709442,5.414124,122.6739,5.802765,-0.05422739,-0.2548254,-0.02757399,0.9650716,11.81821,124.4945,6.476501
06.12.2023 14:48:08,-0.001919686,-0.2391788,-0.007487837,0.9709448,5.418823,122.6741,5.780548,-0.05431735,-0.2546768,-0.02732638,0.9651127,11.82074,124.4786,6.447327
06.12.2023 14:48:08,-0.001949731,-0.2391586,-0.00734226,0.9709508,5.418152,122.6718,5.763519,-0.05482774,-0.2540872,-0.02715611,0.9652441,11.87158,124.4104,6.417664
06.12.2023 14:48:08,-0.001940355,-0.2391054,-0.007117769,0.9709656,5.410919,122.6656,5.738831,-0.05521414,-0.253919,-0.02721836,0.9652646,11.91605,124.3908,6.41452
06.12.2023 14:48:08,-0.001898468,-0.2391945,-0.006841968,0.9709457,5.398773,122.6762,5.709259,-0.05568364,-0.253786,-0.02705835,0.9652771,11.96335,124.3769,6.383972
06.12.2023 14:48:08,-0.001805113,-0.2392948,-0.00662378,0.9709227,5.382477,122.6882,5.6875,-0.05613853,-0.2541106,-0.02657169,0.9651788,12.00015,124.4196,6.314087
06.12.2023 14:48:08,-0.001739375,-0.2394483,-0.006587184,0.9708852,5.374268,122.7064,5.68515,-0.05643166,-0.2543282,-0.02632076,0.9651113,12.02567,124.4478,6.27597
06.12.2023 14:48:08,-0.001722909,-0.239531,-0.006665717,0.9708644,5.374634,122.7161,5.694336,-0.05632252,-0.2546537,-0.0261318,0.965037,12.00845,124.4876,6.255707
06.12.2023 14:48:08,-0.001590815,-0.2396367,-0.006770898,0.9708378,5.362915,122.7286,5.709595,-0.05627163,-0.254843,-0.02613295,0.96499,12.00308,124.51,6.255951
06.12.2023 14:48:08,-0.001390562,-0.2397186,-0.006825675,0.9708174,5.342194,122.7384,5.721161,-0.05603084,-0.2547276,-0.02610117,0.9650353,11.97528,124.4959,6.260315
06.12.2023 14:48:08,-0.00114267,-0.2399129,-0.006676902,0.9707708,5.310669,122.7615,5.711365,-0.05597466,-0.2545365,-0.02619606,0.9650864,11.97156,124.4724,6.273895
06.12.2023 14:48:08,-0.0009294308,-0.2400171,-0.006461279,0.9707468,5.281097,122.774,5.693207,-0.05606863,-0.2541778,-0.02643334,0.965169,11.98843,124.4284,6.300201
06.12.2023 14:48:08,-0.0007970064,-0.2402174,-0.006124798,0.9706994,5.257263,122.7978,5.659363,-0.05651284,-0.254027,-0.02632179,0.9651859,12.0343,124.4121,6.275909
06.12.2023 14:48:08,-0.0007386619,-0.2403434,-0.005823751,0.9706702,5.242554,122.8128,5.627441,-0.05675791,-0.2539706,-0.02616966,0.9651905,12.05701,124.4069,6.252197
06.12.2023 14:48:08,-0.0007346318,-0.2405418,-0.005508509,0.9706229,5.233551,122.8363,5.592438,-0.05697187,-0.2540974,-0.02584703,0.9651532,12.07153,124.4246,6.209045
06.12.2023 14:48:08,-0.0007120418,-0.2406458,-0.005424918,0.9705976,5.22879,122.8486,5.58374,-0.05707172,-0.2541873,-0.02562731,0.9651295,12.07632,124.437,6.180969
06.12.2023 14:48:08,-0.0007805903,-0.2407564,-0.005308526,0.9705708,5.233276,122.8616,5.568878,-0.05690223,-0.2543778,-0.02548386,0.9650931,12.05356,124.4602,6.168549
06.12.2023 14:48:08,-0.000854157,-0.2410054,-0.00516799,0.9705096,5.237732,122.891,5.551178,-0.05684488,-0.2546697,-0.02531853,0.9650238,12.04269,124.4959,6.149658
06.12.2023 14:48:08,-0.0009246761,-0.241115,-0.005074689,0.9704829,5.243042,122.904,5.538818,-0.05684692,-0.2550661,-0.02523277,0.9649213,12.04089,124.5437,6.137146
06.12.2023 14:48:08,-0.0008826305,-0.2413172,-0.004907477,0.9704335,5.233856,122.9279,5.521332,-0.0567853,-0.255405,-0.0252336,0.9648352,12.03448,124.5839,6.136566
06.12.2023 14:48:08,-0.0008300395,-0.2415201,-0.004826441,0.9703835,5.225891,122.9519,5.513733,-0.05665313,-0.2555329,-0.02553791,0.9648011,12.02887,124.5969,6.173401
06.12.2023 14:48:08,-0.0007831773,-0.2416882,-0.004732437,0.9703421,5.21814,122.9718,5.504547,-0.05651004,-0.2556242,-0.02577605,0.964779,12.02008,124.606,6.203491
06.12.2023 14:48:08,-0.0004849454,-0.2418655,-0.00463162,0.9702986,5.182281,122.9929,5.501556,-0.05631975,-0.2556052,-0.02599236,0.9647893,12.00528,124.6019,6.233307
06.12.2023 14:48:08,-0.0002974615,-0.2420272,-0.004541651,0.9702588,5.159027,123.0121,5.496704,-0.05621282,-0.2555967,-0.02596588,0.9647986,11.99265,124.6008,6.233582
06.12.2023 14:48:08,-0.0001731055,-0.2421344,-0.004486289,0.9702324,5.143738,123.0248,5.493988,-0.05620885,-0.255715,-0.02575614,0.9647731,11.98618,124.6162,6.209473
06.12.2023 14:48:08,8.10059E-05,-0.2422854,-0.004411901,0.970195,5.113495,123.0427,5.492767,-0.05626821,-0.2559464,-0.02517129,0.9647236,11.97589,124.6476,6.140869
06.12.2023 14:48:08,0.0002961727,-0.2423889,-0.004188348,0.9701701,5.083405,123.0551,5.473877,-0.05630092,-0.2562645,-0.02468347,0.9646499,11.96555,124.6887,6.083282
06.12.2023 14:48:08,0.0005523781,-0.2424529,-0.004067309,0.9701545,5.051605,123.0627,5.467529,-0.05611841,-0.256419,-0.02461876,0.9646212,11.94354,124.7071,6.080322
06.12.2023 14:48:08,0.0007814093,-0.242441,-0.003907802,0.970158,5.021698,123.0615,5.456146,-0.05600746,-0.2565835,-0.02470295,0.9645817,11.9339,124.7259,6.091797
06.12.2023 14:48:08,0.001028123,-0.2423967,-0.00386541,0.970169,-0.006931748,123.0563,5.458282,-0.05593812,-0.2567801,-0.02535207,0.9645166,11.94556,124.7451,6.164703
06.12.2023 14:48:08,0.001313527,-0.2423428,-0.00379861,0.9701824,-0.04054195,123.0501,5.458801,-0.05592279,-0.2571011,-0.02586961,0.9644182,11.95953,124.7801,6.220459
06.12.2023 14:48:08,0.00170043,-0.2421571,-0.003762722,0.9702283,-0.08464143,123.0284,5.465546,-0.05612759,-0.2574572,-0.02610789,0.9643049,11.98975,124.8215,6.238342
06.12.2023 14:48:08,0.002021973,-0.2420629,-0.003542173,0.970252,-0.1265544,123.0174,5.449921,-0.05634419,-0.2577242,-0.02601499,0.9642234,12.01135,124.8544,6.219635
06.12.2023 14:48:08,0.002445652,-0.2418778,-0.003255924,0.9702982,-0.1816825,122.9957,5.42981,-0.05643695,-0.2578262,-0.02625648,0.9641842,12.02893,124.8653,6.243042
06.12.2023 14:48:09,0.002824363,-0.241702,-0.002971186,0.9703419,-0.231757,122.9751,5.4086,-0.05640484,-0.2578513,-0.02678583,0.9641648,12.04108,124.8649,6.302734
06.12.2023 14:48:09,0.003272726,-0.2414967,-0.002620633,0.9703926,-0.2914025,122.951,5.381989,-0.05648949,-0.257827,-0.02737668,0.9641498,12.0679,124.8584,6.366211
06.12.2023 14:48:09,0.004006126,-0.2412866,-0.00234553,0.9704428,-0.3806498,122.9265,5.371613,-0.05688396,-0.2577239,-0.02746145,0.9641517,12.11404,124.8464,6.364716
06.12.2023 14:48:09,0.004872336,-0.2409963,-0.00204354,0.9705117,-0.4854355,122.8926,5.361847,-0.05732568,-0.2577763,-0.02745168,0.9641119,12.16281,124.8538,6.350159
06.12.2023 14:48:09,0.005808606,-0.2407059,-0.001850287,0.970579,-0.5950085,122.8589,5.366028,-0.05783573,-0.2579203,-0.02725631,0.9640484,12.21384,124.8734,6.312195
06.12.2023 14:48:09,0.007029613,-0.2404064,-0.001489071,0.9706457,-0.7408873,122.8241,5.359314,-0.05832423,-0.2579774,-0.02711436,0.9640077,12.26392,124.8823,6.281464
06.12.2023 14:48:09,0.008243492,-0.2400335,-0.001173135,0.9707289,-0.8847513,122.7808,5.3573,-0.05863189,-0.2580115,-0.0269727,0.9639839,12.29388,124.8881,6.256287
06.12.2023 14:48:09,0.00962377,-0.2395186,-0.0008255067,0.9708437,-1.04805,122.7208,5.356049,-0.05895979,-0.2580972,-0.02657366,0.963952,12.31857,124.9018,6.201447
06.12.2023 14:48:09,0.01118523,-0.2390607,-0.0004025137,0.9709401,-1.233555,122.6678,5.351288,-0.0592712,-0.2581855,-0.02633359,0.9639158,12.3461,124.9147,6.164764
06.12.2023 14:48:09,0.01283112,-0.238521,0.0001346686,0.9710526,-1.431605,122.605,5.335815,-0.0593007,-0.2581611,-0.026757,0.9639089,12.36191,124.9091,6.211243
06.12.2023 14:48:09,0.01465373,-0.2379294,0.0007961098,0.9711716,-1.65272,122.5362,5.311066,-0.05943526,-0.2583672,-0.02736304,0.9638284,12.39508,124.9299,6.273163
06.12.2023 14:48:09,0.0165059,-0.2371995,0.00133284,0.9713199,-1.873752,122.4514,5.300446,-0.05961193,-0.2586088,-0.0276138,0.9637455,12.42242,124.9576,6.293976
06.12.2023 14:48:09,0.01842656,-0.2363892,0.001964194,0.9714817,-2.104991,122.357,5.28067,-0.05987215,-0.2583992,-0.027706,0.963783,12.45377,124.9326,6.298126
06.12.2023 14:48:09,0.02055404,-0.2354404,0.002527407,0.9716681,-2.357442,122.2467,5.273346,-0.06018429,-0.2580459,-0.02793414,0.9638516,12.49469,124.8896,6.317017
06.12.2023 14:48:09,0.0225464,-0.2344259,0.003114449,0.9718676,-2.595496,122.1286,5.259094,-0.06050852,-0.2577592,-0.02817636,0.963901,12.53745,124.8546,6.336639
06.12.2023 14:48:09,0.02456795,-0.2333881,0.003582656,0.9720667,-2.833611,122.0081,5.258301,-0.06085009,-0.2574224,-0.02831647,0.9639654,12.57901,124.8143,6.344788
06.12.2023 14:48:09,0.02640579,-0.2323599,0.003911691,0.9722635,-3.047545,121.889,5.26767,-0.0612907,-0.2571541,-0.02797743,0.9640189,12.61755,124.7857,6.296082
06.12.2023 14:48:09,0.02816165,-0.2313795,0.004068252,0.9724474,-3.247778,121.776,5.293823,-0.06173489,-0.256997,-0.02765192,0.9640419,12.65704,124.7704,6.247894
06.12.2023 14:48:09,0.0297958,-0.2304754,0.004218567,0.9726127,-3.434308,121.6719,5.317322,-0.06206034,-0.2568162,-0.02763539,0.9640697,12.69244,124.7498,6.237854
06.12.2023 14:48:09,0.03149432,-0.2295258,0.004233276,0.9727837,-3.62452,121.5633,5.357178,-0.0621831,-0.2567276,-0.027862,0.9640788,12.71265,124.7379,6.260223
06.12.2023 14:48:09,0.03302789,-0.228547,0.00414947,0.9729636,-3.793837,121.4514,5.403229,-0.06208245,-0.256662,-0.02798709,0.9640991,12.70505,124.7289,6.277649
06.12.2023 14:48:09,0.03463702,-0.2277092,0.004099314,0.9731044,-3.972506,121.3563,5.447784,-0.06202254,-0.2566875,-0.02798208,0.9640964,12.6983,124.7319,6.278656
06.12.2023 14:48:09,0.03604167,-0.2269104,0.00396258,0.9732404,-4.126153,121.2659,5.496521,-0.06200239,-0.2566575,-0.02821844,0.9640988,12.70297,124.7266,6.305847
06.12.2023 14:48:09,0.03737285,-0.2261752,0.003824928,0.973362,-4.271623,121.183,5.543518,-0.06187905,-0.2566811,-0.0286577,0.9640874,12.70227,124.726,6.358307
06.12.2023 14:48:09,0.03863919,-0.2252603,0.003741541,0.9735249,-4.411438,121.0788,5.581726,-0.06187155,-0.2564781,-0.02848636,0.964147,12.69611,124.703,6.341034
06.12.2023 14:48:09,0.03961704,-0.2246668,0.003611213,0.9736233,-4.517684,121.0119,5.618988,-0.06210465,-0.2561629,-0.02767993,0.9642393,12.69781,124.6716,6.246765
06.12.2023 14:48:09,0.04066382,-0.2241264,0.003519752,0.973705,-4.632647,120.9514,5.653778,-0.06227617,-0.255839,-0.02739346,0.9643224,12.70804,124.6354,6.212372
06.12.2023 14:48:09,0.04141706,-0.2236238,0.003379721,0.9737893,-4.713571,120.8949,5.686523,-0.06214681,-0.2555001,-0.02739421,0.9644206,12.69327,124.5946,6.218964
06.12.2023 14:48:09,0.04226616,-0.2231634,0.003290486,0.9738588,-4.806517,120.8435,5.716187,-0.06193506,-0.2552024,-0.02752569,0.9645092,12.67322,124.5576,6.242249
06.12.2023 14:48:09,0.04297418,-0.2227688,0.003190049,0.9739184,-4.883384,120.7995,5.743713,-0.0619942,-0.2549849,-0.02714142,0.9645739,12.66827,124.5345,6.199402
06.12.2023 14:48:09,0.04352793,-0.2224212,0.002909686,0.9739742,-4.938391,120.7614,5.787628,-0.06190335,-0.2550519,-0.02694042,0.9645677,12.65237,124.5436,6.179108
06.12.2023 14:48:09,0.04405814,-0.2219875,0.002477234,0.9740505,-4.986989,120.7139,5.847473,-0.06183398,-0.2551752,-0.0273202,0.9645288,12.65594,124.5555,6.222534
06.12.2023 14:48:09,0.04440888,-0.2215931,0.002010043,0.9741254,-5.014651,120.6707,5.906799,-0.06183902,-0.2555635,-0.0276182,0.9644172,12.66574,124.5998,6.252502
06.12.2023 14:48:09,0.04478974,-0.2213942,0.001641279,0.9741539,-5.048037,120.6502,5.956848,-0.06190075,-0.255774,-0.02735174,0.964365,12.66504,124.6269,6.219299
06.12.2023 14:48:09,0.0450578,-0.2212224,0.001365443,0.974181,-5.071166,120.6321,5.993744,-0.06194008,-0.2557699,-0.02683448,0.9643781,12.65421,124.6301,6.160492
06.12.2023 14:48:09,0.04538535,-0.2212714,0.001304985,0.9741548,-5.106208,120.6393,6.009155,-0.06189753,-0.2555723,-0.02647387,0.9644431,12.63867,124.6089,6.123108
06.12.2023 14:48:09,0.04556789,-0.2211909,0.00122401,0.9741646,-5.124646,120.6308,6.022491,-0.0618513,-0.2553551,-0.02624421,0.96451,12.62656,124.5844,6.100586
06.12.2023 14:48:09,0.0456039,-0.221294,0.001373665,0.9741393,-5.132374,120.6423,6.007202,-0.06176718,-0.2552727,-0.02614189,0.9645399,12.61411,124.5751,6.092285
06.12.2023 14:48:09,0.04559961,-0.2214586,0.001309854,0.9741022,-5.130098,120.662,6.015106,-0.06187573,-0.2552502,-0.02575517,0.9645494,12.61481,124.5754,6.046143
06.12.2023 14:48:09,0.04563302,-0.2213982,0.001269759,0.9741144,-5.132876,120.6552,6.020142,-0.06203675,-0.2556041,-0.02553148,0.9644512,12.6265,124.6196,6.013641
06.12.2023 14:48:09,0.04561385,-0.2214468,0.001292285,0.9741042,-5.131256,120.6608,6.017365,-0.06205791,-0.2556801,-0.02572099,0.9644247,12.63449,124.6274,6.033539
06.12.2023 14:48:09,0.04544679,-0.2216123,0.001316172,0.9740744,-5.113009,120.6796,6.011292,-0.06188068,-0.255671,-0.02591965,0.9644332,12.62064,124.6245,6.061005
06.12.2023 14:48:09,0.04529862,-0.2218489,0.001432497,0.9740272,-5.099165,120.7065,5.995697,-0.06195216,-0.2555265,-0.02564006,0.9644744,12.62021,124.6094,6.02887
06.12.2023 14:48:09,0.04515846,-0.2220086,0.001448564,0.9739974,-5.08374,120.7247,5.991119,-0.0620188,-0.2554605,-0.02529524,0.9644966,12.61743,124.6041,5.988983
06.12.2023 14:48:09,0.04504232,-0.222296,0.001652663,0.9739369,-5.075681,120.7573,5.966766,-0.06224469,-0.2554993,-0.02514686,0.9644757,12.63818,124.6104,5.965454
06.12.2023 14:48:09,0.04486681,-0.2226517,0.001751537,0.9738635,-5.058238,120.7982,5.953033,-0.06238578,-0.255665,-0.02528242,0.9644191,12.65799,124.6296,5.975098
06.12.2023 14:48:09,0.04487299,-0.2229131,0.001830664,0.9738033,-5.0607,120.8286,5.945679,-0.06252306,-0.255787,-0.02528153,0.9643779,12.67334,124.6446,5.969971
06.12.2023 14:48:09,0.04486815,-0.2232878,0.00200452,0.9737173,-5.06426,120.872,5.92804,-0.06254885,-0.2557378,-0.02530812,0.9643886,12.67694,124.6386,5.972565
06.12.2023 14:48:09,0.04487978,-0.2237058,0.002102199,0.9736207,-5.067673,120.9208,5.919586,-0.06249904,-0.2556317,-0.02473411,0.9644349,12.65445,124.6298,5.910858
06.12.2023 14:48:09,0.04499544,-0.2240632,0.002346664,0.9735326,-5.08656,120.9622,5.897064,-0.06244247,-0.2554018,-0.02414181,0.9645144,12.63055,124.6063,5.848328
06.12.2023 14:48:09,0.04505429,-0.224412,0.002635734,0.9734488,-5.100274,121.0022,5.868073,-0.0623975,-0.255297,-0.02402869,0.9645479,12.62216,124.5944,5.83786
06.12.2023 14:48:09,0.04515868,-0.2248122,0.002919781,0.9733508,-5.118925,121.0484,5.841064,-0.06231844,-0.2552568,-0.02412896,0.9645612,12.61627,124.5887,5.851715
06.12.2023 14:48:09,0.04521173,-0.2252005,0.003111996,0.9732579,-5.129493,121.0934,5.822998,-0.06229548,-0.2553195,-0.02419171,0.9645445,12.61563,124.5957,5.858887
06.12.2023 14:48:09,0.04532022,-0.2254259,0.003237784,0.9732003,-5.144685,121.1198,5.812927,-0.06226093,-0.2555524,-0.02394873,0.9644911,12.60486,124.625,5.830963
06.12.2023 14:48:09,0.04538358,-0.2257153,0.003278493,0.9731301,-5.152578,121.1539,5.811554,-0.06213956,-0.2556293,-0.02380382,0.9644821,12.58719,124.6348,5.81778
06.12.2023 14:48:09,0.04541442,-0.2259392,0.00349031,0.973076,-5.161338,121.1794,5.789856,-0.06195438,-0.2556805,-0.02410592,0.9644729,12.57556,124.6383,5.856506
06.12.2023 14:48:09,0.04560126,-0.2260922,0.003733911,0.9730308,-5.188418,121.1969,5.76828,-0.06171411,-0.2556424,-0.02435143,0.9644923,12.55606,124.6314,5.891266
06.12.2023 14:48:09,0.04560116,-0.2263977,0.003942945,0.9729589,-5.193607,121.232,5.746521,-0.06153825,-0.2556681,-0.02464266,0.9644893,12.5451,124.6319,5.928741
06.12.2023 14:48:09,0.04573578,-0.2265252,0.004261264,0.9729216,-5.216836,121.2459,5.715088,-0.06160768,-0.2556741,-0.02462142,0.9644839,12.55219,124.633,5.924255
06.12.2023 14:48:09,0.04576926,-0.2267559,0.004528003,0.9728651,-5.227361,121.2719,5.687378,-0.0619154,-0.2559956,-0.02432395,0.9643864,12.57791,124.6743,5.879486
06.12.2023 14:48:09,0.04565825,-0.2269757,0.004786996,0.9728178,-5.221563,121.2963,5.656647,-0.06187021,-0.2561222,-0.02455135,0.9643499,12.57971,124.6877,5.905182
06.12.2023 14:48:09,0.04568315,-0.2271654,0.004951376,0.9727716,-5.228509,121.318,5.639923,-0.06179994,-0.2562333,-0.02529166,0.9643058,12.59381,124.6957,5.988892
06.12.2023 14:48:09,0.04572741,-0.2273595,0.005023955,0.9727237,-5.235221,121.3407,5.634003,-0.06163879,-0.2563113,-0.02550559,0.9642897,12.58231,124.7031,6.016907
06.12.2023 14:48:09,0.0456557,-0.2274593,0.005143971,0.9727032,-5.230286,121.3517,5.619232,-0.06153254,-0.2562387,-0.02562705,0.9643126,12.57401,124.6932,6.034149
06.12.2023 14:48:09,0.04565344,-0.2275445,0.005120437,0.9726834,-5.229363,121.3618,5.622284,-0.06191095,-0.2563774,-0.02543456,0.9642566,12.61047,124.7122,6.000397
06.12.2023 14:48:09,0.04554332,-0.2276333,0.005239585,0.9726672,-5.220126,121.3714,5.606506,-0.06246094,-0.2564465,-0.02467624,0.9642225,12.64926,124.7273,5.899048
06.12.2023 14:48:09,0.04538535,-0.2278075,0.005313503,0.9726334,-5.204312,121.3911,5.595032,-0.06316329,-0.2566081,-0.02413914,0.9641473,12.71155,124.7525,5.817047
06.12.2023 14:48:09,0.04521082,-0.2278776,0.005380617,0.9726247,-5.186537,121.3986,5.583282,-0.0635401,-0.2566409,-0.02427613,0.9641104,12.75745,124.7567,5.820892
06.12.2023 14:48:09,0.04498286,-0.2280377,0.005481989,0.9725972,-5.163642,121.4163,5.566803,-0.06375638,-0.2567879,-0.02511239,0.9640356,12.80627,124.769,5.906525
06.12.2023 14:48:09,0.04485234,-0.2280337,0.005561342,0.9726037,-5.15115,121.4151,5.554443,-0.06383131,-0.2569121,-0.02550377,0.9639872,12.82626,124.7813,5.94693
06.12.2023 14:48:09,0.04467382,-0.2281453,0.005666175,0.9725852,-5.133901,121.4272,5.538605,-0.06391117,-0.2569048,-0.02536193,0.9639876,12.83093,124.7816,5.928802
06.12.2023 14:48:09,0.04441365,-0.2281667,0.005750797,0.9725916,-5.107056,121.4286,5.5224,-0.064021,-0.2566538,-0.02521734,0.9640509,12.83862,124.7531,5.911499
06.12.2023 14:48:09,0.04421645,-0.2282927,0.005657642,0.9725716,-5.082526,121.4433,5.528259,-0.06405318,-0.2564127,-0.02525248,0.964112,12.84299,124.7241,5.916412
06.12.2023 14:48:09,0.04396223,-0.2282949,0.005863484,0.9725813,-5.059539,121.4419,5.498535,-0.06433906,-0.2562727,-0.02521275,0.9641313,12.87344,124.7086,5.904663
06.12.2023 14:48:09,0.0437378,-0.2284222,0.005956888,0.972561,-5.036868,121.4559,5.482849,-0.06457259,-0.2562189,-0.02493521,0.9641372,12.89114,124.7049,5.867249
06.12.2023 14:48:09,0.0434848,-0.2285433,0.006094697,0.972543,-5.012178,121.4688,5.461365,-0.06486092,-0.2563589,-0.02401991,0.9641039,12.8963,124.7291,5.755463
06.12.2023 14:48:09,0.04326116,-0.2287027,0.006153922,0.9725152,-4.98869,121.4867,5.449677,-0.06504306,-0.2563879,-0.02353762,0.9640958,12.90234,124.7366,5.696045
06.12.2023 14:48:09,0.04295079,-0.2288219,0.00621237,0.9725005,-4.955522,121.4997,5.435547,-0.06506,-0.2565143,-0.02338871,0.9640647,12.89993,124.7528,5.677887
06.12.2023 14:48:09,0.04267785,-0.229048,0.006314926,0.9724587,-4.92765,121.5252,5.417999,-0.06493417,-0.2565126,-0.02334032,0.9640747,12.88452,124.7525,5.676239
06.12.2023 14:48:09,0.0424201,-0.2292331,0.006299524,0.9724264,-4.898393,121.5464,5.413849,-0.06466895,-0.2563618,-0.02311586,0.9641381,12.84836,124.7352,5.660309
06.12.2023 14:48:09,0.0421694,-0.2294003,0.006467268,0.9723968,-4.874757,121.5647,5.389282,-0.06468703,-0.2563659,-0.02268647,0.964146,12.83771,124.7388,5.611847
06.12.2023 14:48:09,0.04197043,-0.2296072,0.006583513,0.9723558,-4.855533,121.5881,5.37207,-0.06485354,-0.2561932,-0.02216042,0.9641929,12.84058,124.7225,5.549683
06.12.2023 14:48:09,0.04170848,-0.2297763,0.006726675,0.9723261,-4.830009,121.6068,5.349945,-0.06491206,-0.2559836,-0.02203772,0.9642475,12.84335,124.6986,5.53598
06.12.2023 14:48:09,0.04148134,-0.2299263,0.006869447,0.9722993,-4.808374,121.6232,5.328705,-0.06475391,-0.2555467,-0.02254727,0.9643622,12.84052,124.6422,5.601044
06.12.2023 14:48:09,0.04121241,-0.2301345,0.007015362,0.9722605,-4.782147,121.6465,5.306305,-0.06467694,-0.2552725,-0.02302814,0.9644287,12.84592,124.6058,5.65921
06.12.2023 14:48:09,0.04086047,-0.2304473,0.007255129,0.9721995,-4.74912,121.6815,5.271698,-0.06465995,-0.2549842,-0.02322915,0.9645012,12.84973,124.5699,5.684509
06.12.2023 14:48:09,0.04077342,-0.2307089,0.007432629,0.9721398,-4.744036,121.7114,5.250824,-0.06485397,-0.2551839,-0.02278947,0.9644458,12.85852,124.5975,5.628082
06.12.2023 14:48:09,0.0406368,-0.2310005,0.007741759,0.9720739,-4.736917,121.7441,5.21405,-0.0650102,-0.2555691,-0.02227425,0.9643454,12.86096,124.6477,5.562836
06.12.2023 14:48:09,0.04044637,-0.2311575,0.007955705,0.9720427,-4.721313,121.7613,5.185822,-0.0650165,-0.2559009,-0.02212232,0.9642605,12.85739,124.6884,5.542999
06.12.2023 14:48:09,0.04035167,-0.2314479,0.008242195,0.9719751,-4.718306,121.7941,5.15271,-0.06499587,-0.2565533,-0.02196161,0.9640921,12.85074,124.7674,5.520325
06.12.2023 14:48:10,0.04014156,-0.2318031,0.008318268,0.9718986,-4.696834,121.8352,5.14032,-0.0650581,-0.2569554,-0.02169881,0.9639868,12.8501,124.8175,5.48587
06.12.2023 14:48:10,0.04007125,-0.2319721,0.008353168,0.9718608,-4.689897,121.8549,5.135376,-0.06517736,-0.2572576,-0.02126414,0.9639078,12.85062,124.8571,5.431396
06.12.2023 14:48:10,0.04012134,-0.2322605,0.008224913,0.971791,-4.692024,121.8896,5.152435,-0.06533927,-0.2574388,-0.02118506,0.9638503,12.86633,124.8799,5.41626
06.12.2023 14:48:10,0.04034563,-0.2324675,0.008068087,0.9717335,-4.712822,121.9153,5.176971,-0.06544565,-0.2574364,-0.02118497,0.9638437,12.87811,124.88,5.413086
06.12.2023 14:48:10,0.04047931,-0.2326432,0.008022504,0.9716863,-4.726482,121.9366,5.186493,-0.06563602,-0.2573325,-0.0210201,0.9638621,12.89432,124.8695,5.389893
06.12.2023 14:48:10,0.0405275,-0.2327039,0.008264001,0.9716678,-4.738297,121.9428,5.161102,-0.06598008,-0.257063,-0.02014404,0.9639292,12.90649,124.8449,5.28418
06.12.2023 14:48:10,0.04064144,-0.2329375,0.008523111,0.9716048,-4.757895,121.9695,5.136353,-0.06629819,-0.2567385,-0.01936724,0.9640098,12.91876,124.8129,5.190765
06.12.2023 14:48:10,0.0406249,-0.2329681,0.008876345,0.9715949,-4.765494,121.9715,5.096588,-0.06629788,-0.2565092,-0.01969605,0.9640642,12.92838,124.7832,5.22934
06.12.2023 14:48:10,0.04056247,-0.2329627,0.009134816,0.9715965,-4.765445,121.9696,5.06604,-0.06604184,-0.2565981,-0.0207045,0.9640369,12.92975,124.7856,5.348694
06.12.2023 14:48:10,0.0406373,-0.232963,0.009301064,0.9715917,-4.778236,121.9691,5.049469,-0.06569797,-0.2568503,-0.02135507,0.9639791,12.91089,124.8098,5.429382
06.12.2023 14:48:10,0.04063027,-0.2330251,0.009359215,0.9715765,-4.779005,121.9762,5.043091,-0.06553139,-0.2570629,-0.02138656,0.9639331,12.89343,124.8343,5.436096
06.12.2023 14:48:10,0.04061098,-0.2330278,0.009433792,0.9715759,-4.778848,121.9761,5.034241,-0.06516785,-0.2573057,-0.02102767,0.9639009,12.84259,124.8645,5.404907
06.12.2023 14:48:10,0.04058656,-0.2329615,0.00944836,0.9715927,-4.776516,121.9682,5.031647,-0.06515048,-0.2575895,-0.02059466,0.9638356,12.82794,124.9015,5.354858
06.12.2023 14:48:10,0.04059879,-0.2329845,0.009570172,0.9715855,-4.781138,121.9704,5.018463,-0.06534487,-0.2579447,-0.01994106,0.9637411,12.83023,124.9492,5.273285
06.12.2023 14:48:10,0.04055334,-0.233225,0.009672941,0.9715287,-4.778817,121.9982,5.006958,-0.06571294,-0.2581184,-0.0195911,0.9636768,12.86075,124.9739,5.221832
06.12.2023 14:48:10,0.0405702,-0.2333083,0.009758461,0.9715071,-4.782987,122.0078,-0.001730542,-0.06609412,-0.2581158,-0.01899028,0.9636634,12.88519,124.9793,5.143494
06.12.2023 14:48:10,0.04071334,-0.2333717,0.00979224,0.9714856,-4.799854,122.0154,-0.001342893,-0.06662839,-0.2579393,-0.01802384,0.9636925,12.91574,124.9673,5.02121
06.12.2023 14:48:10,0.04085754,-0.2335484,0.009766944,0.9714373,-4.815258,122.0367,5.006226,-0.06702145,-0.2577667,-0.01752708,0.9637206,12.94461,124.9519,-0.04450946
06.12.2023 14:48:10,0.04096023,-0.2335978,0.009713876,0.9714217,-4.825285,122.043,5.015167,-0.06692202,-0.2575711,-0.01802729,0.9637705,12.94843,124.9245,5.015839
06.12.2023 14:48:10,0.04104083,-0.2337283,0.00972827,0.9713867,-4.834656,122.0586,5.016388,-0.06658513,-0.2574108,-0.01916366,0.9638147,12.9447,124.8958,5.153931
06.12.2023 14:48:10,0.04117969,-0.2337622,0.009611095,0.9713739,-4.846996,122.0634,5.033386,-0.0661212,-0.2572599,-0.01978385,0.9638745,12.91156,124.8715,5.23819
06.12.2023 14:48:10,0.04116337,-0.2339364,0.009662314,0.9713321,-4.846546,122.0837,5.028107,-0.0659258,-0.2573519,-0.02000637,0.9638587,12.89648,124.8802,5.268066
06.12.2023 14:48:10,0.04108803,-0.233928,0.009637196,0.9713376,-4.837471,122.0827,5.028839,-0.06570069,-0.2575663,-0.02003413,0.9638162,12.87238,124.9047,5.276123
06.12.2023 14:48:10,0.04098218,-0.2339704,0.009601323,0.9713321,-4.824703,122.0876,5.030182,-0.06543542,-0.2577059,-0.02032022,0.963791,12.85147,124.9184,5.314789
06.12.2023 14:48:10,0.04086093,-0.2340079,0.009595575,0.9713283,-4.811028,122.0918,5.02774,-0.06562065,-0.2578048,-0.0203171,0.963752,12.87195,124.9309,5.308105
06.12.2023 14:48:10,0.04079606,-0.2338869,0.009574335,0.9713604,-4.803228,122.0775,5.027771,-0.06618743,-0.2578541,-0.01957216,0.9637155,12.91278,124.9443,5.207703
06.12.2023 14:48:10,0.04074037,-0.2338538,0.009442685,0.9713719,-4.793485,122.074,5.040802,-0.06658845,-0.257795,-0.01914082,0.9637123,12.94446,124.9419,5.148102
06.12.2023 14:48:10,0.04066216,-0.2338205,0.009469268,0.971383,-4.785479,122.0698,5.035583,-0.06686536,-0.2574558,-0.01909423,0.9637848,12.97375,124.9028,5.137451
06.12.2023 14:48:10,0.04051765,-0.2338613,0.009497396,0.9713789,-4.770118,122.0741,5.028748,-0.06701554,-0.2571557,-0.01931275,0.9638501,12.99686,124.866,5.159821
06.12.2023 14:48:10,0.04036076,-0.2337733,0.00953305,0.9714063,-4.753584,122.0632,5.020111,-0.06704154,-0.25706,-0.01906171,0.9638788,12.99228,124.8565,5.131866
06.12.2023 14:48:10,0.04029943,-0.2337244,0.009504558,0.9714209,-4.745982,122.0574,5.021393,-0.06714338,-0.2568081,-0.01873162,0.9639453,12.9938,124.8292,5.094116
06.12.2023 14:48:10,0.040211,-0.2337566,0.009567856,0.9714162,-4.737819,122.0608,5.012085,-0.06738301,-0.2566097,-0.01867423,0.9639825,13.01868,124.8069,5.082214
06.12.2023 14:48:10,0.04016127,-0.2336479,0.00952553,0.9714448,-4.731139,122.048,5.014954,-0.06770027,-0.2566078,-0.01922666,0.9639499,13.07022,124.8039,5.134399
06.12.2023 14:48:10,0.04016708,-0.2336629,0.009485663,0.9714414,-4.730718,122.0499,5.019653,-0.06774361,-0.2565716,-0.02044644,0.9639314,13.11105,124.7908,5.26944
06.12.2023 14:48:10,0.04003948,-0.2335862,0.00946353,0.9714653,-4.715897,122.0407,5.018311,-0.06784847,-0.2565886,-0.02128961,0.9639013,13.14761,124.787,5.360229
06.12.2023 14:48:10,0.03987496,-0.233516,0.009500138,0.9714886,-4.698534,122.0319,5.00946,-0.06805747,-0.2564621,-0.02156418,0.9639141,13.17886,124.7707,5.385742
06.12.2023 14:48:10,0.03974012,-0.2334896,0.009421842,0.9715012,-4.681399,122.0288,5.014435,-0.06831724,-0.2562262,-0.02152108,0.9639595,13.20636,124.7438,5.375214
06.12.2023 14:48:10,0.0395955,-0.233527,0.009449807,0.9714978,-4.666022,122.0328,5.007599,-0.06851877,-0.2558479,-0.02175698,0.9640403,13.23553,124.6976,5.398804
06.12.2023 14:48:10,0.03934731,-0.2335194,0.00949004,0.9715093,-4.639424,122.0312,-0.003598601,-0.06874183,-0.2555414,-0.02205197,0.964099,13.26886,124.6597,5.427734
06.12.2023 14:48:10,0.03932215,-0.2336093,0.009529575,0.9714884,-4.637679,122.0415,-0.00826084,-0.06896549,-0.2554264,-0.0220136,0.9641144,13.29251,124.6471,5.417816
06.12.2023 14:48:10,0.03917332,-0.2336504,0.009630947,0.9714835,-4.623803,122.0457,-0.02338916,-0.06918917,-0.255233,-0.0216301,0.9641582,13.306,124.6277,5.370056
06.12.2023 14:48:10,0.03902092,-0.2336044,0.009623312,0.9715008,-4.606603,122.0399,-0.02685512,-0.06925028,-0.2551017,-0.02137943,0.9641942,13.30539,124.6142,5.3414
06.12.2023 14:48:10,0.03898174,-0.2336235,0.009577845,0.9714982,-4.601016,122.0423,-0.02274044,-0.06906349,-0.2547868,-0.02177214,0.9642821,13.29605,124.5728,5.393494
06.12.2023 14:48:10,0.03903522,-0.2336904,0.009598677,0.9714798,-4.607539,122.0502,-0.02331068,-0.06863749,-0.2544461,-0.02235137,0.9643892,13.26553,124.5262,5.473694
06.12.2023 14:48:10,0.0389725,-0.2337431,0.009563614,0.9714699,-4.599606,122.0565,-0.02083215,-0.0682857,-0.2542643,-0.02269155,0.9644542,13.2363,124.5006,5.523621
06.12.2023 14:48:10,0.03892981,-0.2337475,0.00955711,0.9714707,-4.594673,122.0569,-0.02123393,-0.06800842,-0.2541464,-0.02293335,0.9644991,13.21249,124.4837,5.559814
06.12.2023 14:48:10,0.03893445,-0.2336928,0.00954322,0.9714838,-4.594816,122.0505,-0.01981724,-0.06784812,-0.2540676,-0.02322873,0.9645241,13.20328,124.4715,5.598175
06.12.2023 14:48:10,0.03893042,-0.2338558,0.009519656,0.971445,-4.593737,122.0699,-0.01652205,-0.0679305,-0.2541928,-0.02370298,0.9644738,13.22638,124.4832,5.647644
06.12.2023 14:48:10,0.03886912,-0.2338487,0.009572905,0.9714486,-4.588332,122.0687,-0.02415222,-0.06816378,-0.2543796,-0.02398069,0.9644012,13.26056,124.5043,5.670166
06.12.2023 14:48:10,0.03892983,-0.2338365,0.009568536,0.9714491,-4.594984,122.0674,-0.02208725,-0.06855129,-0.2544694,-0.02363813,0.9643585,13.29364,124.519,5.61972
06.12.2023 14:48:10,0.03887708,-0.2339079,0.009551003,0.9714342,-4.588633,122.0758,-0.02121169,-0.06873239,-0.2544738,-0.02326522,0.9643535,13.30286,124.5229,5.572693
06.12.2023 14:48:10,0.03891123,-0.2338688,0.00956394,0.9714422,-4.592787,122.0712,-0.02192177,-0.06877711,-0.2544598,-0.02303526,0.9643595,13.30109,124.5232,5.545837
06.12.2023 14:48:10,0.03898631,-0.2338609,0.009553527,0.9714411,-4.600879,122.0704,-0.01877511,-0.06861921,-0.2545407,-0.02313676,0.964347,13.28656,124.5315,5.561127
06.12.2023 14:48:10,0.03900595,-0.2339429,0.009588792,0.9714203,-4.604017,122.08,-0.02179481,-0.06827477,-0.254587,-0.02357126,0.9643487,13.26105,124.5325,5.619385
06.12.2023 14:48:10,0.03909913,-0.233924,0.009565024,0.9714213,-4.613768,122.0781,-0.01672059,-0.06789158,-0.2545888,-0.02412977,0.9643615,13.23483,124.5272,5.693024
06.12.2023 14:48:10,0.03909027,-0.2338651,0.009651266,0.971435,-4.615093,122.0708,-0.02687032,-0.06772899,-0.2545727,-0.02427673,0.9643735,13.22104,124.5236,5.714386
06.12.2023 14:48:10,0.0390878,-0.2337712,0.009658885,0.9714576,-4.615019,122.0596,-0.0282347,-0.06809946,-0.2546203,-0.02401818,0.9643413,13.25467,124.5325,5.674164
06.12.2023 14:48:10,0.03913287,-0.2337277,0.009628231,0.9714666,-4.619223,122.0547,-0.02380561,-0.06859683,-0.254783,-0.02363902,0.9642724,13.29892,124.5566,5.615753
06.12.2023 14:48:10,0.0390705,-0.2336994,0.00970751,0.9714751,-4.614393,122.0509,-0.03447217,-0.06891926,-0.2548597,-0.02362235,0.9642296,13.33432,124.567,5.603699
06.12.2023 14:48:10,0.03916403,-0.2336804,0.009717804,0.9714758,-4.625097,122.0488,-0.03319599,-0.06916337,-0.2548599,-0.02372706,0.9642095,13.3645,124.5672,5.608185
06.12.2023 14:48:10,0.03921035,-0.2335673,0.009756903,0.9715008,-4.631306,122.0354,-0.03685673,-0.06906539,-0.2551093,-0.02370727,0.964151,13.35318,124.5967,5.606689
06.12.2023 14:48:10,0.03926045,-0.233684,0.009867797,0.9714696,-4.639873,122.0488,-0.04733519,-0.06878758,-0.2553571,-0.02377895,0.9641036,13.32458,124.6248,5.620758
06.12.2023 14:48:10,0.03927241,-0.2336239,0.009960289,0.9714826,-4.643682,122.0413,-0.05763097,-0.06854629,-0.2554066,-0.02391978,0.9641041,13.30197,124.6288,5.643188
06.12.2023 14:48:10,0.03939942,-0.233699,0.009841731,0.9714606,-4.654669,122.051,-0.04061295,-0.06848219,-0.2554617,-0.0240831,0.96409,13.29968,124.6339,5.662842
06.12.2023 14:48:10,0.03957297,-0.233631,0.009622538,0.9714721,-4.668141,122.0443,-0.01179109,-0.06859936,-0.255452,-0.02408635,0.9640841,13.31277,124.6331,5.659821
06.12.2023 14:48:10,0.0397752,-0.2335977,0.00927026,0.9714752,-4.681245,122.0423,5.032837,-0.06879136,-0.2552362,-0.02396384,0.9641307,13.33035,124.609,5.642334
06.12.2023 14:48:10,0.04007745,-0.2334725,0.008962524,0.9714958,-4.706706,122.0295,5.074738,-0.068761,-0.2551438,-0.02391426,0.9641585,13.32547,124.5982,5.638519
06.12.2023 14:48:10,0.04026519,-0.233412,0.008816203,0.9715039,-4.723725,122.0234,5.095825,-0.06872431,-0.2547278,-0.02390217,0.9642714,13.32077,124.5485,5.641846
06.12.2023 14:48:10,0.040399,-0.2332397,0.008925552,0.9715387,-4.741593,122.0029,5.086365,-0.06861349,-0.2545707,-0.02386826,0.9643217,13.30737,124.5295,5.6427
06.12.2023 14:48:10,0.04048051,-0.233123,0.009083546,0.9715619,-4.754922,121.9886,5.070343,-0.06881411,-0.2544602,-0.02368007,0.9643412,13.32407,124.5185,5.61673
06.12.2023 14:48:10,0.04045608,-0.2329492,0.009307083,0.9716025,-4.758187,121.967,5.043854,-0.0688988,-0.2545888,-0.02389288,0.9642959,13.33978,124.5326,5.636871
06.12.2023 14:48:10,0.04039105,-0.2327539,0.009535684,0.9716498,-4.757051,121.9428,5.015625,-0.06881328,-0.254677,-0.02466979,0.9642592,13.35312,124.5369,5.725403
06.12.2023 14:48:10,0.04035539,-0.2326612,0.009568008,0.9716731,-4.753938,121.9316,5.01059,-0.068708,-0.2546726,-0.02511429,0.9642564,13.35443,124.5326,5.778168
06.12.2023 14:48:10,0.04036948,-0.23252,0.009516882,0.9717069,-4.754147,121.9152,5.015991,-0.06865242,-0.2545433,-0.02506254,0.9642959,13.34662,124.5174,5.775146
06.12.2023 14:48:10,0.04029996,-0.2325008,0.009418335,0.9717153,-4.743762,121.9132,5.025055,-0.0688007,-0.254445,-0.02480387,0.9643179,13.35547,124.5081,5.742767
06.12.2023 14:48:10,0.04024556,-0.2325073,0.009482943,0.9717154,-4.739419,121.9136,5.016418,-0.06903782,-0.254168,-0.02443059,0.9643835,13.3707,124.4787,5.696503
06.12.2023 14:48:10,0.04032543,-0.2325002,0.009384418,0.9717147,-4.745699,121.9134,5.02951,-0.06904037,-0.2540384,-0.02451163,0.9644154,13.37323,124.4626,5.706604
06.12.2023 14:48:10,0.04034275,-0.2326362,0.009317295,0.9716821,-4.745833,121.9297,5.038147,-0.06904434,-0.254045,-0.02468399,0.9644091,13.37872,124.4621,5.725677
06.12.2023 14:48:10,0.04045032,-0.2327719,0.009213635,0.9716461,-4.755056,121.9465,5.053284,-0.06878898,-0.2541837,-0.02479048,0.964388,13.35358,124.477,5.743896
06.12.2023 14:48:10,0.04052036,-0.2329294,0.009050192,0.971607,-4.758488,121.966,5.074188,-0.06831228,-0.2544066,-0.02489967,0.9643603,13.30396,124.5011,5.768188
06.12.2023 14:48:10,0.04052171,-0.2331276,0.008812319,0.9715616,-4.752256,121.9904,5.101776,-0.06785179,-0.2545028,-0.02490448,0.9643673,13.25302,124.511,5.781464
06.12.2023 14:48:10,0.04060406,-0.2331872,0.008667718,0.9715452,-4.757563,121.9983,5.120422,-0.06742213,-0.2544952,-0.0247387,0.9644037,13.20041,124.5098,5.775665
06.12.2023 14:48:10,0.04064778,-0.233262,0.008614188,0.9715258,-4.760996,122.0075,5.12796,-0.06727491,-0.2546152,-0.02462859,0.9643852,13.18094,124.5245,5.766663
06.12.2023 14:48:10,0.04052751,-0.2332893,0.008570547,0.9715247,-4.746411,122.0106,5.12973,-0.0674722,-0.2546159,-0.02458131,0.9643723,13.20148,124.5256,5.755585
06.12.2023 14:48:10,0.04044542,-0.2333924,0.008662466,0.9715025,-4.739707,122.0222,5.117737,-0.06788915,-0.2547136,-0.02410761,0.9643292,13.23398,124.5422,5.689575
06.12.2023 14:48:10,0.04032407,-0.2333356,0.008509678,0.9715226,-4.722088,122.0158,5.131287,-0.06825665,-0.2547363,-0.02356755,0.9643106,13.259,124.5503,5.618225
06.12.2023 14:48:10,0.04023154,-0.2332778,0.008455136,0.9715407,-4.710316,122.0091,5.134583,-0.06864955,-0.254778,-0.02267298,0.9642932,13.27646,124.5634,5.506378
06.12.2023 14:48:10,0.04020387,-0.2331521,0.00826433,0.9715738,-4.70214,121.995,5.154541,-0.06845751,-0.2546888,-0.02231755,0.9643387,13.24466,124.5547,5.473145
06.12.2023 14:48:10,0.04015143,-0.233049,0.008187609,0.9716012,-4.694256,121.983,5.161224,-0.06795308,-0.2544548,-0.02255928,0.9644305,13.19559,124.5231,5.517029
06.12.2023 14:48:10,0.04018433,-0.2329529,0.008235808,0.9716226,-4.69923,121.9715,5.15625,-0.06743747,-0.2543628,-0.02276226,0.9644862,13.1442,124.5087,5.555695
06.12.2023 14:48:11,0.04020601,-0.2328958,0.008253309,0.9716352,-4.702125,121.9647,5.154602,-0.06693617,-0.2542842,-0.02304438,0.9645352,13.09671,124.4955,5.602631
06.12.2023 14:48:11,0.04009612,-0.2328338,0.008226547,0.9716548,-4.689163,121.9572,5.154327,-0.06674724,-0.2543377,-0.02296215,0.9645361,13.07333,124.5018,5.598541
06.12.2023 14:48:11,0.039975,-0.232775,0.008236433,0.9716738,-4.675929,121.95,5.149689,-0.06672898,-0.2544925,-0.02300493,0.9644955,13.07266,124.5199,5.60257
06.12.2023 14:48:11,0.03994543,-0.2326519,0.008074494,0.9717059,-4.668324,121.9361,5.166412,-0.06681199,-0.2545606,-0.02299582,0.964472,13.08167,124.5284,5.598511
06.12.2023 14:48:11,0.03990981,-0.2326284,0.007883726,0.9717146,-4.659261,121.934,5.186646,-0.06692477,-0.2545328,-0.02298231,0.9644719,13.09378,124.5256,5.593933
06.12.2023 14:48:11,0.03986995,-0.2325552,0.007770527,0.9717346,-4.651806,121.9258,5.197876,-0.06718841,-0.2543663,-0.02272752,0.9645035,13.11551,124.5085,5.559113
06.12.2023 14:48:11,0.03992958,-0.2324967,0.007550636,0.9717479,-4.652599,121.92,5.223755,-0.06738408,-0.2542951,-0.02242536,0.9645157,13.12836,124.503,5.520233
06.12.2023 14:48:11,0.03982899,-0.2324671,0.007369495,0.9717605,-4.636552,121.917,5.24115,-0.06756594,-0.2543961,-0.02230872,0.964479,13.1452,124.5165,5.500977
06.12.2023 14:48:11,0.03967962,-0.2323785,0.007312548,0.9717882,-4.618395,121.9064,5.243073,-0.06772589,-0.2543706,-0.02235706,0.9644734,13.16437,124.5137,5.501892
06.12.2023 14:48:11,0.03971086,-0.2322955,0.007261949,0.9718072,-4.620551,121.8969,5.249176,-0.06798132,-0.2543919,-0.02262068,0.9644437,13.2005,124.5153,5.52359
06.12.2023 14:48:11,0.03963689,-0.2322753,0.007065918,0.9718165,-4.607077,121.8951,5.269012,-0.0680811,-0.2543465,-0.02281748,0.964444,13.21732,124.5087,5.54303
06.12.2023 14:48:11,0.03965217,-0.2321534,0.00696155,0.9718457,-4.606033,121.8812,5.280487,-0.06812116,-0.2542715,-0.0228885,0.9644592,13.22379,124.4994,5.550415
06.12.2023 14:48:11,0.03955225,-0.2320934,0.006907799,0.9718645,-4.593472,121.8741,5.283539,-0.06828029,-0.2543517,-0.02284208,0.9644279,13.24017,124.5099,5.539856
06.12.2023 14:48:11,0.0395385,-0.2321249,0.006720276,0.9718589,-4.586931,121.8786,5.30426,-0.06843296,-0.2543662,-0.02293086,0.9644112,13.25974,124.5115,5.545135
06.12.2023 14:48:11,0.03953489,-0.2321073,0.006659778,0.9718636,-4.584922,121.8768,5.310852,-0.06839474,-0.254348,-0.02285769,0.9644205,13.25333,124.5098,5.538239
06.12.2023 14:48:11,0.03961875,-0.2319846,0.006610275,0.9718899,-4.592996,121.8627,5.318024,-0.06849739,-0.2541891,-0.02305388,0.9644504,13.27039,124.4897,5.558502
06.12.2023 14:48:11,0.0396235,-0.2319266,0.006442704,0.9719046,-4.589083,121.8566,5.336609,-0.06858766,-0.2541538,-0.02343153,0.9644442,13.29144,124.4829,5.598297
06.12.2023 14:48:11,0.03962684,-0.2318148,0.006420686,0.9719313,-4.588907,121.8435,5.338623,-0.06862228,-0.2541633,-0.02345827,0.9644386,13.29608,124.484,5.600189
06.12.2023 14:48:11,0.03961822,-0.2317917,0.006397687,0.9719373,-4.587343,121.8408,5.340851,-0.0688471,-0.2542221,-0.02236223,0.9644331,13.28903,124.5001,5.470673
06.12.2023 14:48:11,0.03950213,-0.2317171,0.006287174,0.9719605,-4.571478,121.8322,5.349762,-0.06901716,-0.254274,-0.02120063,0.9644335,13.27396,124.5157,5.33551
06.12.2023 14:48:11,0.03950466,-0.2315979,0.006228894,0.9719892,-4.570253,121.8184,5.355774,-0.06899533,-0.2545539,-0.02095105,0.9643667,13.26431,124.5509,5.305878
06.12.2023 14:48:11,0.03948159,-0.231585,0.00617043,0.9719936,-4.56613,121.817,5.361633,-0.0687938,-0.2550474,-0.02092716,0.9642512,13.24139,124.6093,5.304901
06.12.2023 14:48:11,0.03947106,-0.2314821,0.006128895,0.9720188,-4.563889,121.805,5.365509,-0.06856775,-0.2553432,-0.0209557,0.9641883,13.21722,124.6435,5.312256
06.12.2023 14:48:11,0.03953981,-0.2314168,0.005998383,0.9720324,-4.568114,121.798,5.381622,-0.06813097,-0.2552968,-0.02147199,0.9642202,13.18384,124.6324,5.383209
06.12.2023 14:48:11,0.03949187,-0.2313319,0.005919939,0.972055,-4.560717,121.7882,5.388702,-0.06753834,-0.2551121,-0.02196562,0.9642997,13.13245,124.6045,5.457428
06.12.2023 14:48:11,0.03951112,-0.2313694,0.005864162,0.9720456,-4.561367,121.7929,5.39563,-0.06698206,-0.2548545,-0.02241028,0.9643964,13.08356,124.5684,5.525665
06.12.2023 14:48:11,0.0395775,-0.2312539,0.005857961,0.9720705,-4.568654,121.7795,5.397522,-0.06676121,-0.2546417,-0.02200242,0.9644773,13.04697,124.5452,5.488464
06.12.2023 14:48:11,0.03959566,-0.231204,0.005829786,0.9720818,-4.569953,121.7738,5.40094,-0.06683157,-0.2545819,-0.02152201,0.9644991,13.04068,124.5418,5.433289
06.12.2023 14:48:11,0.03953419,-0.2311958,0.005865697,0.972086,-4.564052,121.7725,5.395233,-0.06713052,-0.2545966,-0.02068457,0.9644927,13.04938,124.5508,5.330872
06.12.2023 14:48:11,0.03937876,-0.2311846,0.005977114,0.9720943,-4.549675,121.7703,5.378601,-0.06735396,-0.2546135,-0.02017949,0.9644834,13.05939,124.5574,5.267761
06.12.2023 14:48:11,0.03940897,-0.231255,0.005962326,0.9720764,-4.552625,121.7787,5.381378,-0.06758359,-0.2546387,-0.01996406,0.9644652,13.07858,124.5628,5.236725
06.12.2023 14:48:11,0.03938271,-0.2312385,0.006054073,0.9720808,-4.552137,121.7764,5.370361,-0.06770843,-0.2546402,-0.01988055,0.9644578,13.09,124.5641,5.223694
06.12.2023 14:48:11,0.03942158,-0.2312999,0.006079316,0.9720645,-4.55712,121.7836,5.368866,-0.06785563,-0.2547795,-0.0196415,0.9644155,13.0994,124.5831,5.191498
06.12.2023 14:48:11,0.03935437,-0.2313329,0.006187083,0.9720587,-4.552473,121.7869,5.355194,-0.06821464,-0.2547972,-0.01912226,0.9643959,13.12402,124.5905,5.122772
06.12.2023 14:48:11,0.03930704,-0.2315119,0.006345475,0.972017,-4.551339,121.8073,5.337067,-0.06857788,-0.2548327,-0.01908073,0.9643616,13.16315,124.5965,5.107056
06.12.2023 14:48:11,0.03925546,-0.2315981,0.006364585,0.9719984,-4.546062,121.8172,5.333954,-0.0688012,-0.2548509,-0.01911558,0.9643402,13.189,124.5993,5.104187
06.12.2023 14:48:11,0.03932121,-0.2317358,0.006253153,0.9719636,-4.550385,121.8341,5.348816,-0.06889342,-0.2549252,-0.01907099,0.9643149,13.19794,124.6089,5.095825
06.12.2023 14:48:11,0.03945503,-0.2317649,0.006086517,0.9719523,-4.560867,121.8386,5.371124,-0.06879627,-0.254806,-0.01936575,0.9643474,13.19577,124.5921,5.132629
06.12.2023 14:48:11,0.03964131,-0.2318524,0.005883004,0.9719251,-4.576193,121.8502,5.399261,-0.0689065,-0.2548901,-0.01954069,0.9643138,13.21317,124.6013,5.148163
06.12.2023 14:48:11,0.03972804,-0.2320235,0.005867192,0.9718809,-4.585375,121.8707,5.404144,-0.06919388,-0.2551691,-0.0199397,0.9642113,13.25687,124.6328,5.181793
06.12.2023 14:48:11,0.03985046,-0.2321633,0.005822667,0.9718427,-4.597785,121.8877,5.413086,-0.06934611,-0.2554186,-0.02015352,0.9641299,13.28009,124.6616,5.198975
06.12.2023 14:48:11,0.03993509,-0.2321749,0.006053862,0.9718351,-4.613383,121.8883,5.389557,-0.06967149,-0.2557101,-0.01962831,0.9640399,13.30084,124.7018,5.128174
06.12.2023 14:48:11,0.03990689,-0.2321812,0.006198078,0.9718338,-4.614081,121.8884,5.372742,-0.06986777,-0.2560019,-0.01869557,0.9639668,13.29517,124.7445,5.015717
06.12.2023 14:48:11,0.03988811,-0.2322068,0.006358089,0.9718274,-4.616243,121.8907,5.354462,-0.06994813,-0.2562881,-0.01809051,0.9638965,13.28622,124.7836,-0.05668362
06.12.2023 14:48:11,0.03977488,-0.2321599,0.006415968,0.9718429,-4.605175,121.8846,5.344757,-0.06993068,-0.2565042,-0.01804435,0.9638411,13.2829,124.8097,-0.0631835
06.12.2023 14:48:11,0.03954164,-0.2321457,0.006401756,0.9718559,-4.578784,121.8824,5.340027,-0.06978177,-0.2567123,-0.0184075,0.9637896,13.2771,124.8312,-0.02001907
06.12.2023 14:48:11,0.0395283,-0.2321694,0.00628569,0.9718515,-4.574194,121.8857,5.352753,-0.06929998,-0.2568225,-0.01979304,0.9637676,13.26459,124.8319,5.14801
06.12.2023 14:48:11,0.03940102,-0.2322206,0.006364444,0.971844,-4.562079,121.8911,5.34079,-0.06910038,-0.256905,-0.02076709,0.9637395,13.27127,124.8336,5.261902
06.12.2023 14:48:11,0.03930387,-0.2321889,0.006314802,0.9718558,-4.549931,121.8873,5.343567,-0.06897688,-0.2570146,-0.02109883,0.9637119,13.2674,124.8438,5.301666
06.12.2023 14:48:11,0.03938329,-0.2321071,0.006223546,0.9718727,-4.556386,121.8782,5.35553,-0.06905856,-0.2568629,-0.02079271,0.9637531,13.26736,124.8283,5.266388
06.12.2023 14:48:11,0.03935235,-0.2320941,0.00628205,0.9718767,-4.554499,121.8764,5.348083,-0.06959327,-0.2567241,-0.01947781,0.9637791,13.28781,124.8237,5.104919
06.12.2023 14:48:11,0.03953585,-0.2321568,0.006219638,0.9718547,-4.57328,121.8845,5.36026,-0.07043098,-0.2568168,-0.01854697,0.9637119,13.3533,124.8454,-0.0247764
06.12.2023 14:48:11,0.03963424,-0.2321565,0.006256176,0.9718505,-4.585227,121.8846,5.358826,-0.07059035,-0.2567217,-0.01892454,0.9637182,13.38217,124.8319,5.013428
06.12.2023 14:48:11,0.03966795,-0.2321376,0.006240822,0.9718537,-4.588586,121.8824,5.361359,-0.07063006,-0.2567041,-0.01921896,0.9637142,13.39529,124.8277,5.045227
06.12.2023 14:48:11,0.03975654,-0.2321719,0.006294871,0.9718416,-4.599895,121.8865,5.357849,-0.07027099,-0.256736,-0.01923146,0.9637317,13.35577,124.8299,5.057098
06.12.2023 14:48:11,0.03978325,-0.2321366,0.006368437,0.9718484,-4.604848,121.8821,5.350189,-0.06970688,-0.2566715,-0.0195195,0.9637841,13.30167,124.8176,5.106628
06.12.2023 14:48:11,0.0396613,-0.2321698,0.006365845,0.9718455,-4.591165,121.8857,5.347351,-0.06845273,-0.2564513,-0.02047467,0.9639127,13.19058,124.779,5.252502
06.12.2023 14:48:11,0.0396175,-0.2321694,0.006247577,0.9718482,-4.583128,121.886,5.359406,-0.06752788,-0.2562158,-0.02120792,0.9640248,13.10947,124.7419,5.363831
06.12.2023 14:48:11,0.03967345,-0.2321547,0.006111047,0.9718503,-4.585733,121.885,5.376068,-0.06723604,-0.2560661,-0.02162559,0.9640756,13.08929,124.7198,5.420349
06.12.2023 14:48:11,0.0396847,-0.2321061,0.005987972,0.9718621,-4.583726,121.8799,5.389893,-0.06719063,-0.2559684,-0.02158744,0.9641056,13.0831,124.7083,5.418274
06.12.2023 14:48:11,0.03967075,-0.2320471,0.005988518,0.9718768,-4.582208,121.8729,5.389191,-0.06771219,-0.2558366,-0.02076276,0.9641222,13.11667,124.7005,5.31189
06.12.2023 14:48:11,0.03963683,-0.2320889,0.005997875,0.9718682,-4.578659,121.8777,5.387421,-0.06834839,-0.2558609,-0.01960578,0.9640951,13.15326,124.7145,5.163696
06.12.2023 14:48:11,0.03960007,-0.2320486,0.006107739,0.9718786,-4.577501,121.8723,5.373993,-0.06889042,-0.255913,-0.01852009,0.9640641,13.18146,124.731,5.026001
06.12.2023 14:48:11,0.03959741,-0.2320378,0.006131761,0.9718812,-4.577849,121.8709,5.371185,-0.06930671,-0.2561473,-0.01783581,0.963985,13.20749,124.7659,-0.06475154
06.12.2023 14:48:11,0.03951451,-0.2320091,0.006244506,0.9718906,-4.571617,121.8669,5.356232,-0.06898132,-0.2561271,-0.01856149,0.964,13.19278,124.7567,5.026093
06.12.2023 14:48:11,0.03939702,-0.2320075,0.00616008,0.9718964,-4.556264,121.8668,5.362518,-0.06836777,-0.2560369,-0.01940434,0.9640511,13.14951,124.7371,5.13916
06.12.2023 14:48:11,0.03925592,-0.2320358,0.006111612,0.9718956,-4.539224,121.8699,5.364288,-0.06810454,-0.2559339,-0.01952685,0.9640946,13.12387,124.7228,5.16153
06.12.2023 14:48:11,0.03930258,-0.2320625,0.006123216,0.9718872,-4.544726,121.8732,5.364349,-0.06813765,-0.2560004,-0.0190994,0.9640831,13.11496,124.734,5.112305
06.12.2023 14:48:11,0.03921014,-0.2320777,0.006091703,0.9718876,-4.533571,121.8749,5.365479,-0.06830239,-0.256011,-0.01873846,0.9640757,13.12262,124.7386,5.067047
06.12.2023 14:48:11,0.03920837,-0.2320638,0.006151246,0.9718906,-4.534965,121.873,5.358704,-0.06855034,-0.2562001,-0.018482,0.9640129,13.14258,124.7642,5.029449
06.12.2023 14:48:11,0.0392705,-0.2321239,0.006160595,0.9718736,-4.542121,121.8802,5.359619,-0.0688705,-0.2564054,-0.01777945,0.9639487,13.15738,124.7953,-0.06023057
06.12.2023 14:48:11,0.03920209,-0.2320783,0.00610021,0.9718877,-4.532899,121.8749,5.364319,-0.068964,-0.2564667,-0.01760449,0.9639289,13.1626,124.8043,-0.08305969
06.12.2023 14:48:11,0.03926785,-0.2321797,0.006150781,0.9718605,-4.541543,121.8868,5.360901,-0.06892321,-0.2565583,-0.01765005,0.9639066,13.15939,124.8147,-0.07754049
06.12.2023 14:48:11,0.03922773,-0.2321865,0.006071093,0.971861,-4.534942,121.8878,5.368744,-0.06859308,-0.256586,-0.01798738,0.9639165,13.13272,124.8141,-0.03029238
06.12.2023 14:48:11,0.03915748,-0.2321283,0.006086204,0.9718776,-4.527531,121.8807,5.364899,-0.06833297,-0.2565731,-0.0177988,0.963942,13.09827,124.8128,-0.04345046
06.12.2023 14:48:11,0.03918034,-0.2321371,0.006150086,0.9718742,-4.531781,121.8816,5.358429,-0.06832977,-0.2567369,-0.01726212,0.9639083,13.08203,124.8363,-0.1045918
06.12.2023 14:48:11,0.03913045,-0.2322281,0.006051581,0.9718551,-4.523555,121.8926,5.36853,-0.06846051,-0.2570057,-0.01685174,0.9638347,13.08438,124.872,-0.1565349
06.12.2023 14:48:11,0.03911853,-0.232232,0.006071351,0.9718546,-4.522752,121.8929,5.366028,-0.06865355,-0.2572294,-0.01662644,0.9637652,13.09909,124.9012,-0.1893287
06.12.2023 14:48:11,0.03907143,-0.2322542,0.006097548,0.9718509,-4.518188,121.8954,5.361938,-0.06923098,-0.2575794,-0.01653114,0.963632,13.16028,124.9464,-0.2202457
06.12.2023 14:48:11,0.03904394,-0.2321516,0.00603073,0.971877,-4.51338,121.8834,5.368195,-0.06963375,-0.2577459,-0.01642726,0.9635602,13.20184,124.9688,-0.2453487
06.12.2023 14:48:11,0.03901426,-0.2321173,0.006010581,0.9718865,-4.509545,121.8794,5.369476,-0.07007758,-0.2577562,-0.01589057,0.9635344,13.23514,124.9761,-0.318622
06.12.2023 14:48:11,0.03890757,-0.2321829,0.005906131,0.9718757,-4.494836,121.8873,5.378601,-0.07048016,-0.2576799,-0.01520712,0.9635364,13.25955,124.974,-0.4062864
06.12.2023 14:48:11,0.03885977,-0.2321921,0.005874748,0.9718757,-4.488665,121.8884,5.380859,-0.07036449,-0.2575687,-0.01540787,0.9635714,13.25272,124.9586,-0.3794612
06.12.2023 14:48:11,0.03892324,-0.2321833,0.005806162,0.9718756,-4.493918,121.8878,5.390167,-0.07019891,-0.2574092,-0.01594285,0.9636174,13.25027,124.9348,-0.3134501
06.12.2023 14:48:11,0.03892138,-0.2321545,0.005877725,0.9718822,-4.495631,121.8841,5.381989,-0.06979796,-0.2573978,-0.0167517,0.9636359,13.22977,124.9256,-0.21111
06.12.2023 14:48:11,0.03897087,-0.2322012,0.005879219,0.971869,-4.501172,121.8897,5.383362,-0.06960913,-0.2574016,-0.01669739,0.9636495,13.20721,124.9256,-0.211534
06.12.2023 14:48:11,0.03893996,-0.232252,0.005810152,0.9718585,-4.495862,121.8959,5.390503,-0.06949811,-0.2572954,-0.01650506,0.9636891,13.18921,124.9138,-0.2287423
06.12.2023 14:48:11,0.03885664,-0.2322089,0.005915379,0.9718716,-4.489393,121.8902,5.376312,-0.06956181,-0.2571368,-0.0164465,0.9637279,13.19458,124.8956,-0.2358264
06.12.2023 14:48:11,0.03877806,-0.232173,0.005865206,0.9718835,-4.479304,121.886,5.379639,-0.0698496,-0.2569826,-0.016708,0.9637437,13.23431,124.8765,-0.2139601
06.12.2023 14:48:11,0.0388354,-0.232146,0.005844984,0.9718878,-4.485171,121.883,5.383331,-0.07009029,-0.2568392,-0.01688591,0.9637613,13.26633,124.8591,-0.2000879
06.12.2023 14:48:12,0.03884017,-0.2320745,0.005906342,0.9719043,-4.487367,121.8743,5.376251,-0.0706331,-0.2567138,-0.01693781,0.9637542,13.32816,124.8462,-0.2094605
06.12.2023 14:48:12,0.03890012,-0.2321572,0.006024499,0.9718814,-4.497171,121.8838,5.365051,-0.07119217,-0.2567947,-0.01655597,0.9636981,13.37888,124.8613,-0.2695106
06.12.2023 14:48:12,0.03883471,-0.2321365,0.006155022,0.9718882,-4.493362,121.8806,5.348633,-0.0715002,-0.2568749,-0.01591347,0.9636648,13.39404,124.8773,-0.351132
06.12.2023 14:48:12,0.0388928,-0.2322194,0.006242149,0.9718655,-4.502135,121.8902,5.34082,-0.07130637,-0.2569458,-0.0155693,0.9636658,13.3623,124.8874,-0.3843346
06.12.2023 14:48:12,0.03884528,-0.23215,0.006252411,0.9718839,-4.497132,121.8818,5.338104,-0.07080641,-0.2569214,-0.01628261,0.9636974,13.32794,124.8767,-0.2895534
06.12.2023 14:48:12,0.03875214,-0.2321311,0.006141219,0.9718929,-4.483787,121.8798,5.347931,-0.07032406,-0.2568138,-0.01709244,0.9637474,13.2984,124.8556,-0.1838277
06.12.2023 14:48:12,0.03885087,-0.2321377,0.005951105,0.9718885,-4.489729,121.8817,5.371826,-0.06975859,-0.2569221,-0.01771389,0.9637485,13.254,124.8614,-0.09851442
06.12.2023 14:48:12,0.03893952,-0.2322071,0.005774128,0.9718695,-4.49487,121.8908,5.394318,-0.069244,-0.2569106,-0.0175069,0.9637924,13.19073,124.8593,-0.1061051
06.12.2023 14:48:12,0.03910859,-0.2322967,0.005846642,0.9718409,-4.515625,121.9015,5.391144,-0.06906515,-0.2569413,-0.01724158,0.9638018,13.16302,124.8641,-0.1306089
06.12.2023 14:48:12,0.0392315,-0.2323576,0.005928352,0.9718208,-4.531488,121.9087,5.38559,-0.06915661,-0.2569919,-0.01701439,0.9637858,13.16644,124.8722,-0.1591146
06.12.2023 14:48:12,0.03923487,-0.2323932,0.006144805,0.9718108,-4.537627,121.912,5.361664,-0.06939676,-0.2570209,-0.01751509,0.9637519,13.20795,124.873,-0.1107078
06.12.2023 14:48:12,0.03914709,-0.2325358,0.006268512,0.9717795,-4.531087,121.9281,5.346161,-0.06972575,-0.2570509,-0.01828564,0.9637058,13.26727,124.8723,-0.03486459
06.12.2023 14:48:12,0.03904545,-0.2324575,0.006334763,0.9718019,-4.521547,121.9183,5.335693,-0.07012191,-0.2569405,-0.0186548,0.9636994,13.32217,124.8581,-0.004579196
06.12.2023 14:48:12,0.03899709,-0.2324919,0.006412388,0.9717951,-4.518214,121.9219,5.325867,-0.07042499,-0.2569332,-0.01839039,0.9636843,13.34799,124.8605,-0.0430822
06.12.2023 14:48:12,0.03880699,-0.2325552,0.006322431,0.9717881,-4.49459,121.9293,5.331116,-0.07062002,-0.2568742,-0.01743545,0.9637035,13.3414,124.8615,-0.1549459
06.12.2023 14:48:12,0.03866055,-0.2326308,0.006336095,0.9717758,-4.478598,121.9378,5.326019,-0.07069878,-0.2567243,-0.01672512,0.9637503,13.32913,124.8493,-0.2352463
06.12.2023 14:48:12,0.0386332,-0.232709,0.00627507,0.9717585,-4.473892,121.9472,5.332458,-0.07042525,-0.2567719,-0.01629405,0.963765,13.28601,124.857,-0.2755586
06.12.2023 14:48:12,0.03847226,-0.2327865,0.006263124,0.9717464,-4.455599,121.9561,5.329834,-0.07008921,-0.2567624,-0.01649545,0.9637886,13.25467,124.8528,-0.2429476
06.12.2023 14:48:12,0.0384636,-0.2327901,0.006225858,0.9717461,-4.453636,121.9566,5.333771,-0.06981315,-0.2567588,-0.01665039,0.9638069,13.22861,124.85,-0.2173708
06.12.2023 14:48:12,0.03846442,-0.2328022,0.006228202,0.9717432,-4.453785,121.958,5.333588,-0.06946711,-0.2566229,-0.01693496,0.9638632,13.19864,124.8301,-0.1741105
06.12.2023 14:48:12,0.03869675,-0.232867,0.006228114,0.9717185,-4.479669,121.9662,5.340149,-0.0690511,-0.2564068,-0.01696195,0.9639501,13.15329,124.8022,-0.1568219
06.12.2023 14:48:12,0.03875304,-0.2328607,0.006239374,0.9717177,-4.48625,121.9656,5.340363,-0.0689882,-0.2563739,-0.01675678,0.963967,13.14026,124.7995,-0.1775483
06.12.2023 14:48:12,0.03883962,-0.2328831,0.006324566,0.9717082,-4.498174,121.9681,5.333282,-0.06906001,-0.2562008,-0.01689463,0.9640054,13.15231,124.7782,-0.1628428
06.12.2023 14:48:12,0.0388664,-0.2329103,0.006476658,0.9716997,-4.505219,121.9708,5.317139,-0.0693806,-0.2560873,-0.01697502,0.9640111,13.19031,124.7654,-0.1624729
06.12.2023 14:48:12,0.0387999,-0.2328766,0.00650119,0.9717103,-4.49847,121.9665,5.312469,-0.06948902,-0.2558613,-0.01734342,0.9640568,13.21326,124.7361,-0.1226694
06.12.2023 14:48:12,0.0387778,-0.2328499,0.006560604,0.9717172,-4.497603,121.9631,5.305115,-0.06943312,-0.2555399,-0.01787138,0.9641364,13.22263,124.6936,-0.05933682
06.12.2023 14:48:12,0.03873565,-0.2328335,0.006439211,0.9717236,-4.489662,121.9615,5.317444,-0.06923597,-0.2553607,-0.01814624,0.9641929,13.20883,124.6693,-0.02126489
06.12.2023 14:48:12,0.03866128,-0.2327534,0.006305003,0.9717466,-4.477808,121.9524,5.330078,-0.06891436,-0.255277,-0.01853723,0.9642307,13.1846,124.655,5.032623
06.12.2023 14:48:12,0.03869345,-0.2327686,0.006197539,0.9717423,-4.478518,121.9547,5.343018,-0.06870256,-0.2550672,-0.01856184,0.9643009,13.1618,124.6289,5.043457
06.12.2023 14:48:12,0.03859232,-0.2328001,0.006247008,0.9717386,-4.468552,121.958,5.33493,-0.06858502,-0.2549368,-0.0188983,0.9643372,13.1586,124.6103,5.085602
06.12.2023 14:48:12,0.03855995,-0.2328281,0.00623482,0.9717332,-4.464607,121.9613,5.335541,-0.06843795,-0.2547855,-0.01930292,0.9643796,13.15414,124.5887,5.136414
06.12.2023 14:48:12,0.03851135,-0.2328719,0.006313464,0.9717241,-4.461274,121.966,5.325653,-0.06840606,-0.2546398,-0.01963196,0.9644137,13.16022,124.5687,5.175323
06.12.2023 14:48:12,0.0384738,-0.2328303,0.006371561,0.9717352,-4.458653,121.9608,5.317963,-0.06846936,-0.2545431,-0.01941128,0.9644392,13.16077,124.5591,5.149628
06.12.2023 14:48:12,0.03844058,-0.2328983,0.006371316,0.9717202,-4.45492,121.9687,5.317413,-0.06845173,-0.254381,-0.01946026,0.9644822,13.16022,124.5392,5.157013
06.12.2023 14:48:12,0.0384658,-0.232863,0.006283929,0.9717282,-4.455408,121.965,5.327698,-0.06851537,-0.2542503,-0.01954771,0.9645104,13.16983,124.5233,5.165985
06.12.2023 14:48:12,0.03845398,-0.2328921,0.006291552,0.9717217,-4.454285,121.9684,5.32666,-0.0685233,-0.2541097,-0.01962785,0.9645453,13.17303,124.5059,5.175903
06.12.2023 14:48:12,0.03847316,-0.2329389,0.006189782,0.9717104,-4.453685,121.9744,5.338745,-0.06856326,-0.2539608,-0.01971709,0.9645798,13.18005,124.4876,5.185974
06.12.2023 14:48:12,0.03846348,-0.23297,0.006263732,0.9717028,-4.454574,121.9777,5.330383,-0.06867017,-0.2538468,-0.01967068,0.9646032,13.19055,124.4748,5.178589
06.12.2023 14:48:12,0.0385117,-0.2329524,0.006324712,0.9717047,-4.461587,121.9755,5.324768,-0.06867174,-0.2537798,-0.01954619,0.9646233,13.18707,124.4677,5.165222
06.12.2023 14:48:12,0.03842169,-0.2330081,0.006319093,0.9716949,-4.451381,121.9819,5.323242,-0.06816244,-0.2534697,-0.02024106,0.9647266,13.1507,124.4235,5.260468
06.12.2023 14:48:12,0.0384875,-0.2329807,0.006295087,0.9716991,-4.458086,121.9789,5.327576,-0.06788398,-0.2534094,-0.02091962,0.9647475,13.13953,124.4102,5.34494
06.12.2023 14:48:12,0.03844809,-0.2329538,0.006286209,0.9717072,-4.453464,121.9756,5.327393,-0.06806472,-0.2534554,-0.02119024,0.9647168,13.16754,124.4144,5.369446
06.12.2023 14:48:12,0.03846252,-0.2329619,0.006391174,0.9717039,-4.457878,121.9762,5.316071,-0.06830875,-0.2535052,-0.0211292,0.9646878,13.19287,124.4217,5.355011
06.12.2023 14:48:12,0.03843316,-0.2328684,0.00637218,0.9717277,-4.454126,121.9652,5.316986,-0.0685758,-0.2534822,-0.02129894,0.9646712,13.22751,124.4187,5.366302
06.12.2023 14:48:12,0.03842673,-0.2328954,0.006421683,0.9717211,-4.454725,121.9681,5.311401,-0.06899614,-0.2537248,-0.02126417,0.9645782,13.27328,124.4496,5.347961
06.12.2023 14:48:12,0.03842835,-0.2328764,0.006435727,0.9717255,-4.455286,121.9659,5.309784,-0.06931288,-0.2537754,-0.02100638,0.9645478,13.30096,124.4588,5.309418
06.12.2023 14:48:12,0.03833825,-0.2329508,0.006460682,0.971711,-4.445883,121.9743,5.304932,-0.06952897,-0.2536572,-0.02048281,0.9645746,13.30966,124.4495,5.245605
06.12.2023 14:48:12,0.03842821,-0.232882,0.006359327,0.9717247,-4.453226,121.9668,5.318359,-0.06955884,-0.2535747,-0.02042934,0.9645953,13.3114,124.4402,5.239441
06.12.2023 14:48:12,0.03837068,-0.2328637,0.006386445,0.9717311,-4.447541,121.9644,5.31369,-0.06927676,-0.253366,-0.02077363,0.9646631,13.29004,124.4115,5.288025
06.12.2023 14:48:12,0.03840745,-0.232949,0.00640067,0.9717092,-4.451994,121.9745,5.313477,-0.06901654,-0.2532077,-0.02112509,0.9647157,13.2713,124.3889,5.336304
06.12.2023 14:48:12,0.03840367,-0.2329811,0.006423458,0.9717014,-4.452173,121.9782,5.310974,-0.06884142,-0.2531499,-0.02110785,0.9647437,13.25134,124.3815,5.340027
06.12.2023 14:48:12,0.0385918,-0.2329388,0.006380527,0.9717044,-4.472016,121.9738,5.320648,-0.06869708,-0.253147,-0.02046416,0.9647686,13.21652,124.3854,5.2724
06.12.2023 14:48:12,0.03863065,-0.2329805,0.006479824,0.9716923,-4.478991,121.9785,5.310791,-0.06840148,-0.2531111,-0.02001089,0.9648086,13.17047,124.3833,5.230774
06.12.2023 14:48:12,0.0388148,-0.2329617,0.006506293,0.9716892,-4.50024,121.9766,5.312683,-0.06836807,-0.2531823,-0.01975139,0.9647976,13.15921,124.3936,5.202179
06.12.2023 14:48:12,0.03882147,-0.2330418,0.006601843,0.9716691,-4.503515,121.9857,5.302551,-0.06836595,-0.253163,-0.01959677,0.964806,13.15445,124.3925,5.18515
06.12.2023 14:48:12,0.03866445,-0.2330285,0.006663261,0.9716781,-4.487653,121.9835,5.291412,-0.06833811,-0.2531315,-0.0195424,0.9648173,13.14978,124.389,5.180176
06.12.2023 14:48:12,0.0386187,-0.2330645,0.006649768,0.9716714,-4.482179,121.9876,5.29187,-0.06834404,-0.2531476,-0.01957029,0.9648121,13.15125,124.3907,5.182953
06.12.2023 14:48:12,0.03862575,-0.2330385,0.006714215,0.9716769,-4.484697,121.9843,5.284729,-0.06858458,-0.2531688,-0.01977932,0.9647853,13.18408,124.3927,5.199036
06.12.2023 14:48:12,0.03859861,-0.2331635,0.006773807,0.9716476,-4.48323,121.9988,5.277924,-0.06882638,-0.2532222,-0.02012238,0.9647469,13.22095,124.3974,5.229797
06.12.2023 14:48:12,0.03852103,-0.2332024,0.00690313,0.9716405,-4.478031,122.0027,5.261597,-0.06883179,-0.2532681,-0.02076715,0.9647208,13.24036,124.3981,5.301239
06.12.2023 14:48:12,0.03848361,-0.2332825,0.007254679,0.9716201,-4.483252,122.0106,5.22171,-0.06872535,-0.2531495,-0.02133825,0.9647471,13.24515,124.3793,5.369171
06.12.2023 14:48:12,0.03853906,-0.2334479,0.007263161,0.9715781,-4.489624,122.0302,5.223022,-0.06859612,-0.2529826,-0.02212685,0.9647823,13.25366,124.3529,5.462463
06.12.2023 14:48:12,0.03858876,-0.233512,0.007190475,0.9715613,-4.493202,122.0382,5.232758,-0.0686722,-0.2529723,-0.02208314,0.9647806,13.26086,124.3523,5.455444
06.12.2023 14:48:12,0.03859425,-0.2335979,0.006894115,0.9715426,-4.485846,122.0496,5.266388,-0.06880864,-0.2530654,-0.02167228,0.9647557,13.2641,124.367,5.404755
06.12.2023 14:48:12,0.03866249,-0.2336166,0.006780428,0.9715362,-4.4904,122.0524,5.281006,-0.06893055,-0.2530741,-0.0210362,0.9647588,13.25912,124.3733,5.330048
06.12.2023 14:48:12,0.03882331,-0.2335811,0.006701799,0.9715388,-4.506233,122.049,5.293945,-0.0689629,-0.2531785,-0.0209717,0.9647305,13.26086,124.3864,5.320984
06.12.2023 14:48:12,0.03896607,-0.2337022,0.006751425,0.9715037,-4.523444,122.0634,5.292816,-0.0688333,-0.2532303,-0.02110441,0.9647233,13.25037,124.3911,5.339172
06.12.2023 14:48:12,0.03893513,-0.2337673,0.007015298,0.9714874,-4.527058,122.0699,5.262848,-0.06869315,-0.2531836,-0.02119166,0.9647437,13.2373,124.3843,5.353455
06.12.2023 14:48:12,0.03881464,-0.2338067,0.007351429,0.9714803,-4.522635,122.0729,5.222229,-0.0684995,-0.253186,-0.02108901,0.964759,13.2128,124.3846,5.347656
06.12.2023 14:48:12,0.03883354,-0.2337387,0.00761635,0.9714938,-4.531868,122.0638,5.192841,-0.0685871,-0.2533021,-0.02087324,0.964727,13.21628,124.4005,5.319977
06.12.2023 14:48:12,0.03869354,-0.2337823,0.00771479,0.9714881,-4.518891,122.0682,5.178284,-0.06840792,-0.2532747,-0.02129264,0.9647378,13.20859,124.3933,5.372314
06.12.2023 14:48:12,0.03854114,-0.2337872,0.007709133,0.9714931,-4.501747,122.0685,5.174835,-0.06825802,-0.2533429,-0.02211464,0.964712,13.21591,124.3948,5.467926
06.12.2023 14:48:12,0.03843449,-0.2339181,0.007603174,0.9714666,-4.486988,122.0841,5.184418,-0.0682342,-0.2532341,-0.02257714,0.9647315,13.22668,124.3782,5.52121
06.12.2023 14:48:12,0.03831961,-0.2339221,0.007557271,0.9714705,-4.472947,122.0845,5.186462,-0.06879675,-0.2529482,-0.02221807,0.9647749,13.27863,124.3489,5.467072
06.12.2023 14:48:12,0.03823094,-0.2340144,0.007459929,0.9714525,-4.460428,122.0956,5.195343,-0.06920236,-0.2528014,-0.02234394,0.9647815,13.3273,124.3319,5.47049
06.12.2023 14:48:12,0.0382627,-0.2340102,0.007436876,0.9714525,-4.463351,122.0953,5.198761,-0.06979806,-0.2525659,-0.02283363,0.9647888,13.40762,124.3023,5.509796
06.12.2023 14:48:12,0.0383317,-0.2340711,0.007412073,0.9714352,-4.470365,122.1028,5.203674,-0.07018558,-0.2523003,-0.02302983,0.9648255,13.45627,124.2706,5.522705
06.12.2023 14:48:12,0.03847087,-0.2341426,0.00737736,0.9714128,-4.484931,122.1117,5.211639,-0.07074071,-0.2520387,-0.0225153,0.9648655,13.50293,124.2454,5.451294
06.12.2023 14:48:12,0.03856659,-0.2342065,0.007424154,0.9713932,-4.496846,122.1192,5.20929,-0.07102753,-0.2516969,-0.02159789,0.9649546,13.50809,124.2128,5.343384
06.12.2023 14:48:12,0.03869184,-0.2340849,0.007408496,0.9714177,-4.510415,122.1052,5.213867,-0.07098179,-0.2514154,-0.02118493,0.9650405,13.49094,124.1822,5.301056
06.12.2023 14:48:12,0.0387266,-0.2340701,0.007491599,0.9714192,-4.516526,122.1032,5.205444,-0.07046594,-0.2512518,-0.02164352,0.9651107,13.44678,124.1571,5.368835
06.12.2023 14:48:12,0.03877159,-0.2340926,0.007663294,0.9714107,-4.526152,122.1053,5.187592,-0.07006393,-0.2510784,-0.02272146,0.9651604,13.43317,124.1266,5.502563
06.12.2023 14:48:12,0.03858743,-0.2339839,0.007757628,0.9714435,-4.508175,122.0916,5.1716,-0.06982298,-0.2504147,-0.02357582,0.9653297,13.43063,124.0399,5.610931
06.12.2023 14:48:12,0.03853479,-0.2339589,0.007620432,0.9714527,-4.498626,122.0891,5.185364,-0.06987713,-0.2498643,-0.0238668,0.9654613,13.44467,123.9722,5.646759
06.12.2023 14:48:12,0.03850965,-0.233935,0.007551796,0.97146,-4.493985,122.0865,5.19223,-0.07009967,-0.2490934,-0.02399277,0.9656412,13.47253,123.88,5.661224
06.12.2023 14:48:12,0.03833214,-0.2339272,0.007355533,0.9714704,-4.468925,122.086,5.209351,-0.07055423,-0.2484653,-0.02446252,0.9657581,13.5361,123.803,5.706238
06.12.2023 14:48:12,0.03832639,-0.2339145,0.00727422,0.9714742,-4.466103,122.0848,5.218201,-0.0711678,-0.2481692,-0.02490535,0.9657779,13.61685,123.7664,5.740784
06.12.2023 14:48:12,0.03829189,-0.2338711,0.007217327,0.9714864,-4.46074,122.0798,5.223419,-0.0717096,-0.247832,-0.02522141,0.9658162,13.68591,123.7256,5.763641
06.12.2023 14:48:12,0.03825358,-0.233893,0.007161199,0.9714832,-4.454956,122.0826,5.22876,-0.07246159,-0.2475089,-0.02515311,0.9658447,13.76746,123.6903,5.737335
06.12.2023 14:48:12,0.03824622,-0.2338756,0.007207935,0.9714873,-4.455394,122.0803,5.223267,-0.07286923,-0.2472327,-0.02458847,0.9658993,13.79657,123.6634,5.664948
06.12.2023 14:48:13,0.03819519,-0.2339057,0.007221262,0.9714819,-4.450056,122.0837,5.220551,-0.07283067,-0.2470029,-0.02463472,0.9659598,13.79343,123.6354,5.67334
06.12.2023 14:48:13,0.03815321,-0.2339551,0.007231787,0.9714716,-4.445647,122.0894,5.218445,-0.07291003,-0.24671,-0.02498795,0.9660196,13.8121,123.5979,5.713318
06.12.2023 14:48:13,0.03817524,-0.233851,0.007154513,0.9714964,-4.446053,122.0775,5.227203,-0.07252228,-0.2466554,-0.02505758,0.966061,13.77084,123.5894,5.732697
06.12.2023 14:48:13,0.03815474,-0.2338315,0.007090239,0.9715024,-4.442047,122.0753,5.233734,-0.07197669,-0.2466546,-0.02524258,0.9660971,13.71533,123.5859,5.769043
06.12.2023 14:48:13,0.03820608,-0.2338662,0.007098835,0.9714919,-4.447992,122.0795,5.234314,-0.07164911,-0.2467721,-0.02562088,0.9660816,13.6897,123.5957,5.819702
06.12.2023 14:48:13,0.03809537,-0.2338672,0.007068806,0.9714962,-4.434842,122.0795,5.23468,-0.07166036,-0.246951,-0.02572162,0.9660323,13.69394,123.6163,5.829041
06.12.2023 14:48:13,0.03810339,-0.2338038,0.007065032,0.9715112,-4.43565,122.0721,5.235046,-0.07188065,-0.2471744,-0.0253187,0.9659694,13.70721,123.6469,5.775574
06.12.2023 14:48:13,0.03817007,-0.2337682,0.007103001,0.9715169,-4.444113,122.0678,5.232422,-0.07198606,-0.2472522,-0.02535318,0.9659408,13.72,123.6563,5.775726
06.12.2023 14:48:13,0.03824346,-0.2337773,0.007002789,0.9715126,-4.449604,122.0695,5.245636,-0.07223307,-0.247403,-0.02570585,0.9658744,13.75766,123.6724,5.806763
06.12.2023 14:48:13,0.03827126,-0.2337211,0.007055148,0.9715246,-4.454122,122.0627,5.240295,-0.07233646,-0.2476105,-0.02549559,0.9658191,13.76337,123.6992,5.778351
06.12.2023 14:48:13,0.03832043,-0.2337077,0.007007241,0.9715262,-4.458322,122.0615,5.246887,-0.07252736,-0.2478235,-0.02496476,0.965764,13.76965,123.7296,5.711487
06.12.2023 14:48:13,0.03832213,-0.2336459,0.006931501,0.9715415,-4.456496,122.0545,5.255127,-0.07238913,-0.2478125,-0.02466276,0.965785,13.74564,123.7302,5.681732
06.12.2023 14:48:13,0.03833686,-0.2335704,0.006927796,0.9715592,-4.458058,122.0456,5.255585,-0.07225534,-0.2478137,-0.02497706,0.9657866,13.73972,123.7273,5.720764
06.12.2023 14:48:13,0.03838188,-0.2335607,0.006908856,0.9715598,-4.462573,122.0446,5.25885,-0.07219125,-0.2479162,-0.02528526,0.965757,13.74142,123.7368,5.756165
06.12.2023 14:48:13,0.0383249,-0.2334818,0.006909806,0.971581,-4.456266,122.0352,5.256866,-0.0722933,-0.2479947,-0.02530483,0.9657288,13.75342,123.7464,5.75473
06.12.2023 14:48:13,0.03833539,-0.2334461,0.006833462,0.9715897,-4.455399,122.0313,5.265503,-0.07240119,-0.2480844,-0.02532096,0.9656972,13.76596,123.7574,5.752594
06.12.2023 14:48:13,0.03828035,-0.233309,0.006820562,0.971625,-4.448954,122.015,5.264832,-0.07249879,-0.2482408,-0.02498829,0.9656584,13.76746,123.7791,5.711121
06.12.2023 14:48:13,0.03837233,-0.2332794,0.006776136,0.9716288,-4.458028,122.0119,5.272125,-0.0726959,-0.2482938,-0.02446469,0.9656433,13.77448,123.7903,5.646332
06.12.2023 14:48:13,0.03840867,-0.2332788,0.00668309,0.9716281,-4.459589,122.0123,5.283508,-0.07293662,-0.2483205,-0.02363242,0.965639,13.7775,123.8011,5.54599
06.12.2023 14:48:13,0.0384445,-0.2332566,0.006745779,0.9716316,-4.465269,122.0095,5.277344,-0.07301602,-0.2481842,-0.0222095,0.9657018,13.74561,123.7966,5.385651
06.12.2023 14:48:13,0.03853448,-0.2332281,0.006771699,0.9716347,-4.476005,122.0063,5.276733,-0.07280451,-0.2483129,-0.02158935,0.9656988,13.70438,123.816,5.321167
06.12.2023 14:48:13,0.03855914,-0.233189,0.006889477,0.9716423,-4.481918,122.0012,5.264069,-0.0724988,-0.2485616,-0.02189729,0.9656509,13.67923,123.842,5.362213
06.12.2023 14:48:13,0.03848999,-0.2332434,0.006892622,0.9716319,-4.474277,122.0075,5.262115,-0.0732277,-0.2490446,-0.0209559,0.9654923,13.73355,123.9102,5.231384
06.12.2023 14:48:13,0.03851243,-0.23335,0.007019303,0.9716045,-4.480145,122.0196,5.249054,-0.07441721,-0.2492949,-0.01826067,0.9653915,13.78854,123.9668,-0.1070402
06.12.2023 14:48:13,0.0385231,-0.2333699,0.007031537,0.9715992,-4.481657,122.0219,5.248077,-0.07469792,-0.2496721,-0.01775322,0.9652818,13.80511,124.0172,-0.1754602
06.12.2023 14:48:13,0.03845285,-0.2334993,0.007044183,0.9715708,-4.47413,122.037,5.245392,-0.07443198,-0.25003,-0.01835003,0.9651985,13.79266,124.0539,-0.1042203
06.12.2023 14:48:13,0.03846078,-0.2334556,0.007167892,0.9715801,-4.47834,122.0313,5.231567,-0.07401786,-0.2504362,-0.01877776,0.9651169,13.75891,124.0971,-0.04800317
06.12.2023 14:48:13,0.0384538,-0.2336296,0.007264973,0.9715379,-4.480124,122.0515,5.221344,-0.07401481,-0.2507858,-0.01808457,0.9650396,13.73849,124.1444,-0.1286375
06.12.2023 14:48:13,0.03839797,-0.2336506,0.007359387,0.9715343,-4.476428,122.0534,5.209412,-0.07508712,-0.2507226,-0.01610568,0.9650082,13.80057,124.1578,-0.3807959
06.12.2023 14:48:13,0.03839174,-0.2337595,0.007279903,0.9715089,-4.473576,122.0666,5.218628,-0.07600213,-0.2504109,-0.01464795,0.9650407,13.86032,124.1368,-0.5678133
06.12.2023 14:48:13,0.03842018,-0.2338697,0.007094457,0.9714826,-4.471743,122.0805,5.240601,-0.07605175,-0.2503086,-0.01565308,0.9650475,13.89496,124.1167,-0.455883
06.12.2023 14:48:13,0.03849317,-0.2338618,0.006793106,0.9714838,-4.471792,122.0809,5.276184,-0.07566477,-0.2504707,-0.01726205,0.9650084,13.89832,124.1212,-0.2660511
06.12.2023 14:48:13,0.03866279,-0.2339566,0.006547878,0.9714559,-4.484088,122.0936,5.308563,-0.07408819,-0.2507896,-0.01930188,0.9650093,13.78186,124.1355,0.005327464
06.12.2023 14:48:13,0.03873138,-0.2339278,0.006690234,0.9714592,-4.495567,122.0898,5.294373,-0.07340149,-0.25085,-0.01952745,0.9650416,13.71201,124.1378,5.050079
06.12.2023 14:48:13,0.03870126,-0.2339926,0.006797794,0.971444,-4.49508,122.0969,5.28186,-0.0728484,-0.2507757,-0.01876358,0.9651179,13.62842,124.1326,-0.01849113
06.12.2023 14:48:13,0.03865419,-0.2340363,0.007105057,0.9714332,-4.498076,122.1006,5.24649,-0.0725462,-0.2505667,-0.01826458,0.9652045,13.58038,124.1102,-0.06357709
06.12.2023 14:48:13,0.0384237,-0.2339371,0.00735874,0.9714643,-4.479217,122.0873,5.211487,-0.07248151,-0.2502698,-0.01839158,0.965284,13.57687,124.0735,-0.0448297
06.12.2023 14:48:13,0.03825828,-0.233969,0.007488425,0.9714622,-4.464251,122.0902,5.192688,-0.07255177,-0.250031,-0.01865778,0.9653355,13.59238,124.0432,-0.01497075
06.12.2023 14:48:13,0.0381276,-0.2339314,0.007636563,0.9714752,-4.453668,122.0848,5.172455,-0.07313924,-0.2496645,-0.01855792,0.965388,13.65485,124.0028,-0.03995157
06.12.2023 14:48:13,0.03798066,-0.2340034,0.007592789,0.971464,-4.436097,122.0932,5.173737,-0.07399876,-0.2493721,-0.01777017,0.9654129,13.72787,123.978,-0.150444
06.12.2023 14:48:13,0.03785643,-0.2341085,0.007638538,0.9714431,-4.423459,122.1052,5.165741,-0.07487031,-0.2492936,-0.01663708,0.9653862,13.79227,123.9818,-0.3018857
06.12.2023 14:48:13,0.03777008,-0.2341714,0.007694297,0.971431,-4.415319,122.1122,5.157471,-0.07545532,-0.2492933,-0.01600655,0.9653513,13.83923,123.9897,-0.3894923
06.12.2023 14:48:13,0.03769454,-0.2342516,0.007685416,0.9714146,-4.406647,122.1215,5.156799,-0.0757456,-0.2493635,-0.0161269,0.9653085,13.87497,123.9985,-0.3851441
06.12.2023 14:48:13,0.03753708,-0.2343323,0.007678183,0.9714013,-4.388886,122.1307,5.153717,-0.07537478,-0.2495857,-0.01786924,0.9652494,13.88379,124.0091,-0.1814196
06.12.2023 14:48:13,0.03761127,-0.2344855,0.007657083,0.9713616,-4.396564,122.1491,5.158783,-0.07505781,-0.2496242,-0.01911996,0.9652402,13.88452,124.0021,-0.03257944
06.12.2023 14:48:13,0.03768691,-0.234535,0.007723683,0.9713462,-4.40678,122.1548,5.153595,-0.07490572,-0.2496888,-0.01951424,0.9652274,13.87894,124.0059,5.015381
06.12.2023 14:48:13,0.03764455,-0.234619,0.007756141,0.9713273,-4.402919,122.1645,5.149231,-0.07522352,-0.2495227,-0.01860473,0.9652635,13.88812,123.9949,-0.0941218
06.12.2023 14:48:13,0.03767721,-0.2346706,0.007841562,0.9713129,-4.408854,122.1703,5.140808,-0.07560308,-0.2492909,-0.01780467,0.9653089,13.90738,123.9755,-0.192562
06.12.2023 14:48:13,0.03773784,-0.2346874,0.008044451,0.9713048,-4.421073,122.1716,5.119873,-0.07575282,-0.2488198,-0.01816544,0.965412,13.93451,123.917,-0.1521525
06.12.2023 14:48:13,0.03774729,-0.2347288,0.008136112,0.9712937,-4.424592,122.1762,5.110077,-0.07578497,-0.2484863,-0.01891233,0.965481,13.95953,123.8712,-0.06635988
06.12.2023 14:48:13,0.03772255,-0.2347541,0.008150652,0.9712884,-4.422223,122.179,5.10791,-0.07609534,-0.2483304,-0.01857158,0.9655033,13.98434,123.8568,-0.1120538
06.12.2023 14:48:13,0.03765656,-0.2348231,0.008025051,0.9712753,-4.411475,122.1876,5.120453,-0.07653883,-0.2482633,-0.01787942,0.9654986,14.01389,123.8566,-0.2017933
06.12.2023 14:48:13,0.03766245,-0.2347483,0.007889466,0.9712943,-4.408488,122.1793,5.135406,-0.07694852,-0.2483012,-0.017251,0.9654677,14.04147,123.8683,-0.2844138
06.12.2023 14:48:13,0.03757133,-0.2347051,0.007671553,0.97131,-4.392465,122.1749,5.157074,-0.07682148,-0.2482211,-0.01796374,0.9654855,14.04779,123.8522,-0.2001587
06.12.2023 14:48:13,0.03759918,-0.2346677,0.007601079,0.9713185,-4.393678,122.1708,5.165527,-0.07642211,-0.2481822,-0.01879169,0.9655114,14.02704,123.8388,-0.09549296
06.12.2023 14:48:13,0.03754099,-0.2345995,0.00762171,0.9713371,-4.38776,122.1625,5.161346,-0.07608901,-0.2480692,-0.01889924,0.9655646,13.99304,123.8229,-0.0727321
06.12.2023 14:48:13,0.03756339,-0.234568,0.007695044,0.9713432,-4.392235,122.1586,5.153625,-0.07592891,-0.248137,-0.01840481,0.9655693,13.96106,123.8343,-0.1240882
06.12.2023 14:48:13,0.03743565,-0.2345812,0.007749902,0.9713445,-4.379473,122.1596,5.144104,-0.07573602,-0.2483402,-0.01813659,0.9655373,13.93188,123.8599,-0.1504195
06.12.2023 14:48:13,0.03733088,-0.2344568,0.007733794,0.9713787,-4.367378,122.1447,5.142517,-0.07578976,-0.2486308,-0.01832898,0.9654546,13.94333,123.8932,-0.1331545
06.12.2023 14:48:13,0.03722178,-0.2344027,0.00766802,0.9713965,-4.353455,122.1384,5.146667,-0.07583366,-0.2488374,-0.01880324,0.9653889,13.96179,123.9142,-0.08327082
06.12.2023 14:48:13,0.03727115,-0.234409,0.007554939,0.971394,-4.355915,122.1397,5.160645,-0.07584425,-0.2488941,-0.01894743,0.9653706,13.9671,123.9199,-0.06796958
06.12.2023 14:48:13,0.03727293,-0.2343239,0.007482859,0.971415,-4.354188,122.1299,5.168365,-0.07618596,-0.2487543,-0.01816006,0.9653949,13.98257,123.9113,-0.1647357
06.12.2023 14:48:13,0.03721774,-0.2343252,0.007427268,0.9714172,-4.34654,122.1302,5.173096,-0.07650164,-0.2485045,-0.01680965,0.9654587,13.97903,123.894,-0.3227486
06.12.2023 14:48:13,0.03721697,-0.2342785,0.007342255,0.9714292,-4.344177,122.125,5.182343,-0.07637545,-0.2481934,-0.01608607,0.965561,13.94437,123.8622,-0.3971711
06.12.2023 14:48:13,0.03711033,-0.2343388,0.007367737,0.9714185,-4.332963,122.1318,5.17688,-0.0761801,-0.2481902,-0.01617262,0.9655758,13.92511,123.8601,-0.3817768
06.12.2023 14:48:13,0.03703842,-0.2343054,0.007379923,0.9714292,-4.325281,122.1276,5.173431,-0.07606051,-0.2483467,-0.01711192,0.9655288,13.93863,123.8706,-0.2746111
06.12.2023 14:48:13,0.03705328,-0.2343323,0.007283207,0.9714229,-4.324332,122.1312,5.184753,-0.07592071,-0.2486021,-0.017835,0.965461,13.94376,123.8945,-0.1919892
06.12.2023 14:48:13,0.03697519,-0.2344474,0.007232008,0.9713985,-4.314228,122.1449,5.188873,-0.0755695,-0.2489707,-0.01841497,0.9653827,13.92123,123.9321,-0.120299
06.12.2023 14:48:13,0.03692884,-0.2344417,0.007038541,0.971403,-4.303856,122.1448,5.209198,-0.07536983,-0.2492773,-0.01811493,0.9653249,13.89035,123.9703,-0.1509193
06.12.2023 14:48:13,0.03691576,-0.2344123,0.006964378,0.9714112,-4.300408,122.1416,5.21698,-0.07524394,-0.2495275,-0.01750992,0.9652812,13.85889,124.0045,-0.2172724
06.12.2023 14:48:13,0.03687345,-0.2344407,0.006937888,0.9714061,-4.294973,122.145,5.218933,-0.07516495,-0.2497703,-0.01687958,0.9652358,13.83188,124.0382,-0.2877367
06.12.2023 14:48:13,0.03691817,-0.2344278,0.006922043,0.9714076,-4.299534,122.1436,5.221832,-0.07500717,-0.249911,-0.01760251,0.9651988,13.83514,124.0484,-0.2035463
06.12.2023 14:48:13,0.03696344,-0.2344567,0.00684505,0.9713995,-4.302502,122.1475,5.231781,-0.0748873,-0.2500288,-0.01805137,0.9651693,13.83472,124.0583,-0.1509151
06.12.2023 14:48:13,0.03698312,-0.2343877,0.006883275,0.9714151,-4.305741,122.1392,5.227753,-0.07493933,-0.2499715,-0.01796105,0.9651818,13.83792,124.0524,-0.1620101
06.12.2023 14:48:13,0.03689247,-0.2342781,0.006821191,0.9714454,-4.293992,122.1263,5.23175,-0.07517781,-0.2496944,-0.01702193,0.9652519,13.83743,124.028,-0.2714863
06.12.2023 14:48:13,0.03691394,-0.2341855,0.006792814,0.9714671,-4.295644,122.1155,5.235077,-0.07542238,-0.2490997,-0.01436412,0.9654297,13.78842,123.9796,-0.5705153
06.12.2023 14:48:13,0.03706492,-0.2340986,0.006772841,0.9714825,-4.31196,122.1057,5.240997,-0.07496691,-0.2483056,-0.01376063,0.9656785,13.72092,123.8873,-0.6175076
06.12.2023 14:48:13,0.03717135,-0.2340734,0.006799955,0.9714843,-4.324559,122.1028,5.240723,-0.07410098,-0.2475251,-0.01456944,0.9659338,13.64813,123.7835,-0.4947927
06.12.2023 14:48:13,0.03723561,-0.2339952,0.00676548,0.9715009,-4.330816,122.0939,5.245972,-0.07379538,-0.2473528,-0.01525996,0.9659907,13.63391,123.756,-0.4071208
06.12.2023 14:48:13,0.03729006,-0.2338413,0.006736682,0.9715361,-4.336152,122.0759,5.249969,-0.07351732,-0.247396,-0.0147675,0.9660085,13.5889,123.7637,-0.4545719
06.12.2023 14:48:13,0.03728998,-0.2338005,0.006772337,0.9715456,-4.337111,122.071,5.245789,-0.07307531,-0.2479368,-0.01281551,0.9659312,13.48361,123.8413,-0.6649495
06.12.2023 14:48:13,0.03726422,-0.2337901,0.006741806,0.9715494,-4.333422,122.0698,5.248474,-0.07243628,-0.2487186,-0.01162938,0.9657934,13.37793,123.9405,-0.7858764
06.12.2023 14:48:13,0.03738495,-0.2336938,0.006652679,0.9715685,-4.344515,122.0591,5.26123,-0.07201221,-0.2494336,-0.0114191,0.9656432,13.32413,124.0252,-0.8032374
06.12.2023 14:48:13,0.03749649,-0.2337433,0.006620258,0.9715525,-4.356068,122.0653,5.268066,-0.07141074,-0.2500081,-0.01181024,0.9655346,13.26804,124.0878,-0.7469068
06.12.2023 14:48:13,0.03760738,-0.2338133,0.006584545,0.9715316,-4.367453,122.074,5.27536,-0.07058404,-0.2503644,-0.01167514,0.9655047,13.17197,124.1272,-0.7408513
06.12.2023 14:48:13,0.03767225,-0.233781,0.006586431,0.9715369,-4.374744,122.0703,5.276764,-0.06984775,-0.2505601,-0.0115851,0.9655085,13.08734,124.1476,-0.7309974
06.12.2023 14:48:13,0.0377144,-0.2338135,0.006653415,0.9715269,-4.381233,122.074,5.270569,-0.06975909,-0.2501316,-0.01159608,0.9656259,13.07813,124.096,-0.7235653
06.12.2023 14:48:13,0.03775979,-0.233878,0.006534028,0.9715105,-4.383069,122.0822,5.2854,-0.06964815,-0.2499836,-0.01122616,0.9656767,13.05524,124.0805,-0.7603964
06.12.2023 14:48:13,0.03792953,-0.2339035,0.006200547,0.9714999,-4.393031,122.0869,5.327332,-0.07000256,-0.2496304,-0.01062203,0.9657492,13.07755,124.0446,-0.8352718
06.12.2023 14:48:13,0.03815174,-0.2338711,0.005968944,0.9715005,-4.411594,122.0846,5.359009,-0.07031488,-0.2494698,-0.009234361,0.9657823,13.07245,124.0372,-0.9980689
06.12.2023 14:48:14,0.038451,-0.2338431,0.005815299,0.9714963,-4.440844,122.0826,5.384125,-0.07038235,-0.2494851,-0.008668238,0.9657786,13.06363,124.0436,-1.063413
06.12.2023 14:48:14,0.0385256,-0.2336867,0.005767622,0.9715313,-4.447942,122.0645,5.390747,-0.07036047,-0.2495915,-0.008961656,0.96575,13.06952,124.054,-1.03089
06.12.2023 14:48:14,0.03855284,-0.2338342,0.005999028,0.9714933,-4.457133,122.0811,5.366302,-0.0701877,-0.2500446,-0.009982019,0.9656354,13.07928,124.0996,-0.9156683
06.12.2023 14:48:14,0.03848514,-0.2337701,0.006334131,0.9715093,-4.458604,122.072,5.326782,-0.07003839,-0.2507136,-0.01080387,0.9654639,13.08585,124.1726,-0.8251349
06.12.2023 14:48:14,0.03841788,-0.2337324,0.006538168,0.9715197,-4.456594,122.0665,5.302002,-0.07004405,-0.251355,-0.01080957,0.9652967,13.08609,124.2491,-0.8300728
06.12.2023 14:48:14,0.03829809,-0.233628,0.006796714,0.9715477,-4.450205,122.0529,5.26944,-0.07018527,-0.2517565,-0.01053645,0.9651848,13.09348,124.2997,-0.8681139
06.12.2023 14:48:14,0.03812593,-0.2336015,0.006861469,0.9715604,-4.432754,122.049,5.257446,-0.07046768,-0.2518509,-0.01017487,0.9651434,13.11429,124.3151,-0.9176093
06.12.2023 14:48:14,0.03801583,-0.2336121,0.006771274,0.9715629,-4.418056,122.0504,5.264618,-0.07062174,-0.251789,-0.01008771,0.9651493,13.12894,124.3091,-0.9313595
06.12.2023 14:48:14,0.03797626,-0.2336207,0.006864985,0.9715617,-4.416156,122.051,5.253113,-0.07073971,-0.2515709,-0.01028902,0.9651954,13.1481,124.2822,-0.9105073
06.12.2023 14:48:14,0.03774157,-0.2336477,0.006930429,0.9715639,-4.391738,122.0533,5.239624,-0.07102599,-0.2509246,-0.01080172,0.965337,13.19537,124.2028,-0.8561647
06.12.2023 14:48:14,0.03762731,-0.2337984,0.007019326,0.9715314,-4.381347,122.0705,5.227295,-0.07165542,-0.2505257,-0.01082371,0.9653938,13.26633,124.1582,-0.8687685
06.12.2023 14:48:14,0.03761154,-0.2338452,0.007070095,0.9715204,-4.380941,122.0758,5.221405,-0.07210438,-0.2502726,-0.01030298,0.9654318,13.30142,124.1342,-0.9379367
06.12.2023 14:48:14,0.03763407,-0.233986,0.007082524,0.9714855,-4.383755,122.0924,5.221283,-0.07221042,-0.2500778,-0.01019837,0.9654754,13.31039,124.1124,-0.9510494
06.12.2023 14:48:14,0.03769225,-0.234196,0.007085015,0.9714326,-4.39026,122.1174,5.223511,-0.07232343,-0.249851,-0.01060802,0.9655213,13.33499,124.0828,-0.9066151
06.12.2023 14:48:14,0.03775658,-0.2343413,0.007074018,0.9713952,-4.397101,122.1347,5.227142,-0.07230324,-0.2497995,-0.01091698,0.9655327,13.34171,124.0742,-0.8710467
06.12.2023 14:48:14,0.03779283,-0.2344396,0.007069916,0.9713701,-4.401009,122.1464,5.229004,-0.07233991,-0.2499119,-0.01087811,0.9655012,13.34454,124.0881,-0.877443
06.12.2023 14:48:14,0.03780605,-0.2345567,0.00713155,0.9713408,-4.404114,122.16,5.223022,-0.07242037,-0.2498962,-0.01088342,0.9654992,13.35367,124.0866,-0.8790693
06.12.2023 14:48:14,0.03767171,-0.234654,0.007226938,0.9713219,-4.391688,122.1708,5.209198,-0.07232492,-0.2497917,-0.01122492,0.9655295,13.353,124.071,-0.8371983
06.12.2023 14:48:14,0.0376122,-0.2347059,0.007275875,0.9713113,-4.386362,122.1766,5.202362,-0.07233906,-0.2497742,-0.01151439,0.9655296,13.36295,124.0668,-0.8051071
06.12.2023 14:48:14,0.03755889,-0.2348057,0.007215214,0.9712896,-4.378763,122.1886,5.20813,-0.07229351,-0.249466,-0.0115437,0.9656124,13.35898,124.0296,-0.7978109
06.12.2023 14:48:14,0.03746403,-0.2347755,0.007080689,0.9713016,-4.364572,122.1853,5.220459,-0.07238293,-0.2491939,-0.01129799,0.9656788,13.36206,123.9995,-0.8255163
06.12.2023 14:48:14,0.03738597,-0.2347666,0.007003399,0.9713073,-4.35379,122.1844,5.226929,-0.07234343,-0.2489717,-0.01168407,0.9657344,13.36896,123.9698,-0.7792664
06.12.2023 14:48:14,0.03743425,-0.2347638,0.007080347,0.9713056,-4.361245,122.1839,5.219635,-0.07240362,-0.2487622,-0.01186226,0.9657817,13.38095,123.9437,-0.7592703
06.12.2023 14:48:14,0.03740949,-0.2347622,0.007226896,0.9713058,-4.362435,122.183,5.202576,-0.0723288,-0.2485967,-0.01185249,0.9658301,13.37247,123.9237,-0.7567372
06.12.2023 14:48:14,0.03736372,-0.2347559,0.007318723,0.9713085,-4.35981,122.1818,5.191071,-0.07221217,-0.2485657,-0.01186314,0.9658467,13.35983,123.9193,-0.751881
06.12.2023 14:48:14,0.03738488,-0.2347175,0.007394065,0.9713163,-4.364205,122.177,5.183075,-0.07222486,-0.2486383,-0.01195041,0.965826,13.36368,123.9274,-0.743126
06.12.2023 14:48:14,0.0373635,-0.234576,0.007345354,0.9713517,-4.360538,122.1605,5.187286,-0.07217363,-0.2488473,-0.01189508,0.9657767,13.35623,123.9525,-0.7496409
06.12.2023 14:48:14,0.03725896,-0.2345048,0.007400545,0.9713725,-4.350383,122.1516,5.177979,-0.07209685,-0.2492205,-0.01202444,0.9656845,13.35114,123.9956,-0.7361931
06.12.2023 14:48:14,0.03728821,-0.2344204,0.007377555,0.9713919,-4.353041,122.1418,5.180969,-0.07200412,-0.2495819,-0.01217184,0.9655963,13.34479,124.0371,-0.7201558
06.12.2023 14:48:14,0.03734601,-0.2343581,0.007352573,0.971405,-4.358824,122.1346,5.185028,-0.07179391,-0.249943,-0.01222742,0.9655178,13.32275,124.0788,-0.7109362
06.12.2023 14:48:14,0.03733922,-0.2343335,0.00728097,0.9714116,-4.356145,122.132,5.192719,-0.07167952,-0.250151,-0.01206921,0.9654744,13.3053,124.1042,-0.7270727
06.12.2023 14:48:14,0.03727679,-0.2342988,0.007307298,0.9714223,-4.349901,122.1277,5.187958,-0.07162491,-0.2502294,-0.01232386,0.9654549,13.30652,124.1114,-0.6976968
06.12.2023 14:48:14,0.03724036,-0.234336,0.007214085,0.9714154,-4.343326,122.1324,5.19754,-0.07162504,-0.2502769,-0.01256953,0.9654395,13.3136,124.1152,-0.6706594
06.12.2023 14:48:14,0.03719733,-0.2343236,0.007179047,0.9714202,-4.337589,122.1309,5.200226,-0.07218987,-0.2501069,-0.01213466,0.965447,13.36398,124.101,-0.7343198
06.12.2023 14:48:14,0.03720861,-0.2343676,0.007138559,0.9714095,-4.337748,122.1363,5.205261,-0.07268713,-0.2502223,-0.01132428,0.9653897,13.39578,124.1235,-0.8404677
06.12.2023 14:48:14,0.03707866,-0.2343478,0.00711797,0.9714194,-4.322713,122.1338,5.203949,-0.07320844,-0.2501982,-0.01043617,0.9653665,13.4281,124.1302,-0.9548061
06.12.2023 14:48:14,0.03716234,-0.2343783,0.007060062,0.9714093,-4.330477,122.1378,5.212799,-0.07346927,-0.2503166,-0.01026946,0.9653178,13.45215,124.1469,-0.9821407
06.12.2023 14:48:14,0.03708987,-0.2344395,0.006931114,0.9713982,-4.318914,122.1454,5.225525,-0.07373286,-0.2504828,-0.01010388,0.9652563,13.4765,124.1695,-1.009861
06.12.2023 14:48:14,0.03709563,-0.2343904,0.006886578,0.9714102,-4.318371,122.1398,5.230438,-0.07391955,-0.2506137,-0.0099786,0.9652094,13.4935,124.1871,-1.030513
06.12.2023 14:48:14,0.03709799,-0.2344085,0.006833085,0.9714061,-4.31719,122.1421,5.236542,-0.07404435,-0.2507685,-0.009508222,0.9651644,13.49359,124.2098,-1.088127
06.12.2023 14:48:14,0.03710255,-0.2343544,0.006783932,0.9714193,-4.31639,122.1359,5.241913,-0.0740901,-0.2509345,-0.008612983,0.9651261,13.47253,124.2368,-1.190986
06.12.2023 14:48:14,0.03705916,-0.2344496,0.006802183,0.9713978,-4.31202,122.147,5.239136,-0.07445029,-0.2506607,-0.008441618,0.965171,13.50793,124.2075,-1.218332
06.12.2023 14:48:14,0.03702072,-0.2344462,0.006737599,0.9714006,-4.305998,122.1468,5.24527,-0.07457747,-0.2503954,-0.009126545,0.9652238,13.54224,124.1712,-1.143168
06.12.2023 14:48:14,0.03705484,-0.2343704,0.006756096,0.9714175,-4.310318,122.1378,5.243805,-0.07458079,-0.2500434,-0.01049501,0.965301,13.58255,124.1185,-0.9871459
06.12.2023 14:48:14,0.03714558,-0.234424,0.00675472,0.971401,-4.320382,122.1444,5.246643,-0.07487261,-0.249638,-0.01036569,0.9653847,13.61169,124.0727,-1.006532
06.12.2023 14:48:14,0.03717289,-0.2343203,0.006755169,0.971425,-4.323465,122.1322,5.246857,-0.07520422,-0.2492468,-0.01023806,0.9654613,13.64529,124.0288,-1.026999
06.12.2023 14:48:14,0.03725723,-0.2343065,0.006744843,0.9714252,-4.332592,122.1308,5.250244,-0.07545685,-0.2488557,-0.01049638,0.9655398,13.68124,123.9815,-1.001967
06.12.2023 14:48:14,0.03724971,-0.2343085,0.006745384,0.971425,-4.331767,122.131,5.249969,-0.07538608,-0.2485936,-0.01121063,0.9656047,13.69415,123.9442,-0.9176272
06.12.2023 14:48:14,0.0372193,-0.2342613,0.006704509,0.9714378,-4.327291,122.1255,5.25351,-0.07504547,-0.2485587,-0.01248446,0.9656246,13.69287,123.9281,-0.7648723
06.12.2023 14:48:14,0.03718548,-0.2342274,0.006754523,0.9714469,-4.324874,122.1212,5.246857,-0.07486019,-0.2486154,-0.01366855,0.9656084,13.70621,123.9245,-0.6275191
06.12.2023 14:48:14,0.03722431,-0.2341796,0.006826861,0.9714565,-4.331159,122.1154,5.239624,-0.07489406,-0.2483914,-0.01460551,0.9656497,13.73697,123.8905,-0.5216348
06.12.2023 14:48:14,0.0373423,-0.2342439,0.006930929,0.9714357,-4.347095,122.1228,5.231476,-0.07527523,-0.2479679,-0.01506067,0.9657219,13.79263,123.8382,-0.4779021
06.12.2023 14:48:14,0.0374269,-0.234307,0.007063197,0.9714163,-4.360067,122.1299,5.219299,-0.07584384,-0.2478164,-0.01507469,0.9657161,13.85641,123.8228,-0.4914449
06.12.2023 14:48:14,0.03758541,-0.2344715,0.007273247,0.971369,-4.383354,122.1489,5.200867,-0.07693077,-0.2476128,-0.01456086,0.9656902,13.96283,123.8081,-0.5786314
06.12.2023 14:48:14,0.03772267,-0.2345729,0.007403646,0.9713382,-4.402143,122.1607,5.19046,-0.07786186,-0.2468596,-0.01493057,0.9658028,14.07748,123.7199,-0.5571355
06.12.2023 14:48:14,0.03790519,-0.2345725,0.007420768,0.971331,-4.422949,122.161,5.193481,-0.07839341,-0.2460792,-0.01533792,0.9659525,14.14871,123.6261,-0.5194454
06.12.2023 14:48:14,0.03814688,-0.2346896,0.007246843,0.9712945,-4.44518,122.1761,5.219971,-0.07899105,-0.2458958,-0.01622802,0.965936,14.24063,123.5997,-0.4351794
06.12.2023 14:48:14,0.03834761,-0.2346669,0.006919771,0.9712945,-4.45875,122.1752,5.26181,-0.0794482,-0.2450375,-0.01647822,0.9661124,14.29904,123.4974,-0.4119853
06.12.2023 14:48:14,0.03864187,-0.2346824,0.006741095,0.9712804,-4.486731,122.1785,5.289795,-0.07904722,-0.2443125,-0.01594379,0.9663378,14.23959,123.4134,-0.4533819
06.12.2023 14:48:14,0.03880806,-0.2346431,0.006619331,0.9712841,-4.501986,122.1747,5.307678,-0.07805634,-0.2436215,-0.01566042,0.9665974,14.12149,123.3283,-0.4501839
06.12.2023 14:48:14,0.03872798,-0.2346059,0.006730404,0.9712955,-4.496064,122.1697,5.292938,-0.07727379,-0.2429267,-0.01583566,0.9668323,14.03949,123.2401,-0.4016424
06.12.2023 14:48:14,0.03877053,-0.2344717,0.00690017,0.971325,-4.505418,122.1532,5.274536,-0.07588945,-0.242396,-0.01656874,0.9670628,13.90591,123.1642,-0.2751619
06.12.2023 14:48:14,0.03861322,-0.2343788,0.007149311,0.9713519,-4.494612,122.1408,5.242035,-0.07451792,-0.2423399,-0.01770557,0.9671634,13.78479,123.142,-0.1083551
06.12.2023 14:48:14,0.03849031,-0.2343801,0.00731623,0.9713553,-4.485402,122.14,5.220093,-0.07317056,-0.2423287,-0.01896481,0.9672452,13.66977,123.1248,5.070984
06.12.2023 14:48:14,0.03837245,-0.2342114,0.007402398,0.9714,-4.474617,122.1194,5.206512,-0.07210837,-0.2419737,-0.02054876,0.9673815,13.59546,123.0656,5.281647
06.12.2023 14:48:14,0.0383451,-0.2341859,0.007550534,0.971406,-4.475557,122.1158,5.189117,-0.07127425,-0.2416862,-0.02135009,0.9674978,13.52469,123.0219,5.397461
06.12.2023 14:48:14,0.03825622,-0.2342077,0.007623791,0.9714037,-4.467614,122.1179,5.178619,-0.07061734,-0.2413494,-0.02167924,0.9676227,13.46045,122.9768,5.45575
06.12.2023 14:48:14,0.03821235,-0.2342726,0.007622007,0.9713898,-4.462663,122.1254,5.177948,-0.07044988,-0.2408802,-0.02153364,0.9677551,13.4375,122.9214,5.448242
06.12.2023 14:48:14,0.03812684,-0.2343239,0.007648894,0.9713805,-4.453844,122.1312,5.172882,-0.07052783,-0.2402709,-0.02152613,0.9679011,13.44571,122.8492,5.450592
06.12.2023 14:48:14,0.03814786,-0.2344725,0.007731721,0.9713432,-4.458389,122.1484,5.164886,-0.07043632,-0.2395954,-0.02214338,0.9680612,13.45221,122.7637,5.528259
06.12.2023 14:48:14,0.03825928,-0.2346009,0.007757143,0.9713076,-4.471473,122.1638,5.165649,-0.07018821,-0.2390626,-0.0220806,0.9682124,13.42249,122.6999,5.532806
06.12.2023 14:48:14,0.03832077,-0.2347097,0.007769329,0.9712788,-4.478637,122.1767,5.166443,-0.0694463,-0.2385665,-0.0215664,0.9683998,13.32532,122.6422,5.5
06.12.2023 14:48:14,0.03840104,-0.2348672,0.007741101,0.9712378,-4.486796,122.1956,5.172485,-0.06810164,-0.2381924,-0.02228757,0.968571,13.19485,122.5877,5.621246
06.12.2023 14:48:14,0.03844801,-0.2349593,0.00774576,0.9712136,-4.492139,122.2066,5.173676,-0.06670721,-0.2379283,-0.02406641,0.9686904,13.08774,122.5386,5.861328
06.12.2023 14:48:14,0.03842934,-0.23513,0.00792411,0.9711716,-4.494843,122.226,5.154053,-0.06442822,-0.2377838,-0.02761594,0.9687855,12.93024,122.489,6.322998
06.12.2023 14:48:14,0.03831183,-0.2351573,0.008054053,0.9711686,-4.485249,122.2284,5.136505,-0.06127107,-0.2379906,-0.03169271,0.9688147,12.68958,122.4777,6.864594
06.12.2023 14:48:14,0.03811307,-0.2352442,0.008060992,0.9711553,-4.463271,122.2382,5.130737,-0.05762569,-0.238447,-0.03482154,0.9688188,12.36929,122.5049,7.310974
06.12.2023 14:48:14,0.03808005,-0.2353334,0.008004158,0.9711355,-4.458044,122.2489,5.136597,-0.05571342,-0.2388771,-0.03507236,0.9688156,12.16391,122.5523,7.387939
06.12.2023 14:48:14,0.03791793,-0.2353256,0.00788618,0.9711447,-4.43679,122.2481,5.145325,-0.05448542,-0.2396326,-0.0349275,0.9687041,12.02487,122.6418,7.399689
06.12.2023 14:48:14,0.0380104,-0.2353174,0.007784098,0.9711438,-4.444339,122.2477,5.15918,-0.05315974,-0.2402274,-0.03566157,0.9686037,11.89874,122.7067,7.513824
06.12.2023 14:48:14,0.0380215,-0.2353472,0.007751546,0.9711365,-4.444693,122.2514,5.163269,-0.05250662,-0.2407577,-0.03664345,0.968471,11.8544,122.763,7.637817
06.12.2023 14:48:14,0.03808124,-0.2353763,0.007811977,0.9711266,-4.452979,122.2548,5.158264,-0.05256275,-0.2410065,-0.03714121,0.9683871,11.87506,122.7894,7.690216
06.12.2023 14:48:14,0.03804484,-0.2353092,0.00787535,0.9711437,-4.450644,122.2465,5.149902,-0.05216024,-0.241228,-0.03810484,0.9683163,11.85742,122.8094,7.807495
06.12.2023 14:48:14,0.03792051,-0.235345,0.007905297,0.9711397,-4.437592,122.2503,5.143341,-0.05144629,-0.2413409,-0.0393516,0.9682765,11.81262,122.8148,7.96579
06.12.2023 14:48:14,0.0377713,-0.2353718,0.007777797,0.97114,-4.417514,122.2537,5.153656,-0.05030569,-0.2413255,-0.03944591,0.9683364,11.68808,122.8122,8.007751
06.12.2023 14:48:14,0.03765351,-0.2352736,0.007722737,0.9711688,-4.402914,122.242,5.156158,-0.04919614,-0.2412575,-0.03820179,0.9684603,11.52991,122.8115,7.899506
06.12.2023 14:48:14,0.0376963,-0.2353377,0.007645768,0.9711522,-4.405594,122.25,5.166199,-0.0484855,-0.2412983,-0.03714449,0.968527,11.42166,122.8225,7.800507
06.12.2023 14:48:14,0.03772655,-0.2353323,0.007539562,0.9711533,-4.406097,122.2498,5.178864,-0.04791947,-0.2416617,-0.03697068,0.9684712,11.35486,122.8665,7.79422
06.12.2023 14:48:14,0.03773602,-0.2354518,0.007421013,0.9711248,-4.403927,122.2645,5.192902,-0.04744628,-0.2422092,-0.03823711,0.9683086,11.33884,122.9241,7.945221
06.12.2023 14:48:14,0.03775826,-0.2354245,0.007417747,0.9711306,-4.406322,122.2613,5.193726,-0.0472545,-0.2428842,-0.03940107,0.9681022,11.35187,122.9974,8.076141
06.12.2023 14:48:15,0.03766967,-0.2355763,0.007383595,0.9710975,-4.395496,122.2792,5.195831,-0.04728126,-0.2431596,-0.03893049,0.9680508,11.34265,123.0328,8.021027
06.12.2023 14:48:15,0.03762049,-0.2356696,0.007435089,0.9710764,-4.39139,122.2899,5.189178,-0.04746034,-0.2429186,-0.03793029,0.9681423,11.33405,123.01,7.905884
06.12.2023 14:48:15,0.03757314,-0.2357112,0.007481735,0.9710677,-4.387367,122.2945,5.182861,-0.04749741,-0.2425641,-0.03799058,0.968227,11.33878,122.9676,7.91391
06.12.2023 14:48:15,0.03761396,-0.2357711,0.007523921,0.9710513,-4.393046,122.3015,5.179535,-0.04781961,-0.2417512,-0.03892901,0.9683771,11.39816,122.8657,8.015289
06.12.2023 14:48:15,0.03757104,-0.2357998,0.007578152,0.9710456,-4.389726,122.3046,5.172455,-0.04855551,-0.2414293,-0.03868086,0.9684307,11.47229,122.829,7.969482
06.12.2023 14:48:15,0.03754277,-0.2359463,0.007623459,0.9710107,-4.387776,122.3217,5.167297,-0.04965374,-0.2411851,-0.03732099,0.9684892,11.55637,122.8083,7.78891
06.12.2023 14:48:15,0.0374613,-0.2359999,0.007672446,0.9710004,-4.380017,122.3276,5.159851,-0.05051771,-0.2409584,-0.03639283,0.9685363,11.6264,122.7874,7.662964
06.12.2023 14:48:15,0.0374325,-0.2359833,0.007760439,0.9710049,-4.379193,122.3253,5.14917,-0.05089475,-0.2408392,-0.03623666,0.9685521,11.66379,122.7743,7.635956
06.12.2023 14:48:15,0.03756964,-0.2359954,0.007823822,0.9709961,-4.39619,122.3267,5.145874,-0.05082444,-0.2408554,-0.03668386,0.9685349,11.6683,122.7735,7.687805
06.12.2023 14:48:15,0.03758075,-0.2359181,0.007886003,0.971014,-4.399124,122.3174,5.138885,-0.05085086,-0.2407499,-0.0369097,0.9685512,11.67719,122.7596,7.713074
06.12.2023 14:48:15,0.03750668,-0.2358769,0.007896794,0.9710268,-4.391168,122.3123,5.135498,-0.05066714,-0.2406113,-0.03768253,0.9685655,11.67761,122.7383,7.805511
06.12.2023 14:48:15,0.03762873,-0.2358194,0.007858428,0.9710364,-4.403737,122.3059,5.142822,-0.05058153,-0.2404975,-0.03838558,0.9685706,11.68707,122.7205,7.887299
06.12.2023 14:48:15,0.037611,-0.2357321,0.007850039,0.9710583,-4.401547,122.2956,5.142883,-0.05041668,-0.2404655,-0.03920255,0.9685544,11.6911,122.7117,7.983429
06.12.2023 14:48:15,0.03767441,-0.2356468,0.007939542,0.9710758,-4.411047,122.2853,5.134247,-0.05049405,-0.2404434,-0.03964315,0.968538,11.71176,122.7063,8.030762
06.12.2023 14:48:15,0.03767245,-0.2355347,0.007952054,0.971103,-4.411182,122.272,5.132263,-0.05080818,-0.2404025,-0.03943021,0.9685404,11.74078,122.7028,7.998657
06.12.2023 14:48:15,0.03764144,-0.2355171,0.007881754,0.971109,-4.405829,122.2701,5.139191,-0.05103242,-0.2402532,-0.03904738,0.9685811,11.75479,122.6875,7.950714
06.12.2023 14:48:15,0.03764801,-0.2353645,0.007897634,0.9711456,-4.407012,122.252,5.136902,-0.05129134,-0.2398172,-0.0380828,0.9687139,11.75586,122.6418,7.838776
06.12.2023 14:48:15,0.03761512,-0.2352477,0.007868671,0.9711755,-4.402581,122.2383,5.138733,-0.05137304,-0.2395597,-0.03763716,0.9687907,11.75201,122.6141,7.788452
06.12.2023 14:48:15,0.03761806,-0.235271,0.007867406,0.9711697,-4.402871,122.2411,5.139038,-0.05115706,-0.239526,-0.0384317,0.9687793,11.7496,122.6051,7.883514
06.12.2023 14:48:15,0.03764053,-0.2352448,0.007776089,0.9711759,-4.402914,122.2384,5.149719,-0.05109711,-0.2394002,-0.03889114,0.9687952,11.75513,122.5873,7.937439
06.12.2023 14:48:15,0.03766466,-0.2353732,0.007744033,0.9711441,-4.404716,122.2537,5.154541,-0.0507188,-0.2394744,-0.0404092,0.9687346,11.75476,122.5867,8.117126
06.12.2023 14:48:15,0.03775551,-0.2354033,0.00770124,0.9711336,-4.413681,122.2577,5.161926,-0.04940051,-0.2394045,-0.04283168,0.9687159,11.67389,122.5637,8.424591
06.12.2023 14:48:15,0.03779647,-0.2354898,0.007782876,0.9711105,-4.420437,122.2676,5.154327,-0.0484,-0.2391359,-0.0432536,0.968814,11.57294,122.5297,8.500793
06.12.2023 14:48:15,0.0378009,-0.2355416,0.007709027,0.9710982,-4.418925,122.2741,5.162903,-0.0477774,-0.2389917,-0.04271274,0.9689045,11.48825,122.5161,8.458099
06.12.2023 14:48:15,0.03785514,-0.2356078,0.007473402,0.9710819,-4.418587,122.283,5.190979,-0.04729944,-0.2388091,-0.04145601,0.9690276,11.39999,122.5021,8.331635
06.12.2023 14:48:15,0.03802559,-0.2355825,0.007208192,0.9710835,-4.430415,122.2815,5.225098,-0.04683046,-0.2391723,-0.04192475,0.9689406,11.36179,122.5426,8.394379
06.12.2023 14:48:15,0.03816521,-0.2355206,0.007052107,0.9710941,-4.441768,122.2751,5.246002,-0.04697979,-0.2398486,-0.04317672,0.9687112,11.41513,122.6154,8.52594
06.12.2023 14:48:15,0.03834784,-0.2355862,0.006908354,0.971072,-4.458217,122.2839,5.267303,-0.04732322,-0.2405074,-0.04409296,0.9684898,11.48099,122.6878,8.614716
06.12.2023 14:48:15,0.03848936,-0.2356156,0.007129875,0.9710577,-4.479971,122.2868,5.246582,-0.04726035,-0.2410053,-0.04447655,0.9683516,11.48639,122.7446,8.656006
06.12.2023 14:48:15,0.03834461,-0.2356738,0.007363821,0.9710476,-4.470155,122.2924,5.216797,-0.04726623,-0.2413549,-0.04382391,0.968294,11.47037,122.79,8.580505
06.12.2023 14:48:15,0.0382394,-0.2355892,0.007680689,0.9710698,-4.467019,122.2808,5.178192,-0.04692639,-0.2413754,-0.04330843,0.9683286,11.41837,122.7957,8.532013
06.12.2023 14:48:15,0.03805878,-0.235659,0.007870831,0.9710584,-4.452022,122.2879,5.152405,-0.04634021,-0.2411545,-0.04411172,0.9683756,11.37439,122.7651,8.639313
06.12.2023 14:48:15,0.0379054,-0.2356027,0.007896511,0.9710779,-4.435631,122.2808,5.145111,-0.04576847,-0.2410821,-0.04569792,0.9683473,11.35413,122.7477,8.832825
06.12.2023 14:48:15,0.0378528,-0.2357704,0.007887692,0.9710393,-4.429506,122.3005,5.145416,-0.0450636,-0.2413381,-0.04761684,0.9682241,11.32956,122.7676,9.065033
06.12.2023 14:48:15,0.03773975,-0.2357621,0.007726244,0.971047,-4.41254,122.2999,5.160339,-0.04434413,-0.2420488,-0.04930521,0.9679953,11.29907,122.843,9.26886
06.12.2023 14:48:15,0.03765497,-0.2359041,0.007640149,0.9710165,-4.400738,122.3169,5.168274,-0.04422871,-0.2427625,-0.04908225,0.9678332,11.2832,122.9291,9.242462
06.12.2023 14:48:15,0.03761619,-0.2359733,0.0076064,0.9710014,-4.395492,122.3251,5.171326,-0.0436522,-0.2433534,-0.04929061,0.9677004,11.22739,122.9988,9.27774
06.12.2023 14:48:15,0.03767967,-0.2361261,0.007544598,0.9709623,-4.400862,122.3435,5.180634,-0.04292001,-0.2438229,-0.04963668,0.9675973,11.15759,123.0536,9.333557
06.12.2023 14:48:15,0.03780091,-0.2363161,0.007571186,0.9709112,-4.415057,122.3662,5.181824,-0.04258477,-0.244149,-0.04941954,0.967541,11.11569,123.094,9.316467
06.12.2023 14:48:15,0.03797837,-0.23642,0.007554446,0.9708791,-4.434356,122.3789,5.188995,-0.04241955,-0.244305,-0.04907931,0.9675262,11.0885,123.1146,9.282013
06.12.2023 14:48:15,0.03796364,-0.2366313,0.007527224,0.9708284,-4.431933,122.404,5.192596,-0.04230682,-0.2445987,-0.04898753,0.9674616,11.07471,123.1501,9.27301
06.12.2023 14:48:15,0.03803715,-0.2367442,0.007656109,0.970797,-4.443604,122.417,5.180756,-0.04179477,-0.2448359,-0.04969456,0.9673877,11.03854,123.1751,9.364685
06.12.2023 14:48:15,0.03799395,-0.2368617,0.007652245,0.9707701,-4.438663,122.4308,5.180542,-0.04114334,-0.2450034,-0.05083719,0.9673139,10.99881,123.1898,9.509308
06.12.2023 14:48:15,0.03789635,-0.2369083,0.007620999,0.9707627,-4.426932,122.4362,5.18158,-0.04057191,-0.2449992,-0.05128152,0.9673156,10.94763,123.1879,9.574768
06.12.2023 14:48:15,0.03789904,-0.2368912,0.007516714,0.9707676,-4.424399,122.4346,5.193207,-0.04047718,-0.2452908,-0.05035519,0.9672944,10.91254,123.2277,9.472107
06.12.2023 14:48:15,0.03792123,-0.236971,0.007411216,0.9707481,-4.423985,122.4445,5.205933,-0.04085135,-0.2457008,-0.04929888,0.967229,10.92639,123.2814,9.341248
06.12.2023 14:48:15,0.03802432,-0.2369776,0.007260958,0.9707436,-4.431381,122.4461,5.225555,-0.04133838,-0.2463812,-0.04933949,0.9670331,10.98474,123.3611,9.328064
06.12.2023 14:48:15,0.03817887,-0.2368592,0.007250995,0.9707665,-4.448355,122.4326,5.230347,-0.04135437,-0.2468955,-0.0503404,0.9668497,11.01706,123.4167,9.436188
06.12.2023 14:48:15,0.03829412,-0.2368784,0.007333904,0.9707566,-4.463445,122.4348,5.224304,-0.04122733,-0.2472432,-0.05094752,0.9667345,11.02167,123.4548,9.505371
06.12.2023 14:48:15,0.03837844,-0.2368302,0.007432655,0.9707643,-4.475533,122.4288,5.215393,-0.04116351,-0.2474452,-0.04919686,0.9667762,10.96603,123.4884,9.310425
06.12.2023 14:48:15,0.03839079,-0.2368246,0.007578314,0.9707641,-4.480872,122.4276,5.199432,-0.0408478,-0.2474643,-0.04783123,0.9668532,10.8924,123.4986,9.166718
06.12.2023 14:48:15,0.03847629,-0.2367248,0.007665982,0.9707844,-4.492799,122.4156,5.191528,-0.04078132,-0.2476107,-0.04828348,0.966796,10.89844,123.5136,9.21814
06.12.2023 14:48:15,0.0384781,-0.2367312,0.007806444,0.9707816,-4.496817,122.4158,5.175934,-0.04065091,-0.2480748,-0.0504351,0.9665726,10.94693,123.5573,9.459137
06.12.2023 14:48:15,0.03842144,-0.2365991,0.007683689,0.970817,-4.487195,122.4006,5.187469,-0.04085219,-0.2485014,-0.05107046,0.9664212,10.98932,123.6041,9.521759
06.12.2023 14:48:15,0.03850287,-0.2365175,0.007667001,0.9708338,-4.49583,122.3912,5.191193,-0.04128301,-0.2486605,-0.05033282,0.9664007,11.017,123.6263,9.426361
06.12.2023 14:48:15,0.03854433,-0.236422,0.007522621,0.9708565,-4.49655,122.3806,5.207977,-0.04177577,-0.2483396,-0.04916885,0.9665219,11.03729,123.5938,9.284607
06.12.2023 14:48:15,0.03858309,-0.2364781,0.007486068,0.9708416,-4.499864,122.3875,5.213379,-0.04179652,-0.2479679,-0.04918641,0.9666156,11.03845,123.5496,9.2883
06.12.2023 14:48:15,0.03849141,-0.2363586,0.00741998,0.9708748,-4.487881,122.3734,5.217682,-0.04152581,-0.2473719,-0.04995397,0.9667406,11.02737,123.475,9.385284
06.12.2023 14:48:15,0.03841683,-0.2364035,0.007339325,0.9708675,-4.477373,122.3789,5.224884,-0.04136103,-0.2470808,-0.05057378,0.9667899,11.02524,123.4373,9.460907
06.12.2023 14:48:15,0.03838718,-0.23641,0.007331577,0.9708672,-4.473857,122.3796,5.224945,-0.04124601,-0.2470778,-0.05067933,0.96679,11.01541,123.4366,9.475922
06.12.2023 14:48:15,0.03835319,-0.2362399,0.007287476,0.9709103,-4.468913,122.3596,5.22818,-0.04115917,-0.2470421,-0.05068954,0.9668023,11.00589,123.4325,9.479706
06.12.2023 14:48:15,0.03835918,-0.2363206,0.007230873,0.9708908,-4.468026,122.3694,5.235016,-0.04068553,-0.2471189,-0.05100745,0.966786,10.96252,123.4406,9.527954
06.12.2023 14:48:15,0.03823875,-0.2362345,0.007157414,0.970917,-4.452636,122.3592,5.239532,-0.04016011,-0.2470045,-0.05147199,0.9668126,10.91669,123.4255,9.595154
06.12.2023 14:48:15,0.03826466,-0.2361344,0.007080792,0.9709409,-4.453471,122.3478,5.248322,-0.04000204,-0.2469607,-0.05192877,0.9668059,10.91177,123.4181,9.650848
06.12.2023 14:48:15,0.03819191,-0.2361343,0.007035132,0.9709442,-4.444127,122.3478,5.251434,-0.04036064,-0.2470199,-0.05185869,0.9667796,10.94995,123.4249,9.63266
06.12.2023 14:48:15,0.03816378,-0.2360874,0.007031332,0.9709567,-4.440902,122.3422,5.250885,-0.04057799,-0.2469828,-0.05182066,0.9667821,10.97287,123.4203,9.622589
06.12.2023 14:48:15,0.03813433,-0.2360804,0.00704559,0.9709594,-4.438009,122.3412,5.248474,-0.04112046,-0.2467948,-0.05136029,0.9668317,11.01935,123.3995,9.557251
06.12.2023 14:48:15,0.03807456,-0.2360393,0.007043208,0.9709718,-4.431294,122.3362,5.246918,-0.04133352,-0.2467522,-0.05075973,0.9668652,11.02591,123.3974,9.484497
06.12.2023 14:48:15,0.03804159,-0.2361801,0.007062014,0.9709387,-4.428095,122.3527,5.244568,-0.04157709,-0.246876,-0.05064534,0.9668292,11.05032,123.4123,9.464172
06.12.2023 14:48:15,0.03798921,-0.2362337,0.007106025,0.9709274,-4.423439,122.3588,5.238464,-0.04139972,-0.2467707,-0.05149544,0.9668187,11.05408,123.3954,9.564697
06.12.2023 14:48:15,0.03801715,-0.2362994,0.007228557,0.9709094,-4.42986,122.3661,5.225861,-0.04118965,-0.246763,-0.0522753,0.9667879,11.05267,123.3906,9.657715
06.12.2023 14:48:15,0.03811416,-0.2364104,0.007239942,0.9708785,-4.440951,122.3794,5.227753,-0.0407847,-0.2466859,-0.05247974,0.9668136,11.01303,123.381,9.692291
06.12.2023 14:48:15,0.03797394,-0.2364898,0.007362461,0.9708637,-4.428636,122.3879,5.210632,-0.04065369,-0.2466567,-0.05206154,0.9668492,10.98654,123.3801,9.649414
06.12.2023 14:48:15,0.03800538,-0.2366001,0.007520867,0.9708344,-4.436417,122.4004,5.194305,-0.04095731,-0.2468722,-0.05054414,0.9668619,10.97855,123.4134,9.470154
06.12.2023 14:48:15,0.03793233,-0.2366991,0.007612718,0.9708124,-4.430755,122.4116,5.182526,-0.04122479,-0.2471478,-0.05026446,0.9667947,11.00165,123.4472,9.429749
06.12.2023 14:48:15,0.03799396,-0.2367357,0.007608218,0.9708011,-4.437491,122.4161,5.184875,-0.04152273,-0.2474585,-0.0506263,0.9666836,11.04645,123.4816,9.4599
06.12.2023 14:48:15,0.03800449,-0.2368976,0.007803872,0.9707596,-4.443954,122.4344,5.164063,-0.0416126,-0.2477479,-0.05093959,0.9665892,11.06662,123.5141,9.49057
06.12.2023 14:48:15,0.03795399,-0.2369963,0.007932093,0.9707365,-4.441799,122.4455,5.148834,-0.04156063,-0.2479773,-0.05083617,0.966538,11.05899,123.542,9.479034
06.12.2023 14:48:15,0.03810903,-0.237086,0.008026876,0.9707078,-4.461637,122.456,5.142914,-0.04125351,-0.2479139,-0.05038315,0.9665911,11.01172,123.5374,9.437439
06.12.2023 14:48:15,0.0381307,-0.237153,0.008071903,0.9706901,-4.465267,122.4638,5.138794,-0.04124035,-0.2480644,-0.05026339,0.9665593,11.00757,123.556,9.423523
06.12.2023 14:48:15,0.03798509,-0.2372401,0.008104595,0.9706743,-4.449924,122.4737,5.131561,-0.04115051,-0.2481226,-0.050475,0.9665372,11.00385,123.5619,9.44928
06.12.2023 14:48:15,0.03798764,-0.237219,0.007962105,0.9706805,-4.446331,122.4717,5.14743,-0.04115012,-0.248255,-0.0508624,0.9664829,11.01538,123.5755,9.49173
06.12.2023 14:48:15,0.03808007,-0.2372864,0.007849406,0.9706613,-4.453548,122.4804,5.162842,-0.04110639,-0.2484108,-0.05115351,0.9664294,11.0195,123.5925,9.524475
06.12.2023 14:48:15,0.03825697,-0.2372659,0.007716089,0.9706605,-4.469625,122.4789,5.182465,-0.04098041,-0.2485063,-0.0511158,0.9664122,11.00488,123.6042,9.523193
06.12.2023 14:48:15,0.03826274,-0.2372939,0.007696006,0.9706536,-4.469717,122.4823,5.184967,-0.04101333,-0.2483929,-0.05069483,0.9664621,10.99606,123.593,9.475983
06.12.2023 14:48:15,0.03831611,-0.2372187,0.007742108,0.9706695,-4.476931,122.4734,5.180939,-0.04089828,-0.2483071,-0.05030837,0.9665092,10.97192,123.5851,9.436615
06.12.2023 14:48:15,0.03821725,-0.2371402,0.007983762,0.9706906,-4.472511,122.4629,5.15094,-0.04081232,-0.2483082,-0.05006882,0.966525,10.95557,123.5867,9.412292
06.12.2023 14:48:15,0.03808577,-0.2370608,0.008202116,0.9707133,-4.463818,122.4523,5.12262,-0.04079871,-0.2482702,-0.04999585,0.9665391,10.95181,123.5826,9.404755
06.12.2023 14:48:15,0.03786758,-0.2370721,0.008250548,0.9707187,-4.440827,122.4529,5.111298,-0.04096739,-0.2485043,-0.05008143,0.9664674,10.97406,123.6096,9.408112
06.12.2023 14:48:15,0.0377471,-0.2370784,0.008268701,0.9707217,-4.4279,122.4533,5.106018,-0.04092787,-0.2487904,-0.04989909,0.9664049,10.96579,123.6447,9.387115
06.12.2023 14:48:16,0.03758164,-0.2370679,0.008238906,0.970731,-4.408658,122.4518,5.104767,-0.04083419,-0.248948,-0.04986141,0.9663702,10.95502,123.6637,9.384583
06.12.2023 14:48:16,0.03755276,-0.2371866,0.00820909,0.9707034,-4.404616,122.4659,5.107849,-0.04073079,-0.2490494,-0.05016235,0.9663329,10.95255,123.6743,9.420441
06.12.2023 14:48:16,0.03752134,-0.2371973,0.008163732,0.9707023,-4.39988,122.4673,5.112091,-0.04064088,-0.2490717,-0.0505221,0.9663122,10.95288,123.6751,9.462982
06.12.2023 14:48:16,0.03745724,-0.2372693,0.008123961,0.9706876,-4.391647,122.4759,5.115112,-0.0405403,-0.2490112,-0.05064109,0.9663257,10.94482,123.6675,9.479462
06.12.2023 14:48:16,0.03753411,-0.237292,0.008098705,0.9706792,-4.399521,122.4788,5.120148,-0.04093518,-0.2488194,-0.05025683,0.9663786,10.9769,123.6461,9.426666
06.12.2023 14:48:16,0.03767312,-0.2374474,0.008055476,0.9706362,-4.413807,122.4977,5.129456,-0.04110332,-0.2487196,-0.05027612,0.9663961,10.99567,123.6339,9.424713
06.12.2023 14:48:16,0.03774811,-0.2376418,0.008082757,0.9705855,-4.422877,122.5207,5.129364,-0.04125108,-0.2487359,-0.05039094,0.9663796,11.01544,123.635,9.433258
06.12.2023 14:48:16,0.03786818,-0.2377242,0.008117866,0.9705603,-4.437198,122.5306,5.12912,-0.0412565,-0.2489127,-0.05044777,0.9663309,11.01846,123.6557,9.438354
06.12.2023 14:48:16,0.03783434,-0.2377417,0.008177341,0.9705569,-4.43505,122.5323,5.121613,-0.04114742,-0.2490151,-0.05018632,0.9663228,10.99939,123.6694,9.411621
06.12.2023 14:48:16,0.03775112,-0.2378286,0.008178023,0.9705388,-4.425788,122.5424,5.119659,-0.0410784,-0.2489916,-0.05027924,0.966327,10.99423,123.6663,9.424072
06.12.2023 14:48:16,0.03771508,-0.2377946,0.00812483,0.970549,-4.420327,122.5385,5.124451,-0.04102975,-0.2489449,-0.05034831,0.9663375,10.9906,123.6604,9.433441
06.12.2023 14:48:16,0.03750655,-0.2378647,0.007932853,0.9705415,-4.39185,122.5471,5.140472,-0.04101523,-0.248769,-0.05023854,0.9663891,10.98505,123.6401,9.422668
06.12.2023 14:48:16,0.03742347,-0.2377977,0.007710883,0.9705629,-4.376548,122.5399,5.162659,-0.04122744,-0.2487484,-0.05018101,0.9663883,11.0069,123.6377,9.410431
06.12.2023 14:48:16,0.03735668,-0.2376223,0.007588339,0.9706094,-4.365797,122.5195,5.173706,-0.04119768,-0.2485478,-0.05031167,0.9664344,11.00641,123.6132,9.427094
06.12.2023 14:48:16,0.03726592,-0.2375607,0.007548928,0.9706283,-4.354624,122.5122,5.175354,-0.04121664,-0.2484084,-0.05082515,0.9664426,11.02243,123.5938,9.484741
06.12.2023 14:48:16,0.03721421,-0.2374819,0.007474598,0.9706501,-4.346852,122.5031,5.181854,-0.04163446,-0.2486416,-0.0509396,0.9663587,11.07321,123.6201,9.484344
06.12.2023 14:48:16,0.03715073,-0.2374086,0.00751887,0.9706702,-4.341001,122.494,5.174866,-0.04198011,-0.2489593,-0.0511193,0.9662524,11.11819,123.6563,9.492676
06.12.2023 14:48:16,0.03703567,-0.2372403,0.007576972,0.9707152,-4.329797,122.4737,5.16449,-0.04228146,-0.2490146,-0.05108422,0.9662269,11.15097,123.6626,9.47995
06.12.2023 14:48:16,0.03698643,-0.2371319,0.00757021,0.9707437,-4.324145,122.4608,5.163391,-0.04269316,-0.2491583,-0.05040459,0.9662074,11.17804,123.6829,9.391571
06.12.2023 14:48:16,0.03691733,-0.2370707,0.007469518,0.970762,-4.313719,122.4538,5.172485,-0.04298128,-0.2492116,-0.05017849,0.9661927,11.20386,123.69,9.35791
06.12.2023 14:48:16,0.03687289,-0.2369488,0.00737739,0.9707941,-4.306284,122.4396,5.181,-0.04316684,-0.249247,-0.05036672,0.9661655,11.23001,123.6929,9.373444
06.12.2023 14:48:16,0.03692521,-0.2368854,0.007309568,0.9708081,-4.31028,122.4325,5.189697,-0.04307525,-0.2490124,-0.0506427,0.9662157,11.22662,123.6636,9.408356
06.12.2023 14:48:16,0.03702425,-0.2368883,0.00727164,0.9708039,-4.320281,122.4333,5.196655,-0.04305155,-0.2489061,-0.05061134,0.9662458,11.22263,123.6512,9.406219
06.12.2023 14:48:16,0.03706969,-0.2368034,0.007173744,0.9708236,-4.322701,122.4237,5.208435,-0.04303662,-0.2487455,-0.05030019,0.966304,11.21136,123.6339,9.372925
06.12.2023 14:48:16,0.03704415,-0.236748,0.00718473,0.9708381,-4.320166,122.4171,5.206268,-0.04308298,-0.2487466,-0.04999113,0.9663177,11.20776,123.6357,9.337097
06.12.2023 14:48:16,0.03717161,-0.2368703,0.007161354,0.9708036,-4.333703,122.4319,5.212891,-0.04301796,-0.2487448,-0.04997357,0.966322,11.20001,123.6357,9.336975
06.12.2023 14:48:16,0.03725982,-0.2368834,0.00704439,0.9707978,-4.340347,122.4341,5.228424,-0.042836,-0.2488133,-0.05065489,0.9662769,11.19946,123.6402,9.417725
06.12.2023 14:48:16,0.03728809,-0.2369059,0.007052964,0.9707912,-4.343723,122.4368,5.228333,-0.0424986,-0.2491087,-0.05066981,0.966215,11.16373,123.6758,9.426971
06.12.2023 14:48:16,0.03719598,-0.2368636,0.006993604,0.9708054,-4.331859,122.4318,5.232239,-0.04229874,-0.2492333,-0.05040184,0.9662056,11.13446,123.6924,9.401886
06.12.2023 14:48:16,0.03720071,-0.2369478,0.007006557,0.9707846,-4.332716,122.4417,5.231323,-0.04222446,-0.2493092,-0.05032754,0.9661931,11.12445,123.7019,9.395203
06.12.2023 14:48:16,0.03721912,-0.2369593,0.006886978,0.970782,-4.331513,122.4436,5.245209,-0.04222729,-0.2493588,-0.05054411,0.9661689,11.13116,123.7066,9.419006
06.12.2023 14:48:16,0.03719538,-0.2369925,0.006929739,0.9707745,-4.330023,122.4473,5.239929,-0.04233802,-0.2493772,-0.05058993,0.9661569,11.14484,123.7083,9.420868
06.12.2023 14:48:16,0.03722422,-0.2370518,0.006904634,0.9707591,-4.332538,122.4545,5.243774,-0.04268117,-0.2493228,-0.0500944,0.9661817,11.16861,123.7041,9.356232
06.12.2023 14:48:16,0.03712526,-0.2369587,0.006861524,0.9707859,-4.320364,122.4434,5.245483,-0.04290922,-0.2493793,-0.04972177,0.9661763,11.18359,123.7126,9.307861
06.12.2023 14:48:16,0.0372372,-0.2370242,0.006912148,0.9707652,-4.334196,122.4512,5.243164,-0.04296311,-0.2493544,-0.04941432,0.9661961,11.18073,123.7113,9.272186
06.12.2023 14:48:16,0.03721477,-0.2369774,0.006873477,0.9707778,-4.330657,122.4458,5.246674,-0.04281854,-0.249422,-0.04952867,0.9661791,11.16821,123.7189,9.288605
06.12.2023 14:48:16,0.03724134,-0.2370041,0.006839721,0.9707705,-4.33269,122.4491,5.251282,-0.04265367,-0.2494347,-0.04986107,0.9661661,11.15942,123.7188,9.330261
06.12.2023 14:48:16,0.03711733,-0.2369458,0.006919933,0.9707889,-4.321074,122.4417,5.238678,-0.04234048,-0.2496342,-0.04995655,0.9661234,11.12823,123.7424,9.34848
06.12.2023 14:48:16,0.0370518,-0.2368826,0.006860616,0.9708073,-4.312176,122.4343,5.243225,-0.04211375,-0.2497169,-0.0500316,0.9661081,11.10556,123.7521,9.362732
06.12.2023 14:48:16,0.03686927,-0.2368555,0.00681296,0.9708212,-4.290553,122.4308,5.243439,-0.04189146,-0.2497102,-0.05042786,0.9660988,11.0921,123.7495,9.413269
06.12.2023 14:48:16,0.03675932,-0.2368466,0.006902068,0.9708269,-4.280729,122.4292,5.230469,-0.04200744,-0.2497797,-0.05044465,0.966075,11.1058,123.7574,9.411407
06.12.2023 14:48:16,0.03682329,-0.2368045,0.006927752,0.9708346,-4.288564,122.4243,5.229156,-0.0423349,-0.2498305,-0.04990657,0.9660755,11.12708,123.766,9.341797
06.12.2023 14:48:16,0.0367768,-0.2368466,0.006969166,0.9708257,-4.284501,122.429,5.22345,-0.04246648,-0.2498187,-0.04967201,0.9660848,11.13495,123.7657,9.311981
06.12.2023 14:48:16,0.03685157,-0.2367648,0.007107821,0.9708419,-4.296618,122.4189,5.209686,-0.04260514,-0.2498282,-0.04950194,0.966085,11.14554,123.7676,9.289032
06.12.2023 14:48:16,0.03683671,-0.2368213,0.007126394,0.9708285,-4.295455,122.4255,5.207458,-0.04263661,-0.2498078,-0.0495309,0.9660874,11.14978,123.765,9.291504
06.12.2023 14:48:16,0.03684818,-0.2367454,0.007152149,0.9708464,-4.297448,122.4164,5.204559,-0.04262478,-0.2497486,-0.04974485,0.9660923,11.1543,123.7568,9.316101
06.12.2023 14:48:16,0.03678394,-0.2367046,0.006993072,0.9708599,-4.285979,122.4121,5.220367,-0.04258895,-0.2496701,-0.05006453,0.9660976,11.15909,123.7457,9.353302
06.12.2023 14:48:16,0.03705192,-0.2366596,0.006869838,0.9708616,-4.312496,122.4079,5.241211,-0.04254436,-0.2495124,-0.05042784,0.9661214,11.16379,123.725,9.396118
06.12.2023 14:48:16,0.03725767,-0.2365928,0.006805314,0.9708704,-4.333682,122.4007,5.253723,-0.04252268,-0.249369,-0.05072077,0.9661441,11.16907,123.7063,9.430328
06.12.2023 14:48:16,0.03752548,-0.2366249,0.006777277,0.9708525,-4.362748,122.4052,5.264282,-0.04247754,-0.2491377,-0.0505785,0.9662132,11.15894,123.6797,9.417206
06.12.2023 14:48:16,0.03780704,-0.2366181,0.006924581,0.9708422,-4.39812,122.4045,5.255493,-0.04240683,-0.248988,-0.05013086,0.9662782,11.13766,123.6646,9.370178
06.12.2023 14:48:16,0.03790015,-0.2366645,0.00710098,0.970826,-4.413273,122.4095,5.238586,-0.04236725,-0.2487118,-0.04962111,0.9663774,11.11752,123.6347,9.316132
06.12.2023 14:48:16,0.03801756,-0.2366966,0.00730543,0.970812,-4.431901,122.4127,5.219116,-0.04237457,-0.2486316,-0.04922966,0.9664177,11.10687,123.6273,9.272736
06.12.2023 14:48:16,0.03803521,-0.236654,0.007510493,0.9708202,-4.439448,122.4069,5.196533,-0.04241521,-0.2485036,-0.04934302,0.9664431,11.11404,123.6115,9.285065
06.12.2023 14:48:16,0.03802077,-0.2367647,0.007584895,0.9707932,-4.439839,122.4196,5.188324,-0.04240778,-0.2484975,-0.04960235,0.9664317,11.12054,123.6093,9.31427
06.12.2023 14:48:16,0.03804354,-0.2367556,0.007593012,0.9707944,-4.442598,122.4186,5.188019,-0.04241072,-0.248462,-0.04974991,0.966433,11.12491,123.6042,9.330872
06.12.2023 14:48:16,0.0381172,-0.2369218,0.007573768,0.9707512,-4.450249,122.4385,5.192932,-0.04241897,-0.2485741,-0.04967026,0.966408,11.12405,123.618,9.321045
06.12.2023 14:48:16,0.03829119,-0.2369474,0.007520997,0.9707385,-4.468191,122.4421,5.203674,-0.04227085,-0.2486102,-0.04966999,0.9664052,11.10776,123.6225,9.324951
06.12.2023 14:48:16,0.03833384,-0.23703,0.00743555,0.9707173,-4.4706,122.4523,5.214752,-0.04227711,-0.2487253,-0.04980254,0.9663686,11.11273,123.6354,9.338837
06.12.2023 14:48:16,0.03845204,-0.2371514,0.007507837,0.9706824,-4.485709,122.4667,5.21048,-0.04225061,-0.2488396,-0.05000803,0.9663296,11.11612,123.6479,9.361786
06.12.2023 14:48:16,0.03862935,-0.2371922,0.007556522,0.970665,-4.506777,122.4717,5.210083,-0.04230134,-0.2488129,-0.05002464,0.9663334,11.12213,123.6445,9.362396
06.12.2023 14:48:16,0.03880611,-0.2373742,0.007477074,0.9706141,-4.524262,122.494,5.22464,-0.04234407,-0.2489212,-0.0497719,0.9663167,11.12018,123.6588,9.332306
06.12.2023 14:48:16,0.03881115,-0.2374544,0.007538016,0.9705938,-4.526466,122.5032,5.218353,-0.04238794,-0.2490309,-0.04958844,0.966296,11.12033,123.6727,9.309875
06.12.2023 14:48:16,0.03887215,-0.2374803,0.007611724,0.9705845,-4.535265,122.5061,5.211914,-0.04223848,-0.2491907,-0.04965872,0.9662577,11.10641,123.6915,9.320923
06.12.2023 14:48:16,0.03876527,-0.2374729,0.007664062,0.9705901,-4.524788,122.5048,5.203125,-0.04201404,-0.2493359,-0.04999976,0.9662125,11.09183,123.7072,9.36438
06.12.2023 14:48:16,0.03861089,-0.2374235,0.007616158,0.9706087,-4.506297,122.4988,5.20401,-0.04176296,-0.2495497,-0.05052524,0.9661408,11.0799,123.7301,9.428772
06.12.2023 14:48:16,0.03850123,-0.237314,0.007532837,0.9706405,-4.491833,122.4859,5.209808,-0.04178841,-0.2498284,-0.05041466,0.9660735,11.08084,123.7637,9.41394
06.12.2023 14:48:16,0.03829462,-0.2372975,0.007382957,0.9706539,-4.46474,122.4841,5.220795,-0.04209153,-0.250078,-0.05005851,0.9660142,11.10547,123.7949,9.364075
06.12.2023 14:48:16,0.0382062,-0.2372119,0.007212711,0.9706796,-4.450273,122.4745,5.236969,-0.04216836,-0.2501002,-0.05016386,0.9659997,11.11713,123.7968,9.373505
06.12.2023 14:48:16,0.03819973,-0.2370758,0.007131768,0.9707137,-4.447382,122.4587,5.245209,-0.04231929,-0.2499619,-0.05021499,0.9660262,11.13474,123.7799,9.375824
06.12.2023 14:48:16,0.03809446,-0.236974,0.007175673,0.9707423,-4.436875,122.4462,5.236969,-0.04225723,-0.2498419,-0.0501218,0.9660648,11.12463,123.7663,9.36795
06.12.2023 14:48:16,0.03808404,-0.2368949,0.007268167,0.9707614,-4.438249,122.4365,5.225983,-0.04218705,-0.2498417,-0.05025342,0.9660611,11.12057,123.7656,9.384613
06.12.2023 14:48:16,0.03799045,-0.2368381,0.007492148,0.9707772,-4.433925,122.4286,5.198181,-0.04204487,-0.2498163,-0.05055759,0.966058,11.11334,123.7611,9.422729
06.12.2023 14:48:16,0.03793136,-0.236745,0.007510172,0.9708021,-4.42785,122.4174,5.194153,-0.04202945,-0.2498912,-0.05067508,0.9660331,11.11533,123.7694,9.435822
06.12.2023 14:48:16,0.03792324,-0.2367909,0.007463812,0.9707915,-4.425677,122.423,5.19931,-0.04218734,-0.249814,-0.05075372,0.966042,11.13477,123.7595,9.440613
06.12.2023 14:48:16,0.0378656,-0.2367998,0.007462303,0.9707916,-4.419213,122.424,5.197937,-0.04224921,-0.2499283,-0.05062472,0.9660165,11.13849,123.7737,9.423737
06.12.2023 14:48:16,0.03779802,-0.2368256,0.007385261,0.9707886,-4.409585,122.4272,5.204803,-0.04225262,-0.2498643,-0.05041972,0.9660437,11.13272,123.7673,9.401184
06.12.2023 14:48:16,0.03782439,-0.2368696,0.007385987,0.9707768,-4.412532,122.4324,5.205658,-0.04209706,-0.2497036,-0.05010626,0.9661083,11.10577,123.7502,9.371613
06.12.2023 14:48:16,0.03780613,-0.2369994,0.0073174,0.9707463,-4.408604,122.448,5.213379,-0.04186848,-0.2494847,-0.04990804,0.9661851,11.07373,123.7256,9.3573
06.12.2023 14:48:16,0.03778622,-0.2370111,0.007360451,0.970744,-4.407555,122.4492,5.208099,-0.04168156,-0.2492424,-0.04969633,0.9662666,11.04584,123.6983,9.340485
06.12.2023 14:48:16,0.03779761,-0.2370431,0.007297161,0.9707361,-4.407095,122.4532,5.215607,-0.0416335,-0.2491516,-0.04961707,0.9662962,11.03781,123.688,9.333557
06.12.2023 14:48:16,0.0377229,-0.2372054,0.007288623,0.9706995,-4.398504,122.4723,5.215271,-0.04182902,-0.2492394,-0.04977739,0.9662569,11.06451,123.6973,9.345398
06.12.2023 14:48:16,0.03771657,-0.2373022,0.007212425,0.9706767,-4.395702,122.484,5.22403,-0.04201599,-0.2494987,-0.049766,0.9661824,11.08612,123.7278,9.337219
06.12.2023 14:48:16,0.03759474,-0.2372741,0.007208646,0.9706883,-4.382035,122.4804,5.221008,-0.04237272,-0.2497133,-0.04960866,0.9661195,11.12225,123.7537,9.308228
06.12.2023 14:48:16,0.03752871,-0.2372375,0.007112349,0.9707005,-4.372065,122.4763,5.229767,-0.04245276,-0.2498459,-0.04958019,0.9660831,11.13092,123.7695,9.301971
06.12.2023 14:48:16,0.03748384,-0.2372242,0.007062624,0.9707059,-4.365716,122.4748,5.234039,-0.04252594,-0.2499378,-0.04969791,0.9660501,11.14282,123.7796,9.312439
06.12.2023 14:48:16,0.03742597,-0.2371021,0.007084413,0.9707378,-4.359892,122.4602,5.229462,-0.04261628,-0.2499836,-0.04961337,0.9660386,11.15063,123.7854,9.300171
06.12.2023 14:48:16,0.03734356,-0.2369643,0.007095717,0.9707745,-4.351052,122.4437,5.225342,-0.04275347,-0.2500449,-0.04966703,0.9660139,11.16769,123.7922,9.30188
06.12.2023 14:48:16,0.03728525,-0.2368593,0.007113697,0.9708022,-4.345069,122.431,5.221252,-0.04290036,-0.2501045,-0.04988444,0.9659808,11.19049,123.7979,9.321625
06.12.2023 14:48:16,0.03730259,-0.2367775,0.007128552,0.9708214,-4.347424,122.4214,5.219727,-0.04303588,-0.2502005,-0.05013776,0.9659368,11.21323,123.8076,9.345459
06.12.2023 14:48:17,0.03736652,-0.2365874,0.007164041,0.970865,-4.355553,122.3989,5.216644,-0.04319627,-0.2501891,-0.04982395,0.9659488,11.22205,123.8079,9.305969
06.12.2023 14:48:17,0.03751555,-0.2365276,0.007191388,0.9708737,-4.372912,122.3921,5.217377,-0.04311445,-0.2503977,-0.04947292,0.9659165,11.20383,123.8347,9.267761
06.12.2023 14:48:17,0.03761443,-0.2364973,0.007203623,0.9708771,-4.384267,122.3886,5.218567,-0.04307146,-0.2505957,-0.04953632,0.9658638,11.20175,123.858,9.27478
06.12.2023 14:48:17,0.03783669,-0.2365451,0.007388885,0.9708554,-4.41405,122.3941,5.204193,-0.0430538,-0.2508125,-0.04973762,0.9657979,11.20651,123.8826,9.296356
06.12.2023 14:48:17,0.0379884,-0.2366337,0.007497398,0.970827,-4.433881,122.4044,5.196625,-0.04294327,-0.2509705,-0.04955813,0.965771,11.18979,123.9026,9.278442
06.12.2023 14:48:17,0.03812208,-0.2368052,0.00769944,0.9707785,-4.454232,122.4242,5.178497,-0.04288064,-0.251097,-0.04920067,0.9657592,11.17313,123.9197,9.239532
06.12.2023 14:48:17,0.03827388,-0.2370378,0.007923533,0.9707139,-4.477197,122.4511,5.158722,-0.04297914,-0.2511414,-0.04869399,0.965769,11.16971,123.9277,9.179932
06.12.2023 14:48:17,0.03850398,-0.2374135,0.008127874,0.9706113,-4.508335,122.4952,5.143951,-0.04301267,-0.2512659,-0.04827446,0.9657562,11.16193,123.9448,9.131378
06.12.2023 14:48:17,0.03869054,-0.2378128,0.008482842,0.970503,-4.538746,122.5414,5.111328,-0.04279416,-0.2513697,-0.04817735,0.9657437,11.13531,123.9579,9.126099
06.12.2023 14:48:17,0.03879482,-0.2384516,0.008883065,0.9703386,-4.561239,122.6155,5.07254,-0.0428917,-0.2517623,-0.04766079,0.9656627,11.13297,124.0074,9.063202
06.12.2023 14:48:17,0.03887818,-0.2391496,0.009312228,0.9701594,-4.582249,122.6965,5.030273,-0.0428933,-0.2524275,-0.04777804,0.9654832,11.13931,124.0858,9.072021
06.12.2023 14:48:17,0.03887868,-0.2399167,0.009658619,0.9699666,-4.591817,122.7858,-0.004701347,-0.04226589,-0.252879,-0.04835036,0.9653642,11.0881,124.137,9.150879
06.12.2023 14:48:17,0.03878947,-0.240653,0.009871812,0.9697856,-4.587778,122.8719,-0.02744519,-0.04184409,-0.2537268,-0.04797836,0.9651787,11.03412,124.2404,9.11618
06.12.2023 14:48:17,0.03871989,-0.241411,0.009908397,0.9695996,-4.581068,122.9613,-0.02986318,-0.04121405,-0.2547675,-0.04720082,0.96497,10.94601,124.3691,9.041199
06.12.2023 14:48:17,0.03868541,-0.2422735,0.009864837,0.9693863,-4.576046,123.0635,-0.02188667,-0.04039513,-0.2554078,-0.04799467,0.9647962,10.88098,124.442,9.149353
06.12.2023 14:48:17,0.03870656,-0.2432306,0.009939645,0.9691449,-4.580506,123.1765,-0.0250999,-0.04026173,-0.2559016,-0.04863927,0.9646386,10.88718,124.4975,9.221985
06.12.2023 14:48:17,0.03877439,-0.2441002,0.01021171,0.9689208,-4.595693,123.2786,-0.04937539,-0.04065525,-0.2562217,-0.04859836,0.9645392,10.93103,124.5352,9.204071
06.12.2023 14:48:17,0.03862756,-0.2452923,0.01068593,0.9686204,-4.592775,123.4175,-0.1006552,-0.04134569,-0.2566971,-0.04800941,0.9644129,10.9924,124.5941,9.115509
06.12.2023 14:48:17,0.03848046,-0.246311,0.01114845,0.9683625,-4.589603,123.536,-0.15147,-0.04199356,-0.2571697,-0.04743535,0.9642875,11.04938,124.6527,9.029785
06.12.2023 14:48:17,0.03823742,-0.2474301,0.01161751,0.9680812,-4.576087,123.6662,-0.2052702,-0.04265927,-0.2577552,-0.04710924,0.9641179,11.11603,124.7235,8.970367
06.12.2023 14:48:17,0.0379204,-0.2486541,0.01199017,0.9677755,-4.551761,123.8091,-0.2499955,-0.04275355,-0.2585412,-0.04724962,0.9638963,11.13388,124.8163,8.978241
06.12.2023 14:48:17,0.03755691,-0.2499046,0.0121538,0.9674655,-4.51641,123.9561,-0.2727437,-0.04258167,-0.2594049,-0.04740877,0.9636641,11.12311,124.9184,8.995483
06.12.2023 14:48:17,0.03723329,-0.2513068,0.01224477,0.9671136,-4.483501,124.1214,-0.2856472,-0.04187895,-0.2604628,-0.0477896,0.9633906,11.06094,125.0431,9.051849
06.12.2023 14:48:17,0.03691269,-0.2528889,0.01232011,0.9667124,-4.450578,124.3083,-0.2959887,-0.04105257,-0.261783,-0.04828886,0.9630434,10.9899,125.1985,9.123535
06.12.2023 14:48:17,0.03656984,-0.2543318,0.01259211,0.9663433,-4.420927,124.4778,-0.3295655,-0.04061437,-0.2629735,-0.04879337,0.9627121,10.96164,125.3383,9.185272
06.12.2023 14:48:17,0.03621233,-0.2560675,0.01292775,0.9658939,-4.39174,124.682,-0.3693887,-0.04051452,-0.2642026,-0.04884972,0.9623769,10.95764,125.4846,9.18689
06.12.2023 14:48:17,0.03576997,-0.2577791,0.01324677,0.9654507,-4.352808,124.8833,-0.41009,-0.04064824,-0.2655309,-0.04850756,0.962023,10.9678,125.6447,9.136627
06.12.2023 14:48:17,0.03530058,-0.2598747,0.01348106,0.9649027,-4.308694,125.1307,-0.4406143,-0.04116806,-0.2668737,-0.04817383,0.961646,11.02087,125.8061,9.0755
06.12.2023 14:48:17,0.03491319,-0.2619661,0.01375597,0.9643472,-4.275027,125.3778,-0.4733782,-0.04188276,-0.2678798,-0.0480282,0.9613426,11.0997,125.9263,9.031342
06.12.2023 14:48:17,0.0344632,-0.2640744,0.01397716,0.9637851,-4.23298,125.6271,-0.5021557,-0.042556,-0.2690411,-0.04766544,0.9610068,11.16782,126.0664,8.963165
06.12.2023 14:48:17,0.03416235,-0.2663,0.01426779,0.963179,-4.209752,125.8905,-0.5337257,-0.0431602,-0.2705029,-0.04713217,0.9605957,11.22412,126.2435,8.876068
06.12.2023 14:48:17,0.03387858,-0.2685232,0.01451958,0.9625678,-4.187382,126.1541,-0.560586,-0.04337307,-0.2722198,-0.047171,0.960099,11.25574,126.4484,8.86264
06.12.2023 14:48:17,0.0336308,-0.2708132,0.01503299,0.9619268,-4.177296,126.4248,-0.6150513,-0.04331666,-0.2742809,-0.04776905,0.9594852,11.27655,126.6917,8.917206
06.12.2023 14:48:17,0.03316567,-0.2731559,0.01558077,0.9612716,-4.144632,126.7016,-0.6799412,-0.04346622,-0.2766342,-0.04872851,0.9587542,11.33301,126.9678,9.003357
06.12.2023 14:48:17,0.03275122,-0.2753794,0.01615467,0.9606418,-4.118627,126.9643,-0.7467771,-0.04347761,-0.2786888,-0.04963548,0.958112,11.37173,127.2088,9.089783
06.12.2023 14:48:17,0.03226669,-0.2776475,0.01661791,0.9599972,-4.081748,127.2329,-0.8035616,-0.04347865,-0.280478,-0.05047987,0.9575456,11.40656,127.4185,9.171265
06.12.2023 14:48:17,0.03158087,-0.2798251,0.01711562,0.9593788,-4.024026,127.4905,-0.8711572,-0.04384966,-0.2823521,-0.05045795,0.9569789,11.45483,127.6431,9.144409
06.12.2023 14:48:17,0.03069562,-0.2820089,0.01760787,0.958759,-3.944523,127.7488,-0.9448264,-0.04431078,-0.284271,-0.0503939,0.9563927,11.51181,127.8734,9.109497
06.12.2023 14:48:17,0.02982423,-0.2844245,0.01846435,0.9580565,-3.879023,128.034,-1.057544,-0.04531889,-0.2859223,-0.0500183,0.9558728,11.61752,128.0734,9.024017
06.12.2023 14:48:17,0.0287952,-0.2864864,0.01942899,0.9574544,-3.799917,128.2767,-1.189059,-0.04676756,-0.2872691,-0.04921824,0.9554406,11.7562,128.2395,8.879028
06.12.2023 14:48:17,0.02765354,-0.2888465,0.02063658,0.9567534,-3.717485,128.5546,-1.35016,-0.04775424,-0.2890031,-0.04902361,0.9548787,11.86526,128.4491,8.812866
06.12.2023 14:48:17,0.02622294,-0.2909798,0.02191542,0.9561186,-3.606191,128.8055,-1.529959,-0.04847047,-0.2908852,-0.04892994,0.9542758,11.94833,128.6762,8.765259
06.12.2023 14:48:17,0.02468776,-0.2933163,0.02324718,0.9554139,-3.4864,129.0811,-1.7188,-0.04917374,-0.2931981,-0.04890511,0.953533,12.03381,128.955,8.722168
06.12.2023 14:48:17,0.02302124,-0.295785,0.02476014,0.9546561,-3.359577,129.3729,-1.932042,-0.04927209,-0.2958249,-0.04968507,0.9526759,12.08127,129.2669,8.78537
06.12.2023 14:48:17,0.02114893,-0.2983707,0.02625787,0.9538544,-3.211113,129.6796,-2.150865,-0.04940354,-0.2984634,-0.05063635,0.9517956,12.13861,129.5795,8.865997
06.12.2023 14:48:17,0.01913751,-0.301282,0.02768194,0.9529411,-3.046934,130.0268,-2.366146,-0.04977948,-0.3011219,-0.05101765,0.9509179,12.2037,129.8983,8.875061
06.12.2023 14:48:17,0.01693979,-0.3045225,0.02891721,0.9519154,-2.858089,130.4154,-2.567257,-0.05067807,-0.3035842,-0.05059992,0.9501095,12.29755,130.1989,8.779388
06.12.2023 14:48:17,0.01514579,-0.3077492,0.02999656,0.950874,-2.709169,130.8034,-2.738467,-0.05090734,-0.3061976,-0.0513881,0.9492159,12.36063,130.5103,8.83786
06.12.2023 14:48:17,0.01337424,-0.3115661,0.03095688,0.949626,-2.561474,131.2639,-2.895325,-0.050991,-0.309008,-0.05245024,0.9482421,12.41867,130.8441,8.929657
06.12.2023 14:48:17,0.01204259,-0.3149959,0.0315341,0.9484926,-2.447895,131.6788,-2.99683,-0.05093215,-0.3112371,-0.05281351,0.9474957,12.43442,131.1121,8.954071
06.12.2023 14:48:17,0.01090372,-0.3183992,0.03196304,0.947355,-2.350554,132.0911,-3.076105,-0.0506677,-0.3129076,-0.05276546,0.9469622,12.4108,131.3149,8.945068
06.12.2023 14:48:17,0.009945853,-0.3216399,0.03239967,0.9462553,-2.273216,132.4841,-3.150679,-0.05037478,-0.3142805,-0.05235395,0.946546,12.36972,131.4841,8.899628
06.12.2023 14:48:17,0.00919059,-0.3249489,0.03287902,0.9451152,-2.220213,132.8855,-3.222764,-0.04985085,-0.3157337,-0.05272429,0.9460694,12.332,131.658,8.947662
06.12.2023 14:48:17,0.008577951,-0.3286249,0.03349592,0.9438274,-2.189656,133.3314,-3.303956,-0.04918507,-0.3171871,-0.05323468,0.9455894,12.28406,131.8311,9.016266
06.12.2023 14:48:17,0.00828353,-0.3317562,0.03416516,0.9427099,-2.194216,133.711,-3.380274,-0.04860664,-0.3184112,-0.05257139,0.945245,12.20206,131.9838,8.95517
06.12.2023 14:48:17,0.008327056,-0.334713,0.03480425,0.9416404,-2.234016,134.0692,-3.440814,-0.04807029,-0.3198334,-0.05149967,0.9448512,12.11038,132.163,8.846619
06.12.2023 14:48:17,0.008557017,-0.3373176,0.03553075,0.9406813,-2.296408,134.3843,-3.504242,-0.04652095,-0.3212239,-0.05019911,0.9445269,11.89966,132.3391,8.750702
06.12.2023 14:48:17,0.009072366,-0.3395973,0.0359518,0.9398398,-2.376819,134.66,-3.524127,-0.04498489,-0.322671,-0.05013973,0.9441112,11.73624,132.5149,8.790039
06.12.2023 14:48:17,0.009668198,-0.3415285,0.03594152,0.9391342,-2.447823,134.8942,-3.49489,-0.04260471,-0.3238539,-0.05078884,0.9437818,11.50647,132.6547,8.940155
06.12.2023 14:48:17,0.0104015,-0.3433094,0.03577717,0.9384831,-2.526906,135.1104,-3.443779,-0.04092355,-0.3248359,-0.05070157,0.9435233,11.32477,132.7748,8.985992
06.12.2023 14:48:17,0.0111252,-0.3445066,0.03542094,0.9380495,-2.595096,135.2559,-3.373699,-0.03972662,-0.3252427,-0.05073245,0.9434327,11.19769,132.8243,9.030914
06.12.2023 14:48:17,0.01179669,-0.345895,0.03534465,0.9375331,-2.669267,135.4245,-3.335113,-0.03910493,-0.3254116,-0.05123565,0.9433732,11.14969,132.8425,9.107635
06.12.2023 14:48:17,0.01265492,-0.3471971,0.03523096,0.9370447,-2.761616,135.5825,-3.285135,-0.03868614,-0.3255756,-0.05168168,0.9433095,11.12158,132.8603,9.170685
06.12.2023 14:48:17,0.01341438,-0.3483238,0.03539796,0.9366096,-2.853821,135.7187,-3.269569,-0.03946492,-0.3257429,-0.05137131,0.9432365,11.19525,132.8819,9.106934
06.12.2023 14:48:17,0.01391091,-0.3493719,0.03561908,0.9362035,-2.919653,135.8457,-3.270345,-0.04110486,-0.3263239,-0.05005958,0.9430361,11.32672,132.9593,8.899292
06.12.2023 14:48:17,0.01411704,-0.3502457,0.03593918,0.9358616,-2.957677,135.9516,-3.293792,-0.04238285,-0.3272862,-0.04946318,0.9426775,11.44699,133.0798,8.780243
06.12.2023 14:48:17,0.01423767,-0.3509102,0.03612278,0.9356039,-2.980343,136.0323,-3.306596,-0.04303656,-0.3282269,-0.04976253,0.942305,11.5329,133.1929,8.781952
06.12.2023 14:48:17,0.01430446,-0.3515262,0.03608604,0.9353729,-2.988206,136.1078,-3.298003,-0.04299647,-0.3291332,-0.0509819,0.9419254,11.57816,133.2967,8.909912
06.12.2023 14:48:17,0.01454335,-0.3519986,0.03575689,0.9352042,-3.002226,136.1661,-3.251524,-0.04217182,-0.329944,-0.05144172,0.941654,11.50952,133.3929,8.98526
06.12.2023 14:48:17,0.0147199,-0.3521514,0.03523386,0.9351638,-3.000597,136.1859,-3.187738,-0.04111554,-0.3301905,-0.05190315,0.941589,11.41354,133.4205,9.073456
06.12.2023 14:48:17,0.01489999,-0.3523086,0.03443933,0.9351313,-2.988381,136.2068,-3.094629,-0.04033359,-0.3303043,-0.052658,0.941541,11.35785,133.4305,9.184204
06.12.2023 14:48:17,0.01476027,-0.3522297,0.03363707,0.9351925,-2.940755,136.1992,-3.014318,-0.04030496,-0.3302537,-0.05322947,0.9415278,11.37613,133.4213,9.247803
06.12.2023 14:48:17,0.01429789,-0.3520696,0.03252312,0.9352993,-2.8457,136.1827,-2.913754,-0.04156576,-0.3308353,-0.0528961,0.9412876,11.50272,133.4938,9.160156
06.12.2023 14:48:17,0.01359962,-0.3518952,0.03139271,0.935414,-2.724664,136.1647,-2.820935,-0.04319937,-0.3316863,-0.05242602,0.9409408,11.66559,133.6002,9.041473
06.12.2023 14:48:17,0.01291924,-0.3516483,0.03050509,0.9355459,-2.615155,136.1371,-2.753652,-0.04436741,-0.3323063,-0.05217684,0.9406815,11.78528,133.6775,8.96579
06.12.2023 14:48:17,0.01244464,-0.3515056,0.03003524,0.9356211,-2.544886,136.1211,-2.722651,-0.04471767,-0.3326664,-0.05217931,0.9405375,11.8248,133.7216,8.950195
06.12.2023 14:48:17,0.01223369,-0.35134,0.02980656,0.9356934,-2.512563,136.1016,-2.707008,-0.04395507,-0.3322958,-0.0528812,0.9406652,11.76736,133.6721,9.058105
06.12.2023 14:48:17,0.01231907,-0.3512076,0.02969437,0.9357455,-2.516827,136.0855,-2.691884,-0.0426252,-0.3316116,-0.05399599,0.9409045,11.66269,133.5823,9.234497
06.12.2023 14:48:17,0.01242236,-0.3512873,0.02963179,0.9357163,-2.525622,136.0952,-2.680799,-0.04193588,-0.3311063,-0.05479297,0.9410673,11.61594,133.5164,9.350769
06.12.2023 14:48:17,0.01244535,-0.3512194,0.02953421,0.9357445,-2.523968,136.0871,-2.669576,-0.0423098,-0.3309676,-0.05502827,0.9410857,11.66473,133.498,9.363312
06.12.2023 14:48:17,0.01238673,-0.3512553,0.02957397,0.9357306,-2.51938,136.0915,-2.676105,-0.04315234,-0.3311918,-0.05513537,0.9409623,11.76114,133.5246,9.341644
06.12.2023 14:48:17,0.01213081,-0.3514137,0.02940265,0.9356799,-2.485474,136.1115,-2.667558,-0.0442541,-0.3320009,-0.0551599,0.9406245,11.88513,133.6232,9.296906
06.12.2023 14:48:17,0.01178392,-0.3516934,0.02927488,0.9355832,-2.443904,136.1464,-2.667041,-0.04508733,-0.3330455,-0.05524149,0.9402108,11.98325,133.7503,9.266571
06.12.2023 14:48:17,0.01128358,-0.3520927,0.02890856,0.9354506,-2.376592,136.1966,-2.646806,-0.04521362,-0.33421,-0.05541032,0.9397814,12.00867,133.8916,9.271454
06.12.2023 14:48:17,0.01076388,-0.3525359,0.02847751,0.935303,-2.304696,136.2523,-2.620355,-0.04489384,-0.3350606,-0.05582936,0.939469,11.99399,133.9931,9.322845
06.12.2023 14:48:17,0.01041392,-0.3531641,0.02792353,0.9350867,-2.246514,136.3307,-2.573486,-0.04413652,-0.3359401,-0.056403,0.9391565,11.93817,134.0974,9.407562
06.12.2023 14:48:17,0.01022208,-0.3539855,0.02730441,0.9347964,-2.203098,136.4327,-2.512858,-0.04330295,-0.3367614,-0.05678528,0.9388781,11.86664,134.1957,9.474945
06.12.2023 14:48:17,0.01020312,-0.3546588,0.02684302,0.9345548,-2.184127,136.5161,-2.462557,-0.04247311,-0.3374877,-0.05690313,0.938648,11.78494,134.284,9.514252
06.12.2023 14:48:17,0.01034375,-0.3555813,0.02656456,0.9342105,-2.190275,136.6295,-2.424829,-0.04204344,-0.3383409,-0.05638826,0.9383913,11.72266,134.3914,9.468689
06.12.2023 14:48:17,0.01055376,-0.3566531,0.02647156,0.9338021,-2.211742,136.761,-2.403781,-0.04186461,-0.3389752,-0.05577329,0.9382071,11.68246,134.4724,9.404266
06.12.2023 14:48:18,0.01084681,-0.3577286,0.02641226,0.933389,-2.243441,136.8928,-2.382888,-0.04151464,-0.3399252,-0.0552685,0.9379088,11.62949,134.5915,9.356262
06.12.2023 14:48:18,0.0113537,-0.3590282,0.02631361,0.9328866,-2.29692,137.0521,-2.348384,-0.04088808,-0.3410056,-0.05468806,0.937578,11.54419,134.7271,9.309967
06.12.2023 14:48:18,0.0118755,-0.360354,0.02637123,0.9323672,-2.358422,137.2144,-2.329773,-0.04013309,-0.3420904,-0.05457602,0.937222,11.46332,134.8606,9.319611
06.12.2023 14:48:18,0.01256882,-0.362011,0.02651033,0.931712,-2.442405,137.4174,-2.311739,-0.03931439,-0.3433539,-0.05451568,0.936798,11.37848,135.0159,9.336334
06.12.2023 14:48:18,0.01314263,-0.3636354,0.02652944,0.9310707,-2.508496,137.6168,-2.28565,-0.03857869,-0.3444843,-0.05452671,0.9364129,11.30484,135.1546,9.358643
06.12.2023 14:48:18,0.01369099,-0.3653558,0.02657278,0.9303879,-2.573038,137.8282,-2.262719,-0.03810771,-0.345562,-0.05463745,0.9360285,11.26349,135.2863,9.381866
06.12.2023 14:48:18,0.01406669,-0.3670891,0.02666735,0.929697,-2.621285,138.0414,-2.252234,-0.03816059,-0.3469152,-0.05419895,0.9355512,11.25809,135.4545,9.323303
06.12.2023 14:48:18,0.01459314,-0.3690533,0.02680421,0.928907,-2.687912,138.2831,-2.239055,-0.0383979,-0.3485322,-0.05342884,0.9349847,11.26035,135.6568,9.219818
06.12.2023 14:48:18,0.01487561,-0.3711101,0.02713534,0.9280731,-2.737011,138.5362,-2.25638,-0.03838833,-0.3501568,-0.05279088,0.9344141,11.24103,135.8596,9.140411
06.12.2023 14:48:18,0.01517227,-0.3734466,0.02764532,0.9271156,-2.796055,138.8237,-2.291085,-0.03811536,-0.3521817,-0.05240375,0.9336858,11.20505,136.1104,9.096039
06.12.2023 14:48:18,0.01532291,-0.375858,0.02815687,0.9261227,-2.84004,139.1208,-2.331717,-0.03757317,-0.354346,-0.05257422,0.932879,11.16324,136.3757,9.121887
06.12.2023 14:48:18,0.01554353,-0.3782773,0.02858078,0.9251205,-2.88791,139.4193,-2.359768,-0.03696569,-0.3566272,-0.05309075,0.9320043,11.12924,136.654,9.187073
06.12.2023 14:48:18,0.01583843,-0.3808809,0.02884853,0.9240383,-2.937486,139.7414,-2.367186,-0.03670523,-0.3588946,-0.05366296,0.931111,11.13504,136.9305,9.244324
06.12.2023 14:48:18,0.01595328,-0.3839814,0.02890543,0.9227504,-2.960075,140.1261,-2.358294,-0.03696877,-0.3614661,-0.05439265,0.9300629,11.20514,137.244,9.294891
06.12.2023 14:48:18,0.01595799,-0.3869584,0.02891338,0.9215056,-2.968522,140.4961,-2.349358,-0.03789584,-0.3638684,-0.05463494,0.9290741,11.32547,137.5394,9.266449
06.12.2023 14:48:18,0.01593541,-0.3901446,0.02901455,0.9201584,-2.978771,140.8925,-2.350769,-0.0391372,-0.3664737,-0.05448717,0.9280067,11.46381,137.8623,9.180969
06.12.2023 14:48:18,0.0158834,-0.3933229,0.02922557,0.9187985,-2.990907,141.2882,-2.365063,-0.04005223,-0.3689783,-0.05468559,0.926963,11.58112,138.1716,9.14624
06.12.2023 14:48:18,0.01594416,-0.3968476,0.02942546,0.9172742,-3.015447,141.7278,-2.371859,-0.04084722,-0.3718915,-0.05523379,0.9257308,11.70221,138.5302,9.150482
06.12.2023 14:48:18,0.01603866,-0.4008393,0.02978181,0.9155237,-3.052041,142.2263,-2.391834,-0.04120071,-0.3751327,-0.05590955,0.9243658,11.78339,138.9292,9.184082
06.12.2023 14:48:18,0.01623599,-0.4045221,0.03020431,0.9138851,-3.10192,142.6868,-2.414737,-0.04125843,-0.3783373,-0.0566307,0.9230123,11.83527,139.3239,9.234985
06.12.2023 14:48:18,0.01646754,-0.4084147,0.0306383,0.9121335,-3.156729,143.1745,-2.436135,-0.04109428,-0.3815231,-0.05690331,0.9216906,11.84433,139.719,9.247528
06.12.2023 14:48:18,0.01673755,-0.4122047,0.03115571,0.9104046,-3.219479,143.65,-2.464357,-0.04113252,-0.3844908,-0.05695923,0.9204513,11.8645,140.0887,9.229675
06.12.2023 14:48:18,0.01701336,-0.4162516,0.03162359,0.9085401,-3.281484,144.159,-2.4857,-0.04141567,-0.3876738,-0.05684397,0.9191096,11.90393,140.487,9.181091
06.12.2023 14:48:18,0.01703603,-0.420387,0.0320441,0.9066189,-3.315392,144.6803,-2.513428,-0.04135798,-0.3914461,-0.05710919,0.9174955,11.92685,140.9574,9.18335
06.12.2023 14:48:18,0.01678593,-0.4241115,0.03248728,0.9048714,-3.321272,145.1506,-2.557982,-0.04105303,-0.394214,-0.05770584,0.916286,11.9342,141.3007,9.23938
06.12.2023 14:48:18,0.01642163,-0.4280804,0.03297188,0.9029897,-3.318499,145.6528,-2.611493,-0.04097364,-0.397402,-0.05790068,0.9148991,11.94943,141.6996,9.23938
06.12.2023 14:48:18,0.0158509,-0.431797,0.03340719,0.9012126,-3.291752,146.1241,-2.671072,-0.0410385,-0.4003358,-0.05755227,0.9136383,11.9538,142.07,9.177216
06.12.2023 14:48:18,0.01531536,-0.4355451,0.03402444,0.8993933,-3.278386,146.5999,-2.747819,-0.04102907,-0.4032968,-0.0570552,0.9123667,11.94333,142.4451,9.102539
06.12.2023 14:48:18,0.01454288,-0.4394867,0.03464834,0.8974628,-3.242285,147.1016,-2.83659,-0.04075947,-0.4065173,-0.0570512,0.9109488,11.92929,142.8506,9.089996
06.12.2023 14:48:18,0.01366843,-0.44304,0.0351919,0.8957066,-3.191229,147.555,-2.923985,-0.04023585,-0.4095798,-0.05748419,0.9095719,11.90848,143.2342,9.136688
06.12.2023 14:48:18,0.01264373,-0.44654,0.03574053,0.8939602,-3.12561,148.0025,-3.020184,-0.03975006,-0.4126081,-0.05765216,0.9082129,11.87933,143.6155,9.154144
06.12.2023 14:48:18,0.01161247,-0.4499435,0.03619483,0.8922477,-3.054949,148.439,-3.107909,-0.03933015,-0.4159754,-0.05721706,0.9067215,11.83005,144.0434,9.102844
06.12.2023 14:48:18,0.01034069,-0.45351,0.03655187,0.8904413,-2.955988,148.8978,-3.198169,-0.0388411,-0.4195611,-0.05656482,0.90513,11.76385,144.5006,9.030853
06.12.2023 14:48:18,0.009235523,-0.456558,0.03695262,0.888878,-2.875193,149.2906,-3.286673,-0.03820914,-0.4228615,-0.05627045,0.9036381,11.69843,144.9204,9.005859
06.12.2023 14:48:18,0.007944901,-0.4597222,0.03720643,0.8872475,-2.768889,149.6999,-3.370153,-0.03731379,-0.426296,-0.0563824,0.9020535,11.62607,145.3556,9.035614
06.12.2023 14:48:18,0.006667191,-0.4627867,0.0376012,0.8856468,-2.671651,150.0969,-3.468371,-0.03633013,-0.4296684,-0.0565492,0.9004818,11.54733,145.7834,9.076416
06.12.2023 14:48:18,0.005458978,-0.4657725,0.03803505,0.8840699,-2.583975,150.4846,-3.56778,-0.03514287,-0.4328901,-0.05651042,0.8989871,11.43704,146.1934,9.107605
06.12.2023 14:48:18,0.004226254,-0.468801,0.03832807,0.8824618,-2.48716,150.8789,-3.654718,-0.03421984,-0.4359724,-0.05619955,0.8975515,11.34018,146.5878,9.099182
06.12.2023 14:48:18,0.002848475,-0.4720665,0.03877178,0.8807054,-2.385514,151.3051,-3.764783,-0.03324475,-0.4391453,-0.05620404,0.8960398,11.25424,146.993,9.126099
06.12.2023 14:48:18,0.001749867,-0.4749397,0.03912622,0.8791465,-2.306318,151.6808,-3.852468,-0.03246409,-0.4420043,-0.05633705,0.8946533,11.19373,147.3583,9.159271
06.12.2023 14:48:18,0.0007572529,-0.4778271,0.03930665,0.8775738,-2.228947,152.0591,-3.917326,-0.03183888,-0.4448559,-0.05623678,0.8932676,11.13754,147.7243,9.160889
06.12.2023 14:48:18,-0.0002078545,-0.4806867,0.03920194,0.8760157,-2.138978,152.435,-3.952583,-0.03147332,-0.4477567,-0.05564731,0.891867,11.08322,148.0995,9.098877
06.12.2023 14:48:18,-0.0007136723,-0.4833296,0.0389157,0.8745728,-2.084301,152.7823,-3.945331,-0.03118964,-0.4505807,-0.05499829,0.8904939,11.03354,148.4655,9.027405
06.12.2023 14:48:18,-0.001154505,-0.4864313,0.03831785,0.8728775,-2.020813,153.1907,-3.902514,-0.03016963,-0.4537692,-0.05555208,0.8888742,10.97241,148.8737,9.115479
06.12.2023 14:48:18,-0.001427093,-0.4891517,0.03780809,0.8713778,-1.977138,153.5491,-3.860443,-0.0290431,-0.456172,-0.05671062,0.8876078,10.92908,149.1788,9.276825
06.12.2023 14:48:18,-0.001407922,-0.4915386,0.03755034,0.8700447,-1.975089,153.8632,-3.828183,-0.02849319,-0.4584122,-0.05661338,0.8864769,10.87863,149.4686,9.28067
06.12.2023 14:48:18,-0.001456656,-0.4941114,0.0372458,0.8685992,-1.964292,154.2026,-3.794708,-0.02851626,-0.4611552,-0.05496316,0.8851563,10.80688,149.8302,9.092529
06.12.2023 14:48:18,-0.001303624,-0.4964754,0.03729061,0.8672485,-1.992381,154.514,-3.785121,-0.02820497,-0.463833,-0.05428454,0.883808,10.75146,150.1799,9.022186
06.12.2023 14:48:18,-0.001258843,-0.4990121,0.03737501,0.8657877,-2.012721,154.849,-3.785118,-0.02714081,-0.4664248,-0.05536885,0.882409,10.71323,150.5119,9.172485
06.12.2023 14:48:18,-0.001231698,-0.5015517,0.03737422,0.8643191,-2.026461,155.1851,-3.777567,-0.02591832,-0.4691558,-0.05632665,0.8809361,10.65375,150.8631,9.317719
06.12.2023 14:48:18,-0.0009243885,-0.5039238,0.03731975,0.862941,-2.064082,155.499,-3.748876,-0.02493872,-0.4714892,-0.05647841,0.8797081,10.57425,151.1663,9.370911
06.12.2023 14:48:18,-0.0005040547,-0.506304,0.03733695,0.8615463,-2.11694,155.8141,-3.720521,-0.02461604,-0.4738044,-0.05488394,0.8785734,10.46643,151.4738,9.211975
06.12.2023 14:48:18,9.524504E-05,-0.5086823,0.03727907,0.8601469,-2.182939,156.1293,-3.674062,-0.02394483,-0.4762243,-0.054097,0.8773315,10.36728,151.7923,9.153748
06.12.2023 14:48:18,0.0007951949,-0.5109734,0.03719735,0.858791,-2.256865,156.4333,-3.619249,-0.02256919,-0.4783027,-0.05557853,0.8761439,10.31979,152.0589,9.366028
06.12.2023 14:48:18,0.001503962,-0.5133929,0.0372078,0.8573454,-2.337357,156.7549,-3.572268,-0.02184765,-0.4805911,-0.05655269,0.8748466,10.31229,152.3554,9.490082
06.12.2023 14:48:18,0.00224875,-0.5156829,0.03720866,0.8559682,-2.42006,157.0598,-3.522148,-0.02184415,-0.4830612,-0.05689856,0.8734629,10.34375,152.6783,9.510132
06.12.2023 14:48:18,0.003121771,-0.5181184,0.03724459,0.8544919,-2.517772,157.3846,-3.467014,-0.02187986,-0.485419,-0.0567629,0.8721626,10.35193,152.9885,9.480042
06.12.2023 14:48:18,0.004196563,-0.5205898,0.03717696,0.8529869,-2.628914,157.7148,-3.389059,-0.02215802,-0.4879276,-0.0563262,0.870783,10.36819,153.32,9.405212
06.12.2023 14:48:18,0.005232426,-0.5229924,0.03713662,0.8515119,-2.737217,158.0367,-3.315695,-0.02198254,-0.4904059,-0.05636815,0.8693914,10.36554,153.6465,9.403931
06.12.2023 14:48:18,0.006395396,-0.5257507,0.03680998,0.8498179,-2.841637,158.4076,-3.204937,-0.02121544,-0.4934568,-0.05698312,0.8676423,10.33923,154.0472,9.489929
06.12.2023 14:48:18,0.007439743,-0.5280324,0.03666164,0.8483999,-2.942906,158.715,-3.119715,-0.02063643,-0.4961052,-0.05763293,0.8661018,10.33221,154.3954,9.571381
06.12.2023 14:48:18,0.008627529,-0.5304565,0.03658506,0.8468783,-3.062571,159.0423,-3.031711,-0.01990896,-0.4986503,-0.058304,0.864611,10.31168,154.7305,9.664124
06.12.2023 14:48:18,0.009844068,-0.5328584,0.03647968,0.8453605,-3.182731,159.3675,-2.938559,-0.01959863,-0.5008687,-0.05838995,0.8633291,10.29776,155.0247,9.676819
06.12.2023 14:48:18,0.01105663,-0.5351025,0.03652222,0.8439249,-3.31057,159.672,-2.859927,-0.01962544,-0.5030566,-0.05763609,0.8621061,10.26871,155.3177,9.586792
06.12.2023 14:48:18,0.01232477,-0.5373222,0.03663231,0.842491,-3.447489,159.9739,-2.783833,-0.01961016,-0.5052369,-0.05716134,0.8608622,10.25125,155.6093,9.527161
06.12.2023 14:48:18,0.01358136,-0.5394323,0.03683183,0.8411134,-3.588115,160.2615,-2.716836,-0.01942546,-0.5076974,-0.05735415,0.8594047,10.25714,155.9367,9.541992
06.12.2023 14:48:18,0.01477978,-0.5415257,0.0369494,0.8397418,-3.717695,160.5478,-2.644897,-0.0190145,-0.5102818,-0.05787849,0.8578467,10.26093,156.2802,9.60202
06.12.2023 14:48:18,0.01601441,-0.5436046,0.03716367,0.8383653,-3.856427,160.8327,-2.579431,-0.01883074,-0.5128576,-0.05815331,0.8562948,10.2728,156.624,9.624146
06.12.2023 14:48:18,0.01737764,-0.5459807,0.03749519,0.8367779,-4.015467,161.1591,-2.515078,-0.01918121,-0.515781,-0.05780173,0.8545531,10.30219,157.0168,9.550751
06.12.2023 14:48:18,0.01848456,-0.5478796,0.03809702,0.8354848,-4.165193,161.42,-2.494259,-0.01988205,-0.5182975,-0.05699324,0.8530675,10.33624,157.3574,9.413971
06.12.2023 14:48:18,0.01941589,-0.5498994,0.03863536,0.834111,-4.294393,161.698,-2.477102,-0.02008599,-0.5207371,-0.05672482,0.8515937,10.35278,157.6864,9.360138
06.12.2023 14:48:18,0.02023335,-0.5518985,0.0391717,0.8327451,-4.412471,161.9735,-2.466435,-0.02014549,-0.5228345,-0.0571902,0.850275,10.39725,157.9678,9.389069
06.12.2023 14:48:18,0.02080098,-0.5537976,0.03958786,0.8314496,-4.498745,162.2356,-2.460109,-0.02012703,-0.5249397,-0.05760527,0.8489493,10.4313,158.2507,9.41745
06.12.2023 14:48:18,0.02126625,-0.5555598,0.03973394,0.8302544,-4.557639,162.4796,-2.434861,-0.02023725,-0.5268383,-0.05771011,0.8477626,10.45825,158.5071,9.408905
06.12.2023 14:48:18,0.02169627,-0.5576549,0.03996351,0.8288264,-4.619409,162.7697,-2.417717,-0.02094316,-0.5289883,-0.05697787,0.8464551,10.49368,158.8008,9.280762
06.12.2023 14:48:18,0.02209717,-0.5593411,0.03985472,0.827684,-4.655459,163.0045,-2.372212,-0.02139945,-0.530863,-0.05665864,0.8452907,10.52808,159.0563,9.209717
06.12.2023 14:48:18,0.0226353,-0.561009,0.03974187,0.8265453,-4.70407,163.2374,-2.317439,-0.02169397,-0.5327058,-0.05671369,0.8441193,10.56921,159.3067,9.185028
06.12.2023 14:48:18,0.02329102,-0.5624923,0.03969648,0.8255206,-4.767488,163.4452,-2.262342,-0.02185008,-0.5344855,-0.05687065,0.842979,10.60278,159.5484,9.178986
06.12.2023 14:48:18,0.02401078,-0.5637096,0.03959077,0.8246742,-4.832182,163.6167,-2.198699,-0.02186888,-0.5359929,-0.05684163,0.8420228,10.61029,159.7537,9.164978
06.12.2023 14:48:18,0.02491285,-0.5648824,0.03959894,0.8238441,-4.92123,163.7825,-2.134092,-0.02181959,-0.5377766,-0.05686074,0.8408847,10.61551,159.9968,9.157959
06.12.2023 14:48:18,0.02580586,-0.5658383,0.03955764,0.8231623,-5.005495,163.9186,-2.066439,-0.02198449,-0.5390548,-0.05677903,0.8400671,10.63269,160.1717,9.131317
06.12.2023 14:48:18,0.02664714,-0.5665379,0.03957481,0.8226534,-5.087902,164.0189,-2.009065,-0.02230448,-0.5405827,-0.05642255,0.8391004,10.64899,160.3818,9.066711
06.12.2023 14:48:18,0.02740141,-0.566913,0.03968841,0.8223647,-5.167499,164.0735,-1.968375,-0.02264844,-0.5415542,-0.05624841,0.8384761,10.67603,160.5157,9.021973
06.12.2023 14:48:18,0.02805782,-0.5672991,0.03983914,0.822069,-5.240261,164.1294,-1.937425,-0.02276448,-0.5427418,-0.05636002,0.8376973,10.69986,160.6781,9.017517
06.12.2023 14:48:18,0.02864767,-0.5674573,0.04010418,0.8219265,-5.313625,164.1531,-1.923031,-0.02283347,-0.5438532,-0.05668392,0.8369524,10.73206,160.8296,9.036926
06.12.2023 14:48:18,0.02897492,-0.5674435,0.04032104,0.821914,-5.358639,164.1519,-1.922301,-0.02334615,-0.5450106,-0.05620443,0.8362173,10.75696,160.9904,8.950684
06.12.2023 14:48:18,0.02927093,-0.5674186,0.04060415,0.8219068,-5.404992,164.1489,-1.929952,-0.02353232,-0.5463606,-0.05619089,0.8353317,10.78036,161.1761,8.928406
06.12.2023 14:48:18,0.0293748,-0.5672951,0.04102485,0.8219674,-5.441917,164.131,-1.963811,-0.02348718,-0.5475332,-0.05632031,0.8345561,10.78967,161.3368,8.935577
06.12.2023 14:48:18,0.02938839,-0.5671818,0.0413011,0.8220313,-5.460921,164.1146,-1.989828,-0.0235621,-0.5487207,-0.05641198,0.8337674,10.80826,161.5001,8.931458
06.12.2023 14:48:18,0.02928209,-0.5669435,0.04163614,0.8221825,-5.472105,164.0801,-2.030062,-0.02366593,-0.5497501,-0.05662047,0.833072,10.83621,161.6414,8.937775
06.12.2023 14:48:19,0.02908123,-0.5669251,0.04186819,0.8221905,-5.468177,164.0762,-2.065244,-0.02376192,-0.5506815,-0.05657167,0.8324572,10.84671,161.7701,8.920502
06.12.2023 14:48:19,0.02874125,-0.5667847,0.04201415,0.8222919,-5.445182,164.055,-2.102145,-0.02413197,-0.5512272,-0.05608454,0.8321183,10.85388,161.8473,8.846497
06.12.2023 14:48:19,0.02817467,-0.566818,0.04209674,0.8222843,-5.397079,164.0574,-2.146642,-0.02453758,-0.5516841,-0.05592148,0.8318145,10.88449,161.9116,8.801971
06.12.2023 14:48:19,0.02753842,-0.566878,0.04212392,0.8222631,-5.33886,164.0636,-2.190254,-0.02470182,-0.5518617,-0.05603757,0.8316841,10.90839,161.9361,8.801453
06.12.2023 14:48:19,0.02684225,-0.5669296,0.04195242,0.8222593,-5.262031,164.0688,-2.219012,-0.02489562,-0.5521738,-0.05605764,0.8314698,10.92963,161.9795,8.78891
06.12.2023 14:48:19,0.02603291,-0.5670211,0.04172565,0.8222338,-5.171024,164.0795,-2.249656,-0.02514147,-0.5525522,-0.05579599,0.8312284,10.93826,162.033,8.745514
06.12.2023 14:48:19,0.02541591,-0.5671633,0.04140862,0.822171,-5.092467,164.0982,-2.258932,-0.02515164,-0.5530456,-0.05565488,0.8309094,10.9325,162.1015,8.727814
06.12.2023 14:48:19,0.02504551,-0.5672638,0.04102354,0.8221324,-5.032672,164.1119,-2.245986,-0.02485513,-0.5538183,-0.05558228,0.8304084,10.90302,162.2079,8.734131
06.12.2023 14:48:19,0.02468285,-0.5674738,0.04063598,0.8220177,-4.973742,164.141,-2.231655,-0.0245002,-0.5547544,-0.05556177,0.8297953,10.87201,162.3366,8.748077
06.12.2023 14:48:19,0.02459836,-0.5675918,0.04032921,0.8219538,-4.946097,164.1579,-2.207423,-0.02414102,-0.5555732,-0.05546786,0.8292642,10.83542,162.4494,8.756165
06.12.2023 14:48:19,0.02477002,-0.5675737,0.04020256,0.8219674,-4.954012,164.1561,-2.184366,-0.02384889,-0.5558558,-0.05557872,0.8290758,10.81592,162.4877,8.783386
06.12.2023 14:48:19,0.02501052,-0.5675329,0.0399687,0.8219997,-4.961389,164.1517,-2.146819,-0.02364545,-0.5558812,-0.05568566,0.8290573,10.80344,162.4905,8.806396
06.12.2023 14:48:19,0.02558266,-0.5673481,0.03970174,0.8221226,-4.997576,164.1282,-2.085407,-0.02411876,-0.5552577,-0.05523575,0.8294915,10.81708,162.4064,8.737579
06.12.2023 14:48:19,0.0262933,-0.5670727,0.03944096,0.8223026,-5.047057,164.0927,-2.016126,-0.0251755,-0.5544313,-0.05428527,0.8300755,10.85379,162.2968,8.585144
06.12.2023 14:48:19,0.0269303,-0.5665923,0.03918181,0.8226255,-5.089244,164.0283,-1.953091,-0.02589004,-0.553553,-0.05376701,0.8306732,10.88535,162.1785,8.496307
06.12.2023 14:48:19,0.02743164,-0.5660251,0.03909216,0.8230036,-5.12949,163.9511,-1.915517,-0.02661711,-0.5527326,-0.05341909,0.8312188,10.92935,162.0678,8.422638
06.12.2023 14:48:19,0.02766243,-0.5656779,0.03902372,0.8232378,-5.146074,163.9036,-1.896202,-0.02680336,-0.5525981,-0.05321375,0.8313153,10.93359,162.0503,8.39212
06.12.2023 14:48:19,0.02790988,-0.5649222,0.03917938,0.8237408,-5.177853,163.7988,-1.899632,-0.02710334,-0.5522837,-0.05303372,0.831526,10.94958,162.0081,8.358063
06.12.2023 14:48:19,0.02817377,-0.5642133,0.03934157,0.8242099,-5.211719,163.7006,-1.902377,-0.02684982,-0.5522162,-0.05336577,0.8315578,10.94614,161.9973,8.406494
06.12.2023 14:48:19,0.02820328,-0.5632343,0.03949634,0.8248708,-5.222262,163.5641,-1.921362,-0.02633822,-0.5520877,-0.05410765,0.8316116,10.94366,161.9762,8.511017
06.12.2023 14:48:19,0.02858269,-0.5623337,0.03975241,0.8254597,-5.272689,163.4395,-1.926892,-0.02585363,-0.5519159,-0.05451259,0.8317144,10.92224,161.9503,8.581787
06.12.2023 14:48:19,0.02871292,-0.5615109,0.03995359,0.8260053,-5.296099,163.3251,-1.942886,-0.02572781,-0.5517694,-0.0544606,0.8318189,10.90625,161.9299,8.585785
06.12.2023 14:48:19,0.02930382,-0.5605866,0.04000697,0.8266096,-5.353505,163.1988,-1.915838,-0.02622891,-0.5516093,-0.05401007,0.8319387,10.92502,161.9102,8.511963
06.12.2023 14:48:19,0.02986058,-0.5598939,0.04030841,0.8270444,-5.424207,163.1039,-1.913213,-0.02703916,-0.5514274,-0.05346393,0.8320687,10.96725,161.8886,8.409576
06.12.2023 14:48:19,0.03039517,-0.5591323,0.04040388,0.8275353,-5.47943,163,-1.89296,-0.02765667,-0.5511023,-0.05350793,0.832261,11.02786,161.8452,8.377106
06.12.2023 14:48:19,0.0309162,-0.5584778,0.04054634,0.827951,-5.536662,162.9109,-1.877437,-0.02815679,-0.5507682,-0.05378214,0.8324476,11.09177,161.7996,8.374268
06.12.2023 14:48:19,0.03150875,-0.5579438,0.04064333,0.8282838,-5.598092,162.839,-1.852257,-0.02911416,-0.5505112,-0.05401745,0.8325695,11.19736,161.7661,8.338318
06.12.2023 14:48:19,0.03243727,-0.5572976,0.04088436,0.828671,-5.700541,162.7526,-1.820135,-0.02993876,-0.550251,-0.05374756,0.8327297,11.2583,161.7335,8.262238
06.12.2023 14:48:19,0.03324824,-0.5568613,0.04125607,0.8289137,-5.800655,162.6946,-1.806695,-0.03042192,-0.5500533,-0.05324366,0.8328751,11.27203,161.7092,8.184753
06.12.2023 14:48:19,0.03424879,-0.5562496,0.04175367,0.8292588,-5.926532,162.6129,-1.7945,-0.03053729,-0.5496046,-0.05316699,0.833172,11.27655,161.6479,8.173492
06.12.2023 14:48:19,0.03518363,-0.5557852,0.04235573,0.8295004,-6.053154,162.5511,-1.795589,-0.02997366,-0.5491214,-0.05336534,0.8334983,11.23312,161.579,8.23175
06.12.2023 14:48:19,0.03599793,-0.5554241,0.0429793,0.8296753,-6.169877,162.5031,-1.805805,-0.02949215,-0.548668,-0.05351978,0.8338041,11.19489,161.5146,8.280334
06.12.2023 14:48:19,0.03677539,-0.5551037,0.04366453,0.8298198,-6.287103,162.4605,-1.824062,-0.02953202,-0.5482219,-0.05315643,0.8341193,11.17407,161.4544,8.246155
06.12.2023 14:48:19,0.03749214,-0.5550115,0.04427109,0.8298174,-6.394018,162.4494,-1.836994,-0.02966722,-0.5479842,-0.05295543,0.8342834,11.17349,161.4227,8.220062
06.12.2023 14:48:19,0.03826686,-0.5548607,0.04486548,0.8298509,-6.505567,162.4306,-1.845537,-0.02960237,-0.5479458,-0.05314234,0.8342991,11.17886,161.4167,8.242432
06.12.2023 14:48:19,0.03884397,-0.554761,0.04523537,0.8298706,-6.584048,162.4186,-1.844847,-0.02964864,-0.5476504,-0.05317339,0.8344894,11.18411,161.3761,8.24469
06.12.2023 14:48:19,0.03939625,-0.5547136,0.045605,0.829856,-6.66026,162.4138,-1.845313,-0.03017742,-0.5474049,-0.05300578,0.8346422,11.22342,161.3444,8.197144
06.12.2023 14:48:19,0.03996154,-0.5547416,0.04619916,0.8297774,-6.752202,162.4188,-1.865835,-0.03072262,-0.5471144,-0.05262579,0.8348368,11.25082,161.3072,8.128448
06.12.2023 14:48:19,0.0405169,-0.5548633,0.04681143,0.8296348,-6.84457,162.4366,-1.887945,-0.03118983,-0.5465389,-0.05244604,0.8352077,11.28232,161.23,8.086121
06.12.2023 14:48:19,0.04099744,-0.5550711,0.04743966,0.8294365,-6.931021,162.466,-1.915621,-0.03132864,-0.5461329,-0.05250453,0.8354643,11.29785,161.1745,8.086121
06.12.2023 14:48:19,0.04145776,-0.5553855,0.04830284,0.8291532,-7.030811,162.5093,-1.966136,-0.03137817,-0.5458686,-0.05264778,0.8356262,11.31061,161.1379,8.098846
06.12.2023 14:48:19,0.04196827,-0.5557635,0.04902952,0.8288315,-7.126873,162.5622,-1.999751,-0.03136146,-0.5457865,-0.05275726,0.8356735,11.31555,161.1262,8.111084
06.12.2023 14:48:19,0.04240389,-0.5562266,0.04961816,0.8284637,-7.207207,162.627,-2.024132,-0.03151974,-0.5456901,-0.05265504,0.835737,11.32404,161.1138,8.09201
06.12.2023 14:48:19,0.04317658,-0.5567223,0.05013197,0.8280597,-7.315028,162.6985,-2.019326,-0.03185056,-0.5458968,-0.05191508,0.8356357,11.31021,161.1456,7.998322
06.12.2023 14:48:19,0.04399828,-0.5571206,0.05060688,0.8277196,-7.424796,162.757,-2.008385,-0.03186354,-0.5462818,-0.05165142,0.8354,11.2963,161.1993,7.969177
06.12.2023 14:48:19,0.04472885,-0.5576041,0.05102783,0.8273289,-7.522621,162.8271,-1.997252,-0.03156772,-0.5465781,-0.05246154,0.8351668,11.31976,161.2366,8.063599
06.12.2023 14:48:19,0.04513633,-0.5579613,0.05133978,0.8270466,-7.582343,162.8782,-1.997558,-0.03157806,-0.546573,-0.05320842,0.8351225,11.36765,161.2336,8.13501
06.12.2023 14:48:19,0.0456528,-0.5583471,0.0517582,0.8267319,-7.659365,162.9336,-2.000692,-0.03188679,-0.5466534,-0.05308397,0.8350661,11.3898,161.2461,8.103027
06.12.2023 14:48:19,0.04596432,-0.5587153,0.05199892,0.8264506,-7.705405,162.986,-2.000161,-0.03238821,-0.5466153,-0.05262846,0.8351006,11.40927,161.244,8.027924
06.12.2023 14:48:19,0.04609779,-0.5591123,0.05232316,0.8261542,-7.739932,163.041,-2.01879,-0.03274614,-0.5465087,-0.05249387,0.8351648,11.43488,161.231,7.993286
06.12.2023 14:48:19,0.04613176,-0.5592978,0.05262281,0.8260077,-7.7629,163.0659,-2.043468,-0.03316986,-0.5466394,-0.05250489,0.8350618,11.47678,161.2504,7.966736
06.12.2023 14:48:19,0.04606376,-0.5595743,0.0528766,0.825808,-7.773447,163.1031,-2.069485,-0.03348178,-0.5469735,-0.05264974,0.8348215,11.51703,161.297,7.958496
06.12.2023 14:48:19,0.04617238,-0.559732,0.05305579,0.8256836,-7.795723,163.1252,-2.07808,-0.03351914,-0.5474418,-0.05304617,0.8344879,11.54721,161.3604,7.990692
06.12.2023 14:48:19,0.04626814,-0.5599005,0.05327374,0.8255499,-7.819301,163.1485,-2.091097,-0.03337618,-0.5480364,-0.05369629,0.8340617,11.57654,161.4397,8.057617
06.12.2023 14:48:19,0.04640572,-0.5599881,0.05343098,0.8254725,-7.842748,163.161,-2.096375,-0.03319838,-0.5485582,-0.05457236,0.8336688,11.61661,161.5081,8.149078
06.12.2023 14:48:19,0.04648359,-0.5601272,0.05358859,0.8253636,-7.860669,163.1804,-2.105053,-0.03340771,-0.5488603,-0.05506106,0.8334294,11.66867,161.549,8.180511
06.12.2023 14:48:19,0.04636423,-0.5602406,0.05371251,0.8252853,-7.857588,163.195,-2.123521,-0.033964,-0.5492263,-0.05507243,0.833165,11.72418,161.6014,8.143585
06.12.2023 14:48:19,0.0461946,-0.5603745,0.05358247,0.8252124,-7.833406,163.213,-2.120807,-0.03454813,-0.5495502,-0.05503493,0.8329299,11.77908,161.6483,8.100464
06.12.2023 14:48:19,0.04594105,-0.5605514,0.05335277,0.8251212,-7.794924,163.2369,-2.113614,-0.03502521,-0.550016,-0.05482156,0.8326164,11.81308,161.7151,8.045959
06.12.2023 14:48:19,0.04571477,-0.560777,0.05306093,0.8249993,-7.75515,163.268,-2.098283,-0.03534686,-0.5505933,-0.05488711,0.832217,11.85016,161.7959,8.027161
06.12.2023 14:48:19,0.04541701,-0.5608991,0.0526099,0.8249616,-7.698039,163.2848,-2.073392,-0.0353124,-0.5511208,-0.05517014,0.8318504,11.86673,161.8677,8.052185
06.12.2023 14:48:19,0.04525829,-0.5609537,0.05237621,0.8249481,-7.668003,163.2922,-2.060874,-0.03491143,-0.551686,-0.05553261,0.8314685,11.85336,161.9431,8.107788
06.12.2023 14:48:19,0.04528486,-0.5609629,0.05205769,0.8249606,-7.649999,163.2948,-2.028688,-0.03407092,-0.5518019,-0.055894,0.8314022,11.7962,161.9547,8.194855
06.12.2023 14:48:19,0.04543776,-0.5608696,0.05191492,0.8250247,-7.655098,163.2832,-2.006038,-0.03356305,-0.5518537,-0.05612015,0.8313733,11.76208,161.9593,8.248352
06.12.2023 14:48:19,0.04570726,-0.560791,0.05194059,0.8250616,-7.682196,163.2738,-1.991766,-0.03313342,-0.5514648,-0.05601345,0.8316557,11.71265,161.9044,8.268494
06.12.2023 14:48:19,0.04593767,-0.5605872,0.05202775,0.8251818,-7.709242,163.2466,-1.98707,-0.03280691,-0.5511219,-0.05559703,0.8319239,11.65366,161.8572,8.251892
06.12.2023 14:48:19,0.04619259,-0.5605138,0.05216977,0.8252084,-7.742474,163.2374,-1.984803,-0.03302583,-0.5504665,-0.05439984,0.8324281,11.59634,161.7713,8.128174
06.12.2023 14:48:19,0.04637715,-0.5602899,0.05234163,0.8253392,-7.770574,163.2068,-1.991371,-0.03295844,-0.5502276,-0.05396366,0.8326171,11.5614,161.7394,8.092377
06.12.2023 14:48:19,0.0466238,-0.5600767,0.05256509,0.8254558,-7.807932,163.1778,-1.99876,-0.03276578,-0.5500055,-0.05370447,0.8327882,11.52573,161.7089,8.08139
06.12.2023 14:48:19,0.04684598,-0.5598748,0.05269656,0.8255718,-7.837061,163.1506,-1.998859,-0.03244394,-0.5502079,-0.05378973,0.8326616,11.50101,161.7354,8.108337
06.12.2023 14:48:19,0.0470827,-0.5596677,0.05294518,0.8256828,-7.875106,163.1224,-2.009269,-0.0318383,-0.5504036,-0.05431702,0.8325214,11.47702,161.7588,8.195801
06.12.2023 14:48:19,0.04745805,-0.5594457,0.05316284,0.8257977,-7.924319,163.0931,-2.007922,-0.03136907,-0.5504694,-0.05468427,0.8324717,11.45551,161.7652,8.260254
06.12.2023 14:48:19,0.04794668,-0.5592538,0.05342285,0.8258828,-7.987123,163.0686,-2.003031,-0.03144107,-0.5506954,-0.05480794,0.8323113,11.47113,161.7962,8.265839
06.12.2023 14:48:19,0.04852913,-0.5590597,0.05350468,0.8259749,-8.0474,163.0451,-1.975095,-0.03202388,-0.5510038,-0.05464421,0.8320957,11.51782,161.8412,8.210815
06.12.2023 14:48:19,0.04949939,-0.5588677,0.05375329,0.8260311,-8.155374,163.024,-1.938031,-0.03257396,-0.5513379,-0.05430677,0.8318751,11.55045,161.8903,8.14093
06.12.2023 14:48:19,0.05013669,-0.5587236,0.0539645,0.8260764,-8.229351,163.0075,-1.918461,-0.03265902,-0.5514622,-0.05425608,0.8317927,11.55585,161.9079,8.1297
06.12.2023 14:48:19,0.05088669,-0.558594,0.05419408,0.8261032,-8.315291,162.9939,-1.893231,-0.03233709,-0.5515032,-0.05480384,0.8317423,11.55988,161.9107,8.202393
06.12.2023 14:48:19,0.05153383,-0.558443,0.05458331,0.8261395,-8.401654,162.976,-1.890154,-0.03218459,-0.5516263,-0.05528522,0.8316346,11.57623,161.9258,8.257324
06.12.2023 14:48:19,0.05200276,-0.5583231,0.05492392,0.8261686,-8.467979,162.9613,-1.893649,-0.03229805,-0.5519096,-0.05572657,0.8314128,11.61621,161.9639,8.290283
06.12.2023 14:48:19,0.05245221,-0.5581482,0.05529879,0.8262333,-8.534527,162.9387,-1.90227,-0.03240493,-0.5523852,-0.05635245,0.8310505,11.66803,162.028,8.339813
06.12.2023 14:48:19,0.05271182,-0.5579596,0.05557702,0.8263254,-8.576728,162.9133,-1.914081,-0.03283056,-0.5531798,-0.05697538,0.8304626,11.75156,162.1374,8.36615
06.12.2023 14:48:19,0.05313677,-0.5577789,0.05559304,0.8264192,-8.61787,162.8911,-1.890046,-0.03319806,-0.5539477,-0.05709503,0.8299277,11.79742,162.2446,8.347992
06.12.2023 14:48:19,0.05335073,-0.5576553,0.05561398,0.8264874,-8.639344,162.8754,-1.879526,-0.0333447,-0.5544193,-0.05703847,0.8296108,11.80972,162.3105,8.329346
06.12.2023 14:48:19,0.05345521,-0.5575235,0.05552487,0.8265755,-8.643291,162.8582,-1.865631,-0.03318755,-0.5546141,-0.05700204,0.8294894,11.79318,162.3371,8.334259
06.12.2023 14:48:19,0.05364069,-0.5574194,0.05541622,0.826641,-8.653777,162.8455,-1.844343,-0.03311061,-0.5548082,-0.05698983,0.8293635,11.78583,162.3638,8.336395
06.12.2023 14:48:19,0.0537596,-0.5574538,0.05524353,0.8266217,-8.654116,162.8519,-1.819765,-0.03352884,-0.5552185,-0.0569746,0.8290731,11.82645,162.4221,8.304901
06.12.2023 14:48:19,0.05385287,-0.5574113,0.05506349,0.8266563,-8.651362,162.8474,-1.796951,-0.0344221,-0.5556809,-0.05671985,0.8287441,11.89734,162.4904,8.219635
06.12.2023 14:48:19,0.05402512,-0.557345,0.05484214,0.8267044,-8.653446,162.8403,-1.765328,-0.03501905,-0.5558207,-0.05591723,0.8286799,11.90359,162.5146,8.103455
06.12.2023 14:48:19,0.05439549,-0.5573486,0.05467721,0.8266886,-8.678206,162.8443,-1.725569,-0.03580498,-0.5555045,-0.05425883,0.8289685,11.87158,162.4793,7.897034
06.12.2023 14:48:19,0.05499975,-0.5573615,0.05444622,0.8266552,-8.721058,162.8517,-1.664264,-0.03580077,-0.554864,-0.0538574,0.8294237,11.84335,162.3918,7.864166
06.12.2023 14:48:20,0.05576749,-0.557272,0.05423377,0.8266781,-8.780497,162.8461,-1.595245,-0.03457314,-0.5540172,-0.05522286,0.8299518,11.80997,162.2652,8.080292
06.12.2023 14:48:20,0.05637363,-0.5572544,0.05413404,0.8266553,-8.831899,162.8489,-1.546687,-0.03434001,-0.5537587,-0.05538404,0.8301233,11.797,162.228,8.112732
06.12.2023 14:48:20,0.05723777,-0.5571575,0.05438135,0.8266451,-8.930055,162.8415,-1.515526,-0.03392689,-0.5535305,-0.05477258,0.8303331,11.71771,162.1968,8.082214
06.12.2023 14:48:20,0.05793777,-0.5570622,0.05452641,0.826651,-9.005997,162.8334,-1.485173,-0.03422418,-0.5535761,-0.0536645,0.8303628,11.67584,162.2077,7.956635
06.12.2023 14:48:20,0.05862301,-0.5570138,0.05467509,0.8266255,-9.080854,162.8318,-1.455605,-0.03467499,-0.5537429,-0.05165693,0.8303602,11.5918,162.2388,7.7341
06.12.2023 14:48:20,0.05934658,-0.556881,0.05475701,0.8266578,-9.154945,162.8191,-1.418095,-0.03442254,-0.5540864,-0.05013774,0.8302346,11.47208,162.29,7.601868
06.12.2023 14:48:20,0.06011988,-0.5566307,0.05474293,0.8267715,-9.227444,162.791,-1.369495,-0.03316898,-0.5540903,-0.04976223,0.8303057,11.32837,162.2867,7.645691
06.12.2023 14:48:20,0.0606965,-0.5562918,0.05451846,0.8269722,-9.267556,162.7497,-1.314482,-0.03185611,-0.5539175,-0.04993481,0.830462,11.21329,162.2574,7.747131
06.12.2023 14:48:20,0.06113598,-0.5559336,0.05438585,0.8271895,-9.300469,162.7042,-1.277387,-0.03109781,-0.5536996,-0.04973535,0.830648,11.12741,162.2252,7.777893
06.12.2023 14:48:20,0.06148807,-0.5554222,0.05432064,0.8275111,-9.329151,162.6364,-1.254172,-0.03098987,-0.5535462,-0.04903314,0.8307961,11.07193,162.2056,7.718597
06.12.2023 14:48:20,0.0616763,-0.5548091,0.05438789,0.8279039,-9.35052,162.5523,-1.255444,-0.03096194,-0.5534301,-0.04828695,0.8309181,11.02142,162.1915,7.649689
06.12.2023 14:48:20,0.0617185,-0.5540742,0.05446975,0.8283874,-9.358668,162.45,-1.268954,-0.0326209,-0.5533398,-0.04751687,0.8309591,11.13083,162.1873,7.471069
06.12.2023 14:48:20,0.06186669,-0.5532415,0.05453372,0.8289285,-9.375655,162.3351,-1.275047,-0.03357224,-0.5533292,-0.04752367,0.830928,11.2222,162.1896,7.411285
06.12.2023 14:48:20,0.06217087,-0.5523409,0.05452514,0.8295066,-9.402862,162.2126,-1.264936,-0.03412819,-0.5533468,-0.04794864,0.8308692,11.30243,162.193,7.416504
06.12.2023 14:48:20,0.06247547,-0.5513619,0.05460388,0.8301297,-9.435575,162.0789,-1.264157,-0.03486453,-0.553408,-0.04861573,0.830759,11.41544,162.2025,7.433105
06.12.2023 14:48:20,0.06261925,-0.5503137,0.05442281,0.830826,-9.43628,161.9354,-1.249513,-0.03543395,-0.5535032,-0.04865793,0.830669,11.47284,162.218,7.400177
06.12.2023 14:48:20,0.06271522,-0.5495839,0.0541845,0.8313172,-9.429294,161.8361,-1.228756,-0.03567109,-0.5535346,-0.04859941,0.8306414,11.49188,162.2236,7.379211
06.12.2023 14:48:20,0.06278066,-0.5482228,0.05393724,0.8322267,-9.417933,161.649,-1.216283,-0.0352515,-0.553467,-0.04877548,0.830694,11.46277,162.2119,7.42334
06.12.2023 14:48:20,0.06290746,-0.5472118,0.0537343,0.8328953,-9.415842,161.511,-1.200141,-0.03480221,-0.5531784,-0.04901338,0.8308913,11.43408,162.1693,7.47699
06.12.2023 14:48:20,0.0630475,-0.5462604,0.0535717,0.8335195,-9.417706,161.3812,-1.186363,-0.03453893,-0.5528032,-0.04906363,0.8311489,11.41095,162.1162,7.501465
06.12.2023 14:48:20,0.06321072,-0.5453243,0.05336562,0.834133,-9.419136,161.2542,-1.166731,-0.03472944,-0.5525312,-0.04902552,0.831324,11.42596,162.0795,7.487793
06.12.2023 14:48:20,0.06331903,-0.5444147,0.05317,0.8347313,-9.416021,161.1302,-1.151288,-0.0349131,-0.5521748,-0.04929897,0.8315369,11.45981,162.0302,7.505157
06.12.2023 14:48:20,0.06338733,-0.5436255,0.0529781,0.8352525,-9.409489,161.0227,-1.137357,-0.03518634,-0.5518717,-0.04950698,0.8317143,11.49826,161.9888,7.510132
06.12.2023 14:48:20,0.06355166,-0.5427309,0.05268515,0.8358401,-9.405796,160.902,-1.108741,-0.03569388,-0.5517337,-0.04930283,0.8317963,11.53351,161.9725,7.459412
06.12.2023 14:48:20,0.06375396,-0.5420821,0.05245446,0.8362601,-9.410051,160.8154,-1.080963,-0.03643791,-0.5516398,-0.04892698,0.8318486,11.58066,161.964,7.376831
06.12.2023 14:48:20,0.06393145,-0.5412555,0.05226268,0.8367938,-9.414162,160.7039,-1.060547,-0.0365654,-0.5512322,-0.04863544,0.8321302,11.57324,161.9091,7.343994
06.12.2023 14:48:20,0.06399476,-0.5405169,0.05189425,0.8372893,-9.396382,160.6044,-1.029175,-0.0365367,-0.5508611,-0.04848915,0.8323857,11.56018,161.8582,7.334686
06.12.2023 14:48:20,0.06398001,-0.5397612,0.05148667,0.8378028,-9.36866,160.5021,-0.9990641,-0.03630185,-0.5503681,-0.04822907,0.8327371,11.51984,161.7899,7.328461
06.12.2023 14:48:20,0.06395677,-0.5392359,0.05117773,0.8381617,-9.346575,160.431,-0.9764296,-0.0360953,-0.5500382,-0.04825214,0.8329628,11.50058,161.7434,7.346344
06.12.2023 14:48:20,0.0639056,-0.5387307,0.05093363,0.8385053,-9.32587,160.3622,-0.9615965,-0.03604447,-0.5500572,-0.04804656,0.8329642,11.48276,161.7465,7.329651
06.12.2023 14:48:20,0.06389321,-0.5381892,0.05056554,0.8388762,-9.301209,160.2893,-0.9326567,-0.03629823,-0.5500226,-0.04755965,0.8330041,11.47623,161.7443,7.267059
06.12.2023 14:48:20,0.06387685,-0.5377919,0.05033705,0.8391459,-9.285016,160.2356,-0.9158995,-0.03639073,-0.5499481,-0.04754006,0.8330503,11.48364,161.7345,7.259918
06.12.2023 14:48:20,0.06401619,-0.5374453,0.04999332,0.8393778,-9.27684,160.1909,-0.8776048,-0.0365707,-0.5498676,-0.04730409,0.833109,11.48578,161.725,7.226471
06.12.2023 14:48:20,0.06403865,-0.5370862,0.04982583,0.8396159,-9.26827,160.1425,-0.8639038,-0.03677775,-0.5499849,-0.04738048,0.8330181,11.51077,161.7419,7.219788
06.12.2023 14:48:20,0.06404211,-0.5366724,0.04966919,0.8398895,-9.258487,160.0864,-0.853049,-0.03682881,-0.5500284,-0.0474759,0.8329816,11.52182,161.7478,7.225403
06.12.2023 14:48:20,0.06402209,-0.5363244,0.04950265,0.8401231,-9.245894,160.0392,-0.841953,-0.03662311,-0.550008,-0.04765541,0.832994,11.5134,161.7435,7.255829
06.12.2023 14:48:20,0.06389847,-0.5360512,0.0495354,0.840305,-9.235654,160.0005,-0.8558943,-0.03682068,-0.5498978,-0.04725607,0.8330807,11.50681,161.7304,7.205811
06.12.2023 14:48:20,0.06402316,-0.5358444,0.04960322,0.8404233,-9.251729,159.9729,-0.8570096,-0.03714479,-0.5498814,-0.04668855,0.8331092,11.50198,161.7314,7.130859
06.12.2023 14:48:20,0.06411204,-0.5357195,0.04982189,0.8404832,-9.273728,159.9555,-0.8741494,-0.03720553,-0.5500293,-0.0463488,0.8330278,11.48672,161.7531,7.093201
06.12.2023 14:48:20,0.06414944,-0.535676,0.05000545,0.8404972,-9.288648,159.949,-0.8901809,-0.03707457,-0.5500561,-0.04613121,0.833028,11.46048,161.7569,7.080383
06.12.2023 14:48:20,0.06429384,-0.5356328,0.05032459,0.8404946,-9.32232,159.9429,-0.9127432,-0.03655868,-0.5498408,-0.04608946,0.8331952,11.40784,161.7249,7.110687
06.12.2023 14:48:20,0.06449762,-0.535728,0.05061888,0.8404007,-9.360373,159.9564,-0.9276291,-0.03600888,-0.5495439,-0.04603486,0.8334181,11.35089,161.6817,7.142517
06.12.2023 14:48:20,0.06468633,-0.5357481,0.05069238,0.8403689,-9.383245,159.9605,-0.9227844,-0.03565614,-0.5493233,-0.04572958,0.8335955,11.29724,161.6506,7.137146
06.12.2023 14:48:20,0.06499625,-0.5358696,0.05062639,0.8402715,-9.409369,159.9803,-0.8956324,-0.03567905,-0.5490185,-0.04481016,0.8338451,11.24066,161.6115,7.049591
06.12.2023 14:48:20,0.06530485,-0.5360031,0.05061108,0.8401634,-9.438501,160.0016,-0.8733543,-0.03584572,-0.5487899,-0.04461829,0.8339989,11.24399,161.5813,7.022339
06.12.2023 14:48:20,0.06556682,-0.5361918,0.05063599,0.840021,-9.465647,160.0298,-0.8572637,-0.03612502,-0.5485585,-0.04441094,0.83415,11.25717,161.5513,6.986481
06.12.2023 14:48:20,0.0656438,-0.5362908,0.05063703,0.8399518,-9.473279,160.0441,-0.8514255,-0.03673695,-0.5484055,-0.04409768,0.8342405,11.29581,161.534,6.918884
06.12.2023 14:48:20,0.06557355,-0.5364529,0.05062833,0.8398542,-9.466091,160.0658,-0.8531286,-0.0376394,-0.5485603,-0.04363116,0.834123,11.35339,161.561,6.815857
06.12.2023 14:48:20,0.06546645,-0.5365078,0.05069299,0.8398237,-9.459763,160.072,-0.8654993,-0.03844604,-0.5487983,-0.04330714,0.8339466,11.41089,161.5987,6.731873
06.12.2023 14:48:20,0.06531306,-0.5365912,0.05071535,0.8397809,-9.44636,160.082,-0.8763235,-0.03866834,-0.5489672,-0.04316442,0.8338324,11.42355,161.6236,6.702789
06.12.2023 14:48:20,0.065178,-0.53653,0.05057022,0.8398394,-9.42422,160.073,-0.8713352,-0.03850687,-0.5490335,-0.04328901,0.8337898,11.41608,161.6315,6.724487
06.12.2023 14:48:20,0.065001,-0.536342,0.05052053,0.8399761,-9.403785,160.0458,-0.8796891,-0.03816621,-0.5490656,-0.04385538,0.8337548,11.41919,161.6325,6.800232
06.12.2023 14:48:20,0.06496988,-0.5361567,0.05046177,0.8401003,-9.39694,160.0203,-0.8780043,-0.03791775,-0.5490693,-0.04403839,0.833754,11.40689,161.6312,6.833496
06.12.2023 14:48:20,0.06494419,-0.5358281,0.05045569,0.8403123,-9.393727,159.975,-0.8827233,-0.03779253,-0.54894,-0.04377865,0.8338586,11.3782,161.6136,6.817444
06.12.2023 14:48:20,0.06493147,-0.5356184,0.05051235,0.8404436,-9.395772,159.9458,-0.8914021,-0.0380198,-0.548721,-0.04292149,0.8340369,11.34549,161.5871,6.722321
06.12.2023 14:48:20,0.06503338,-0.5352511,0.0506137,0.8406636,-9.411528,159.8959,-0.8990667,-0.0382065,-0.5486012,-0.04232673,0.8341376,11.32568,161.5734,6.654266
06.12.2023 14:48:20,0.06519224,-0.5348985,0.05065859,0.8408729,-9.429343,159.8487,-0.8975213,-0.03823579,-0.5483018,-0.04242472,0.8343281,11.33408,161.532,6.664093
06.12.2023 14:48:20,0.06543201,-0.5346156,0.05067096,0.8410335,-9.453088,159.8121,-0.8869861,-0.03831365,-0.5480192,-0.04263568,0.8344994,11.35428,161.4928,6.681641
06.12.2023 14:48:20,0.06559373,-0.5342685,0.05066946,0.8412415,-9.468337,159.7659,-0.8807038,-0.03825729,-0.5476954,-0.0427,0.8347113,11.35226,161.4477,6.693848
06.12.2023 14:48:20,0.06583805,-0.5339211,0.05065764,0.8414437,-9.490983,159.7206,-0.8682877,-0.03814171,-0.5474157,-0.04237581,0.8349165,11.32019,161.4096,6.672089
06.12.2023 14:48:20,0.06589068,-0.5334306,0.05051305,0.8417593,-9.486696,159.6545,-0.856482,-0.03807292,-0.5472243,-0.04206404,0.8350608,11.29361,161.3839,6.647858
06.12.2023 14:48:20,0.06604318,-0.5331761,0.05067222,0.841899,-9.511048,159.6203,-0.8654353,-0.03804592,-0.5471804,-0.0418464,0.8351018,11.27725,161.3784,6.628937
06.12.2023 14:48:20,0.06591876,-0.5328141,0.05065544,0.8421389,-9.497545,159.5696,-0.8756524,-0.03805503,-0.5474545,-0.04170873,0.8349286,11.26999,161.4166,6.613037
06.12.2023 14:48:20,0.0658798,-0.5324231,0.0505827,0.8423935,-9.488882,159.5161,-0.8754139,-0.03796626,-0.5475081,-0.04191961,0.834887,11.27484,161.4229,6.638519
06.12.2023 14:48:20,0.06567732,-0.5320693,0.05029605,0.8426501,-9.451226,159.4672,-0.8639868,-0.03819992,-0.5476238,-0.0421437,0.8347891,11.31158,161.4393,6.644501
06.12.2023 14:48:20,0.06549938,-0.5316651,0.0499134,0.8429417,-9.410035,159.412,-0.8421917,-0.03905118,-0.5476841,-0.04170433,0.8347322,11.36581,161.4532,6.548035
06.12.2023 14:48:20,0.06541653,-0.5313364,0.04957565,0.8431753,-9.380947,159.368,-0.8180103,-0.04068575,-0.5478227,-0.04054732,0.8346202,11.45023,161.4846,6.332428
06.12.2023 14:48:20,0.06523177,-0.5308505,0.04913135,0.8435216,-9.33529,159.302,-0.7914523,-0.0415341,-0.5477254,-0.04011675,0.834663,11.50443,161.4773,6.238159
06.12.2023 14:48:20,0.06502178,-0.5304922,0.04884369,0.8437799,-9.296906,159.2525,-0.7803026,-0.0416922,-0.5475585,-0.0403442,0.8347537,11.53366,161.4545,6.251373
06.12.2023 14:48:20,0.06479652,-0.5301903,0.04863793,0.8439988,-9.262105,159.2101,-0.7774498,-0.04177396,-0.547492,-0.04072792,0.8347747,11.56555,161.4446,6.283661
06.12.2023 14:48:20,0.06459256,-0.5299489,0.04851764,0.844173,-9.234662,159.1759,-0.7809476,-0.04176626,-0.5473667,-0.04101911,0.8348429,11.58295,161.4264,6.313171
06.12.2023 14:48:20,0.06443252,-0.529703,0.0483361,0.84435,-9.207752,159.1417,-0.7757768,-0.04143998,-0.5470412,-0.04122978,0.8350621,11.56433,161.3791,6.356628
06.12.2023 14:48:20,0.0642622,-0.5294683,0.04818787,0.8445185,-9.181889,159.1089,-0.7743575,-0.04171707,-0.5468088,-0.04118706,0.8352026,11.58789,161.3488,6.336853
06.12.2023 14:48:20,0.06420331,-0.5293238,0.04801398,0.8446236,-9.165406,159.0894,-0.7625563,-0.04249623,-0.5468773,-0.04081877,0.8351366,11.63974,161.3638,6.251709
06.12.2023 14:48:20,0.06420375,-0.5292888,0.04772727,0.8446617,-9.147924,159.0861,-0.7348531,-0.04332329,-0.546936,-0.04041773,0.8350751,11.69409,161.3781,6.1604
06.12.2023 14:48:20,0.06411428,-0.5292042,0.04766609,0.844725,-9.135397,159.074,-0.7353057,-0.04413589,-0.5472456,-0.04030112,0.8348354,11.76526,161.426,6.095367
06.12.2023 14:48:20,0.06402927,-0.5292219,0.04752963,0.844728,-9.118801,159.0763,-0.726999,-0.04457099,-0.5476704,-0.04058745,0.8345198,11.82562,161.4863,6.091949
06.12.2023 14:48:20,0.06382997,-0.529261,0.04744704,0.8447233,-9.094372,159.0803,-0.7307773,-0.04500694,-0.547798,-0.04045939,0.8344189,11.85959,161.507,6.050995
06.12.2023 14:48:20,0.06358371,-0.5293952,0.04726025,0.8446682,-9.059089,159.0973,-0.7262289,-0.04551597,-0.5479769,-0.04008736,0.8342917,11.88525,161.5361,5.981476
06.12.2023 14:48:20,0.06304747,-0.5296342,0.04729851,0.8445564,-9.009377,159.125,-0.7604558,-0.04593812,-0.5480665,-0.03992937,0.8342173,11.91592,161.5517,5.938812
06.12.2023 14:48:20,0.06256654,-0.5301501,0.0471665,0.8442758,-8.954929,159.1918,-0.771678,-0.0457415,-0.5479106,-0.04023139,0.834316,11.91589,161.528,5.981598
06.12.2023 14:48:20,0.06183138,-0.5307217,0.04706191,0.8439766,-8.877479,159.264,-0.8007467,-0.04539379,-0.547559,-0.04093307,0.8345317,11.92624,161.4749,6.074066
06.12.2023 14:48:20,0.06131001,-0.5314841,0.04686669,0.8435456,-8.815513,159.3647,-0.8058299,-0.0456767,-0.5471318,-0.04081666,0.834802,11.94556,161.4183,6.048553
06.12.2023 14:48:20,0.06067688,-0.5322489,0.04675596,0.8431153,-8.747881,159.4643,-0.8261568,-0.04645528,-0.5467618,-0.04038097,0.8350226,11.99252,161.3738,5.96048
06.12.2023 14:48:20,0.06018919,-0.5331305,0.04653327,0.8426054,-8.687671,159.5817,-0.8254466,-0.04729822,-0.5466446,-0.03993667,0.8350734,12.0455,161.3648,5.865387
06.12.2023 14:48:20,0.05955148,-0.534081,0.04640635,0.8420556,-8.61886,159.707,-0.8427901,-0.04796413,-0.5468008,-0.03961202,0.8349487,12.08923,161.3919,5.79071
06.12.2023 14:48:20,0.05881872,-0.5353032,0.04628816,0.8413371,-8.541698,159.8688,-0.8642538,-0.04848003,-0.5469918,-0.03937287,0.834805,12.12393,161.4226,5.733398
06.12.2023 14:48:20,0.05781246,-0.5368099,0.04600575,0.840462,-8.428265,160.0682,-0.8841215,-0.0487998,-0.5474159,-0.03931263,0.8345112,12.15121,161.4835,5.703705
06.12.2023 14:48:20,0.05688725,-0.5387001,0.04579763,0.8393263,-8.327801,160.321,-0.9026807,-0.04889682,-0.5479494,-0.03977463,0.8341334,12.19009,161.5562,5.737427
06.12.2023 14:48:20,0.05598404,-0.5406953,0.04553711,0.8381174,-8.226447,160.5889,-0.9141622,-0.04913918,-0.5486287,-0.04009786,0.833657,12.23434,161.6505,5.747223
06.12.2023 14:48:21,0.0550418,-0.5429977,0.04516141,0.8367105,-8.114581,160.8997,-0.9144048,-0.04962326,-0.5493981,-0.0400129,0.8331255,12.27609,161.7605,5.701569
06.12.2023 14:48:21,0.05427811,-0.5450224,0.04481478,0.8354616,-8.0215,161.174,-0.9094243,-0.05026598,-0.550173,-0.0395434,0.8325979,12.30862,161.8738,5.608704
06.12.2023 14:48:21,0.05352901,-0.5469659,0.04438515,0.834262,-7.924539,161.4379,-0.8967184,-0.0505317,-0.5508617,-0.0390361,0.8321503,12.30246,161.9728,5.536987
06.12.2023 14:48:21,0.05279374,-0.5489087,0.04417821,0.8330429,-7.842966,161.7014,-0.9049982,-0.0507215,-0.5517393,-0.0386588,0.8315748,12.29724,162.0969,5.480896
06.12.2023 14:48:21,0.0520733,-0.5507261,0.04398573,0.8318981,-7.763682,161.9479,-0.9152502,-0.05048874,-0.5528054,-0.03810826,0.8309061,12.24057,162.2445,5.433624
06.12.2023 14:48:21,0.05135959,-0.5525374,0.04384485,0.830748,-7.688402,162.1939,-0.9303998,-0.0497416,-0.5539021,-0.03758326,0.8302444,12.13629,162.3926,5.421692
06.12.2023 14:48:21,0.05035304,-0.5542405,0.04367399,0.8296835,-7.583212,162.4232,-0.9627715,-0.04907558,-0.5551239,-0.03735551,0.8294779,12.05881,162.5578,5.432129
06.12.2023 14:48:21,0.04944377,-0.556031,0.0435422,0.8285463,-7.490079,162.6656,-0.9922221,-0.04828881,-0.5563304,-0.03754921,0.8287067,11.9968,162.7188,5.490997
06.12.2023 14:48:21,0.04835852,-0.5577911,0.04333519,0.8274375,-7.375483,162.9031,-1.026488,-0.04728449,-0.5575008,-0.03862576,0.8279282,11.97083,162.8707,5.648621
06.12.2023 14:48:21,0.0471626,-0.5594969,0.0431124,0.8263656,-7.24946,163.1329,-1.067337,-0.04645465,-0.5587595,-0.03918923,0.8270998,11.92905,163.038,5.745331
06.12.2023 14:48:21,0.04606765,-0.5612408,0.04294834,0.8252527,-7.137079,163.3689,-1.107374,-0.04622519,-0.5601193,-0.03890704,0.8262057,11.89026,163.2265,5.721832
06.12.2023 14:48:21,0.04501176,-0.5627807,0.04295621,0.8242612,-7.039451,163.5766,-1.163404,-0.04637786,-0.5613157,-0.03821633,0.8254171,11.86124,163.3963,5.636169
06.12.2023 14:48:21,0.04408212,-0.5643016,0.04283072,0.8232777,-6.945348,163.7833,-1.199029,-0.04614053,-0.5624813,-0.03809657,0.8246421,11.83185,163.5575,5.630493
06.12.2023 14:48:21,0.0433003,-0.5657813,0.04278378,0.8223054,-6.870441,163.9852,-1.233112,-0.04630939,-0.5635942,-0.03802625,0.8238756,11.84415,163.7142,5.603546
06.12.2023 14:48:21,0.04262879,-0.5672866,0.04268292,0.8213081,-6.802635,164.192,-1.254898,-0.04658522,-0.5647095,-0.03777893,0.8231074,11.85501,163.8726,5.552734
06.12.2023 14:48:21,0.04214009,-0.5691192,0.04236759,0.8200808,-6.738667,164.4466,-1.241923,-0.04684959,-0.5662223,-0.03792883,0.8220456,11.89078,164.0856,5.536957
06.12.2023 14:48:21,0.0417561,-0.5706518,0.04212002,0.8190476,-6.688546,164.6599,-1.231177,-0.04669025,-0.5675933,-0.03821664,0.8210953,11.89542,164.2755,5.56311
06.12.2023 14:48:21,0.04138416,-0.5724242,0.04184897,0.8178427,-6.63836,164.9073,-1.215644,-0.04661993,-0.569051,-0.03869314,0.8200673,11.92093,164.4778,5.600464
06.12.2023 14:48:21,0.04105131,-0.5744423,0.04165307,0.8164532,-6.597137,165.1898,-1.202804,-0.04616932,-0.5706565,-0.03949497,0.8189382,11.93225,164.6976,5.692291
06.12.2023 14:48:21,0.04061061,-0.5761044,0.04160002,0.8153061,-6.554719,165.4214,-1.213618,-0.0455237,-0.5720906,-0.04041222,0.8179284,11.93304,164.8918,5.809296
06.12.2023 14:48:21,0.04013257,-0.5779153,0.04160264,0.8140471,-6.512801,165.674,-1.231107,-0.04506599,-0.57355,-0.04072165,0.8169157,11.91183,165.093,5.856354
06.12.2023 14:48:21,0.03963644,-0.5795954,0.04174662,0.8128686,-6.478521,165.9081,-1.264261,-0.04507211,-0.5752575,-0.04036587,0.8157315,11.89066,165.3347,5.807953
06.12.2023 14:48:21,0.03924064,-0.5813985,0.04203865,0.8115841,-6.463865,166.1601,-1.303678,-0.04513311,-0.5770355,-0.03989816,0.8144944,11.8671,165.5873,5.744873
06.12.2023 14:48:21,0.03880804,-0.5831394,0.04220003,0.8103465,-6.43713,166.4039,-1.333913,-0.04495931,-0.578674,-0.03992555,0.8133395,11.85413,165.8175,5.745178
06.12.2023 14:48:21,0.03822804,-0.5849816,0.04226207,0.8090421,-6.390332,166.6618,-1.364118,-0.04450693,-0.5803673,-0.04040122,0.8121334,11.84515,166.0526,5.805725
06.12.2023 14:48:21,0.03776002,-0.5867108,0.04233368,0.8078073,-6.354567,166.9048,-1.388721,-0.04401848,-0.5818676,-0.04091435,0.8110601,11.83536,166.2603,5.87384
06.12.2023 14:48:21,0.03727362,-0.5885056,0.04240919,0.8065192,-6.317615,167.1573,-1.414553,-0.04357372,-0.5833468,-0.04127014,0.8100029,11.81934,166.4662,5.9245
06.12.2023 14:48:21,0.03676649,-0.5902402,0.04230956,0.8052792,-6.266907,167.402,-1.42616,-0.04364374,-0.58492,-0.04125294,0.8088647,11.82651,166.6902,5.904846
06.12.2023 14:48:21,0.03636389,-0.5918928,0.04224881,0.8040868,-6.22845,167.6359,-1.435077,-0.04387522,-0.5865561,-0.04059259,0.8076999,11.8053,166.9263,5.813782
06.12.2023 14:48:21,0.03594142,-0.5937142,0.0421747,0.8027658,-6.187619,167.8942,-1.442955,-0.04368339,-0.5884266,-0.04074476,0.806341,11.79965,167.1911,5.825134
06.12.2023 14:48:21,0.03565546,-0.5952922,0.0421911,0.8016083,-6.165199,168.1186,-1.451868,-0.04330979,-0.5901664,-0.04166124,0.8050417,11.82901,167.4344,5.920898
06.12.2023 14:48:21,0.03530949,-0.5968578,0.04200301,0.8004685,-6.12327,168.3417,-1.446223,-0.04286547,-0.5919867,-0.04280265,0.803668,11.86765,167.6887,6.041534
06.12.2023 14:48:21,0.03485363,-0.5984812,0.04194521,0.7992785,-6.080309,168.5725,-1.459863,-0.04268029,-0.5937884,-0.04374948,0.8022965,11.91751,167.943,6.126343
06.12.2023 14:48:21,0.03443969,-0.6002284,0.04188615,0.7979883,-6.041424,168.8217,-1.469707,-0.04276233,-0.5956683,-0.04433357,0.8008653,11.96771,168.2118,6.158325
06.12.2023 14:48:21,0.03392885,-0.6018218,0.04176761,0.7968154,-5.989337,169.0488,-1.482126,-0.04298702,-0.5972532,-0.04425896,0.7996761,11.98553,168.4413,6.12207
06.12.2023 14:48:21,0.03341516,-0.6035706,0.04162465,0.7955208,-5.935669,169.2986,-1.491537,-0.04342734,-0.5987936,-0.04418185,0.7985038,12.02286,168.6664,6.070984
06.12.2023 14:48:21,0.03296456,-0.6054195,0.04132077,0.7941494,-5.876836,169.5641,-1.481308,-0.04372612,-0.60045,-0.04404175,0.7972504,12.04282,168.9076,6.022705
06.12.2023 14:48:21,0.03279339,-0.6073273,0.04103403,0.7927133,-5.844772,169.84,-1.452926,-0.04385499,-0.6023457,-0.04390135,0.7958198,12.0473,169.1826,5.984009
06.12.2023 14:48:21,0.0326309,-0.6093422,0.04061449,0.7911939,-5.804301,170.1322,-1.411187,-0.04356179,-0.6044298,-0.04377313,0.7942612,12.01416,169.4823,5.974182
06.12.2023 14:48:21,0.03254854,-0.6115652,0.04030137,0.7894963,-5.778774,170.4554,-1.372144,-0.04284991,-0.6065635,-0.04437933,0.7926381,11.99408,169.785,6.060547
06.12.2023 14:48:21,0.03251477,-0.6137965,0.04006581,0.7877763,-5.762967,170.7806,-1.336763,-0.04202981,-0.6086208,-0.04524084,0.7910547,11.98242,170.0759,6.178558
06.12.2023 14:48:21,0.03253955,-0.6160799,0.03999193,0.7859945,-5.763833,171.1142,-1.311539,-0.04128018,-0.6107235,-0.04587728,0.7894353,11.9621,170.3752,6.270721
06.12.2023 14:48:21,0.03244529,-0.6183519,0.03993832,0.784215,-5.755296,171.4462,-1.296675,-0.04081858,-0.6128062,-0.04606869,0.7878326,11.93704,170.6754,6.302307
06.12.2023 14:48:21,0.0323493,-0.6207061,0.0400366,0.782352,-5.75754,171.7908,-1.295031,-0.03933873,-0.6152263,-0.04704435,0.7859617,11.87613,171.0169,6.474426
06.12.2023 14:48:21,0.03214742,-0.6229051,0.04035312,0.7805942,-5.76569,172.1124,-1.321697,-0.03660389,-0.6179483,-0.04920007,0.7838236,11.78754,171.3937,6.840363
06.12.2023 14:48:21,0.0319271,-0.6251221,0.04082529,0.7788044,-5.7836,172.437,-1.363441,-0.03375623,-0.6206783,-0.05156253,0.7816396,11.70618,171.7734,7.233368
06.12.2023 14:48:21,0.03168714,-0.6274546,0.04123035,0.7769148,-5.79542,172.7795,-1.399605,-0.03047845,-0.6236827,-0.05477352,0.7791603,11.65079,172.1927,7.731628
06.12.2023 14:48:21,0.03139674,-0.6296837,0.0416169,0.7751005,-5.801493,173.1072,-1.438453,-0.02757929,-0.6268401,-0.05752708,0.7765318,11.60092,172.6407,8.160492
06.12.2023 14:48:21,0.03102198,-0.6319365,0.04198149,0.7732603,-5.798797,173.4389,-1.481242,-0.02502288,-0.6298474,-0.0598607,0.7740044,11.55414,173.072,8.528564
06.12.2023 14:48:21,0.03067604,-0.6346482,0.04219023,0.7710387,-5.788507,173.8401,-1.504617,-0.02271793,-0.6327246,-0.06213123,0.7715459,11.5275,173.4875,8.874084
06.12.2023 14:48:21,0.03032315,-0.6372907,0.04226897,0.7688656,-5.768199,174.2323,-1.517546,-0.02136365,-0.6348765,-0.06344292,0.769708,11.51392,173.8018,9.071228
06.12.2023 14:48:21,0.03008391,-0.6399949,0.04223672,0.7666274,-5.750046,174.6356,-1.511943,-0.02115389,-0.6365966,-0.06335415,0.7682992,11.49792,174.0581,9.064087
06.12.2023 14:48:21,0.02968126,-0.6428122,0.04228026,0.76428,-5.723399,175.0561,-1.524337,-0.02225326,-0.6383297,-0.06188091,0.766949,11.49606,174.3232,8.838196
06.12.2023 14:48:21,0.0292344,-0.6456038,0.04241303,0.7619333,-5.699632,175.4737,-1.548188,-0.02381476,-0.6404699,-0.06047026,0.7652284,11.54053,174.6517,8.580353
06.12.2023 14:48:21,0.0286751,-0.648337,0.04269123,0.7596146,-5.677021,175.883,-1.593712,-0.02424101,-0.6427274,-0.05996866,0.7633595,11.55151,174.9933,8.48526
06.12.2023 14:48:21,0.02806291,-0.6510206,0.04304884,0.7573186,-5.656053,176.2857,-1.650607,-0.02371102,-0.6449165,-0.06036434,0.7614964,11.54431,175.3205,8.540466
06.12.2023 14:48:21,0.0272801,-0.6537606,0.04370642,0.7549455,-5.643419,176.6971,-1.74609,-0.02202401,-0.6473153,-0.06168298,0.7594031,11.50598,175.6747,8.760956
06.12.2023 14:48:21,0.02655381,-0.6564237,0.04412541,0.7526324,-5.618284,177.0988,-1.817249,-0.02087813,-0.6498173,-0.0623627,0.7572401,11.46915,176.0488,8.88446
06.12.2023 14:48:21,0.02569881,-0.6590968,0.04463358,0.7502925,-5.58941,177.5025,-1.90593,-0.01987656,-0.6522658,-0.06233833,0.755161,11.3927,176.4173,8.93634
06.12.2023 14:48:21,0.0247316,-0.6620068,0.04501708,0.7477358,-5.542763,177.9437,-1.99081,-0.01960685,-0.6549491,-0.06229145,0.7528459,11.37973,176.8251,8.929749
06.12.2023 14:48:21,0.02415289,-0.6647632,0.0453985,0.7452822,-5.529598,178.3646,-2.047254,-0.01958719,-0.6572176,-0.06245979,0.750853,11.40256,177.1713,8.926544
06.12.2023 14:48:21,0.02350195,-0.6674021,0.04583941,0.7429138,-5.515007,178.7685,-2.115257,-0.019644,-0.6591466,-0.06261104,0.749146,11.42902,177.4666,8.918823
06.12.2023 14:48:21,0.02289917,-0.6700021,0.04624688,0.7405633,-5.502408,179.1679,-2.177049,-0.02033884,-0.6611053,-0.06205393,0.7474459,11.45673,177.7701,8.801056
06.12.2023 14:48:21,0.0222885,-0.6726536,0.04675888,0.7381424,-5.497898,179.5765,-2.248002,-0.02076223,-0.6632274,-0.06203377,0.7455536,11.50232,178.0981,8.748627
06.12.2023 14:48:21,0.02165446,-0.6752703,0.04718741,0.7357408,-5.485431,179.9812,-2.313951,-0.02021072,-0.6656516,-0.0634002,0.7432899,11.5719,178.4687,8.886963
06.12.2023 14:48:21,0.02094318,-0.6779664,0.04750777,0.7332571,-5.458848,180.3994,-2.37624,-0.01958303,-0.6685576,-0.06469519,0.740582,11.63309,178.915,9.020233
06.12.2023 14:48:21,0.02007302,-0.6808034,0.04780017,0.7306292,-5.417761,180.8406,-2.447711,-0.02034824,-0.6715482,-0.06425886,0.7378888,11.68066,179.3828,8.897034
06.12.2023 14:48:21,0.01924155,-0.6835729,0.04806332,0.7280437,-5.378054,181.273,-2.51446,-0.02119635,-0.6742566,-0.06314967,0.7354868,11.68079,179.8093,8.712372
06.12.2023 14:48:21,0.01835943,-0.686334,0.04834741,0.7254455,-5.336361,181.7056,-2.587272,-0.02136473,-0.6768498,-0.06180696,0.7332106,11.60349,180.2166,8.561829
06.12.2023 14:48:21,0.01741613,-0.6894106,0.04880526,0.7225149,-5.305177,182.1897,-2.677342,-0.02009075,-0.6791893,-0.06154998,0.7311018,11.48743,180.5787,8.618439
06.12.2023 14:48:21,0.01669831,-0.6921622,0.04918024,0.7198709,-5.285735,182.6249,-2.74521,-0.01936141,-0.6815255,-0.06131206,0.7289643,11.41904,180.9435,8.634735
06.12.2023 14:48:21,0.01587183,-0.695145,0.04973799,0.7169712,-5.27347,183.0984,-2.835255,-0.01885037,-0.6840841,-0.06096592,0.7266064,11.36172,181.3455,8.62323
06.12.2023 14:48:21,0.01490917,-0.6980016,0.05027839,0.7141733,-5.249001,183.5532,-2.935773,-0.01811905,-0.6864837,-0.0610314,0.7243528,11.31781,181.7226,8.665314
06.12.2023 14:48:21,0.01402624,-0.7009344,0.05080799,0.7112755,-5.231448,184.0225,-3.028581,-0.01774942,-0.6890542,-0.06065255,0.7219492,11.27002,182.1295,8.640472
06.12.2023 14:48:21,0.01308184,-0.7040011,0.05128633,0.7082239,-5.206238,184.5154,-3.121287,-0.01824729,-0.6918734,-0.05984307,0.7193032,11.26105,182.5809,8.509033
06.12.2023 14:48:21,0.01223205,-0.706764,0.05154155,0.7054634,-5.170163,184.9615,-3.190586,-0.01782924,-0.6944628,-0.05978769,0.7168186,11.23468,182.9934,8.515167
06.12.2023 14:48:21,0.01151176,-0.7095047,0.05185229,0.7026962,-5.149652,-179.5939,-3.254238,-0.01691917,-0.6969296,-0.06041996,0.7143896,11.22256,183.3857,8.618683
06.12.2023 14:48:21,0.01090987,-0.7122467,0.05215988,0.6999035,-5.139049,-179.1469,-3.308073,-0.01629385,-0.6992646,-0.06059078,0.7121041,11.19681,183.7592,8.662537
06.12.2023 14:48:21,0.01038093,-0.715014,0.05256553,0.6970538,-5.14303,-178.6937,-3.363659,-0.01556285,-0.70143,-0.06034962,0.7100083,11.12866,184.1063,8.68277
06.12.2023 14:48:21,0.009922871,-0.7174888,0.053005,0.6944796,-5.154601,-178.2867,-3.41822,-0.01538467,-0.7033043,-0.05977623,0.7082042,11.07745,184.4092,8.634033
06.12.2023 14:48:21,0.009368094,-0.7201203,0.05360125,0.6917123,-5.17274,-177.8524,-3.491992,-0.01551881,-0.7053015,-0.05869006,0.7063034,11.01047,184.7339,8.517426
06.12.2023 14:48:21,0.008885954,-0.7226171,0.05430506,0.6890548,-5.205567,-177.4384,-3.569131,-0.0154746,-0.7074607,-0.05796834,0.7042014,10.95889,-179.9147,8.443939
06.12.2023 14:48:21,0.008168039,-0.7250397,0.05498648,0.6864599,-5.218194,-177.0358,-3.66442,-0.01460085,-0.709595,-0.05825283,0.7020459,10.92191,-179.5693,8.520081
06.12.2023 14:48:21,0.007302181,-0.7276209,0.05563594,0.6836807,-5.218173,-176.6052,-3.768215,-0.01353002,-0.7119973,-0.05970772,0.6995082,10.9668,-179.1793,8.704773
06.12.2023 14:48:21,0.006580153,-0.7300534,0.05614131,0.6810484,-5.217406,-176.1975,-3.849754,-0.01255063,-0.7140725,-0.06162383,0.6972413,11.05652,-178.841,8.92157
06.12.2023 14:48:21,0.005895327,-0.7324016,0.05670699,0.6784818,-5.22484,-175.8023,-3.933514,-0.01177853,-0.7159356,-0.06301487,0.695217,11.11972,-178.5359,9.080505
06.12.2023 14:48:21,0.005226821,-0.7347322,0.05736903,0.6759068,-5.242281,-175.4084,-4.023469,-0.01261003,-0.7174995,-0.06320832,0.6935706,11.21133,-178.2748,9.013672
06.12.2023 14:48:21,0.004464079,-0.7370687,0.05788247,0.6733198,-5.240599,-175.0122,-4.109666,-0.01447602,-0.7187779,-0.06206433,0.6923127,11.27295,-178.057,8.756592
06.12.2023 14:48:21,0.003867882,-0.7391434,0.0584883,0.6709927,-5.258718,-174.6588,-4.190923,-0.01551138,-0.7199671,-0.06160175,0.6910948,11.32352,-177.8558,8.623199
06.12.2023 14:48:21,0.003334776,-0.7414963,0.05916364,0.6683351,-5.289997,-174.2561,-4.269848,-0.01558178,-0.7210708,-0.06097057,0.6899977,11.2825,-177.6722,8.556946
06.12.2023 14:48:22,0.002776245,-0.7438017,0.05976404,0.6657174,-5.313291,-173.8601,-4.345324,-0.01549049,-0.7223901,-0.06080702,0.6886327,11.26846,-177.4529,8.539459
06.12.2023 14:48:22,0.00237762,-0.7460358,0.06043177,0.6631538,-5.354748,-173.4745,-4.412658,-0.0152196,-0.7241153,-0.0608309,0.6868225,11.25787,-177.1659,8.548157
06.12.2023 14:48:22,0.002086117,-0.7483298,0.06106945,0.6605065,-5.402741,-173.0768,-4.467717,-0.01420967,-0.7261427,-0.06153642,0.6846372,11.24762,-176.83,8.669647
06.12.2023 14:48:22,0.001614545,-0.7505631,0.06155155,0.657924,-5.423759,-172.6884,-4.526616,-0.01344186,-0.7280936,-0.06251276,0.6824889,11.27948,-176.5046,8.792969
06.12.2023 14:48:22,0.001320172,-0.7530736,0.06220847,0.6549874,-5.475753,-172.2496,-4.580956,-0.01312961,-0.7303398,-0.06311166,0.6800355,11.31781,-176.1269,8.845459
06.12.2023 14:48:22,0.001060114,-0.7552181,0.06276975,0.6524603,-5.519992,-171.873,-4.627794,-0.0131271,-0.7322239,-0.06327763,0.677991,11.34222,-175.8082,8.841095
06.12.2023 14:48:22,0.0007402814,-0.7573849,0.06333898,0.6498891,-5.561041,-171.4912,-4.679922,-0.01322084,-0.7340381,-0.06307628,0.6760435,11.34277,-175.5003,8.800415
06.12.2023 14:48:22,0.0004623824,-0.7595513,0.0639303,0.6472979,-5.607622,-171.1078,-4.729755,-0.01297299,-0.7356967,-0.06338381,0.6742141,11.35889,-175.2189,8.829712
06.12.2023 14:48:22,0.0002442156,-0.7616532,0.06440834,0.6447759,-5.648688,-170.7343,-4.766163,-0.01239807,-0.7372413,-0.06379864,0.6724964,11.35828,-174.9573,8.896027
06.12.2023 14:48:22,0.0001566714,-0.7636135,0.06490734,0.6424029,-5.700563,-170.3844,-4.793646,-0.0116279,-0.7383685,-0.06411816,0.671242,11.33237,-174.7672,8.975464
06.12.2023 14:48:22,3.999864E-05,-0.7655306,0.06533869,0.6400734,-5.744281,-170.041,-4.818735,-0.01107166,-0.7395094,-0.06426746,0.6699799,11.30887,-174.5736,9.023499
06.12.2023 14:48:22,-0.0002602282,-0.7674967,0.06571566,0.6376756,-5.770338,-169.6879,-4.855259,-0.01071535,-0.7402259,-0.06435379,0.6691857,11.29306,-174.4519,9.053711
06.12.2023 14:48:22,-0.0006637284,-0.7692491,0.06610175,0.6355203,-5.788338,-169.3721,-4.903337,-0.01018489,-0.7411255,-0.064675,0.6681665,11.28506,-174.2989,9.115204
06.12.2023 14:48:22,-0.001211083,-0.7711608,0.06646328,0.6331604,-5.795269,-169.0266,-4.960773,-0.0104207,-0.7421554,-0.06534995,0.6669528,11.36719,-174.1204,9.13739
06.12.2023 14:48:22,-0.001919074,-0.7730635,0.06678887,0.6307998,-5.787715,-168.6815,-5.02986,-0.01047336,-0.7434666,-0.06601761,0.6654243,11.43652,-173.8936,9.171661
06.12.2023 14:48:22,-0.002566294,-0.7747614,0.06685161,0.6287043,-5.759971,-168.3729,-5.076345,-0.01068711,-0.7448381,-0.06655841,0.6638314,11.50784,-173.6554,9.181519
06.12.2023 14:48:22,-0.003093294,-0.7764661,0.06674279,0.626607,-5.725953,-168.0622,-5.099763,-0.01133727,-0.7462587,-0.06649121,0.6622299,11.56067,-173.4072,9.106628
06.12.2023 14:48:22,-0.003621574,-0.7781066,0.06652906,0.6245887,-5.682131,-167.7623,-5.116476,-0.01108093,-0.7475793,-0.06712112,0.6606795,11.60355,-173.1781,9.163635
06.12.2023 14:48:22,-0.00397144,-0.7797693,0.06612308,0.6225527,-5.634182,-167.4577,-5.103408,-0.01046059,-0.7487589,-0.06826586,0.6592347,11.66254,-172.9737,9.292419
06.12.2023 14:48:22,-0.004106426,-0.7813908,0.06580319,0.6205494,-5.609018,-167.1593,-5.077865,-0.01009979,-0.7498412,-0.068913,0.6579416,11.69809,-172.7855,9.361786
06.12.2023 14:48:22,-0.00400068,-0.7831613,0.06539163,0.6183578,-5.593885,-166.8324,-5.022915,-0.01040905,-0.7509386,-0.06906442,0.6566681,11.74188,-172.5925,9.335388
06.12.2023 14:48:22,-0.00359432,-0.7847571,0.06519498,0.6163547,-5.617893,-166.5362,-4.957852,-0.01069573,-0.7515825,-0.06922026,0.65591,11.78134,-172.4786,9.315796
06.12.2023 14:48:22,-0.003110701,-0.7863322,0.06506623,0.6143603,-5.653098,-166.2425,-4.890684,-0.01032294,-0.7524349,-0.07018395,0.6548354,11.84232,-172.3293,9.412201
06.12.2023 14:48:22,-0.002564116,-0.7878247,0.06502329,0.6124521,-5.699618,-165.963,-4.824459,-0.01033584,-0.7533479,-0.0711569,0.6536795,11.93393,-172.1676,9.475067
06.12.2023 14:48:22,-0.00198646,-0.789383,0.06500933,0.610446,-5.751222,-165.6701,-4.756596,-0.01096407,-0.7545507,-0.0713662,0.6522576,12.00763,-171.9533,9.423523
06.12.2023 14:48:22,-0.001565085,-0.790704,0.06491946,0.6087447,-5.78286,-165.4212,-4.699553,-0.01179784,-0.755863,-0.07116187,0.6507443,12.06134,-171.719,9.321503
06.12.2023 14:48:22,-0.0009273552,-0.792284,0.06486158,0.6066945,-5.834328,-165.1221,-4.622435,-0.01266953,-0.7574881,-0.07069235,0.6488867,12.09641,-171.4288,9.192566
06.12.2023 14:48:22,-0.0004327553,-0.7936617,0.0647709,0.6049014,-5.870986,-164.8606,-4.557742,-0.01247317,-0.7591328,-0.07060152,0.6469755,12.08441,-171.1382,9.184845
06.12.2023 14:48:22,3.078864E-05,-0.7949451,0.06467961,0.6032237,-5.904499,-164.6162,-4.496576,-0.01178729,-0.7606314,-0.07096414,0.6451861,12.0748,-170.874,9.255463
06.12.2023 14:48:22,0.0004937028,-0.7962039,0.0646649,0.6015627,-5.944604,-164.3756,-4.440868,-0.01002444,-0.7623895,-0.07172496,0.6430531,12.0224,-170.5663,9.447327
06.12.2023 14:48:22,0.001173524,-0.7973808,0.06466714,0.6000006,-6.000486,-164.1493,-4.367092,-0.008950532,-0.764098,-0.0719379,0.6410141,11.97348,-170.2643,9.538757
06.12.2023 14:48:22,0.001829334,-0.7984884,0.0647331,0.5985169,-6.059837,-163.9354,-4.300378,-0.007836335,-0.7658299,-0.07251487,0.6388935,11.9545,-169.9565,9.660645
06.12.2023 14:48:22,0.002688678,-0.7996468,0.06473925,0.5969646,-6.127837,-163.7107,-4.210074,-0.007246884,-0.7675179,-0.07346963,0.6367621,12.008,-169.6527,9.764587
06.12.2023 14:48:22,0.003500503,-0.8007911,0.06478813,0.5954191,-6.196122,-163.4879,-4.126929,-0.007564434,-0.7696319,-0.07426035,0.6341096,12.11722,-169.268,9.771118
06.12.2023 14:48:22,0.004333574,-0.8017446,0.06495644,0.5941107,-6.275322,-163.3008,-4.051733,-0.009083289,-0.7715045,-0.07365379,0.631881,12.18811,-168.9239,9.570831
06.12.2023 14:48:22,0.00537349,-0.8028073,0.06501238,0.5926592,-6.358789,-163.0914,-3.948296,-0.0108843,-0.7734632,-0.07244817,0.6295931,12.22565,-168.5623,9.300293
06.12.2023 14:48:22,0.006319208,-0.8037926,0.06502737,0.5913113,-6.431212,-162.8967,-3.851276,-0.01135445,-0.7752194,-0.07206704,0.627465,12.23761,-168.24,9.210419
06.12.2023 14:48:22,0.007199177,-0.8047163,0.06511374,0.5900339,-6.505103,-162.7133,-3.765603,-0.01115615,-0.7769262,-0.07245877,0.6253088,12.26984,-167.9269,9.236694
06.12.2023 14:48:22,0.008193859,-0.8055054,0.06513031,0.5889415,-6.57923,-162.5552,-3.665795,-0.01167188,-0.7785758,-0.07145329,0.6233603,12.22784,-167.6234,9.098724
06.12.2023 14:48:22,0.009054444,-0.8063739,0.06500833,0.5877526,-6.631633,-162.3821,-3.567906,-0.01170336,-0.779837,-0.06997171,0.6219496,12.10516,-167.3943,8.974731
06.12.2023 14:48:22,0.01009133,-0.8072294,0.06489201,0.5865731,-6.696155,-162.2102,-3.453976,-0.01063555,-0.7809849,-0.06948677,0.6205813,11.99234,-167.1882,9.022827
06.12.2023 14:48:22,0.01106111,-0.8081089,0.06466965,0.5853679,-6.746105,-162.0335,-3.33863,-0.008949717,-0.7823656,-0.07027085,0.6187778,11.9516,-166.9375,9.215057
06.12.2023 14:48:22,0.01194457,-0.8089542,0.06450615,0.5841998,-6.795217,-161.8633,-3.235505,-0.007802449,-0.7840652,-0.07077121,0.6165811,11.92673,-166.6248,9.335052
06.12.2023 14:48:22,0.01272969,-0.8096979,0.06432854,0.5831717,-6.835579,-161.7131,-3.141631,-0.007344846,-0.7860383,-0.07069144,0.6140786,11.90094,-166.2585,9.348511
06.12.2023 14:48:22,0.01356267,-0.8105161,0.06417315,0.5820324,-6.881401,-161.5474,-3.043761,-0.00764994,-0.7878968,-0.07032399,0.6117309,11.90222,-165.9101,9.273865
06.12.2023 14:48:22,0.0144489,-0.811231,0.0638277,0.5810521,-6.912253,-161.4019,-2.929267,-0.009218432,-0.7896732,-0.06960659,0.6094967,11.95963,-165.5714,9.060669
06.12.2023 14:48:22,0.01533356,-0.8118708,0.0635543,0.5801652,-6.949112,-161.2707,-2.820534,-0.009504533,-0.7909566,-0.06959821,0.6078269,11.98749,-165.3279,9.019318
06.12.2023 14:48:22,0.01624064,-0.8124664,0.06309408,0.5793563,-6.969553,-161.1484,-2.697664,-0.009466949,-0.7918566,-0.07010622,0.606596,12.03717,-165.1563,9.047943
06.12.2023 14:48:22,0.01728896,-0.8130494,0.06264405,0.5785564,-7.000078,-161.0272,-2.562314,-0.01002904,-0.792695,-0.07024529,0.6054747,12.09476,-164.9943,8.996582
06.12.2023 14:48:22,0.018248,-0.8135719,0.06225938,0.5778335,-7.030263,-160.9179,-2.440341,-0.01114804,-0.7934095,-0.06976926,0.6045737,12.13403,-164.8547,8.852692
06.12.2023 14:48:22,0.01923321,-0.8141501,0.06183903,0.5770318,-7.058857,-160.7971,-2.312776,-0.01190008,-0.7941936,-0.06948926,0.6035612,12.16577,-164.7025,8.755096
06.12.2023 14:48:22,0.0201225,-0.8146926,0.06140741,0.5762814,-7.079636,-160.6839,-2.193845,-0.01195331,-0.7949414,-0.06962998,0.6025587,12.18704,-164.5593,8.751068
06.12.2023 14:48:22,0.02085031,-0.8151174,0.06097665,0.5757004,-7.089136,-160.5951,-2.091569,-0.01128008,-0.7956591,-0.07055099,0.6015164,12.22925,-164.4228,8.868195
06.12.2023 14:48:22,0.02160922,-0.8155503,0.06033702,0.5751263,-7.080966,-160.5051,-1.972425,-0.01115561,-0.7964084,-0.07106238,0.600466,12.27237,-164.2785,8.906036
06.12.2023 14:48:22,0.02216841,-0.8158991,0.05960132,0.5746868,-7.050095,-160.4337,-1.866804,-0.01217961,-0.7970775,-0.07077838,0.5995912,12.32153,-164.1459,8.784149
06.12.2023 14:48:22,0.02263346,-0.8162048,0.05876828,0.5743203,-7.003594,-160.372,-1.764202,-0.01311465,-0.7977095,-0.07020012,0.5987985,12.33698,-164.0214,8.650452
06.12.2023 14:48:22,0.02302827,-0.8164821,0.0577637,0.5740122,-6.936144,-160.3173,-1.657309,-0.01367898,-0.7981696,-0.0698442,0.598214,12.34601,-163.931,8.568298
06.12.2023 14:48:22,0.02322724,-0.8167852,0.0566597,0.5736831,-6.846382,-160.2593,-1.562104,-0.01333588,-0.7980826,-0.06967443,0.5983576,12.30615,-163.9502,8.589203
06.12.2023 14:48:22,0.02348544,-0.8169878,0.05559117,0.5734886,-6.763528,-160.2208,-1.464931,-0.01343251,-0.7982153,-0.06940787,0.5982093,12.28909,-163.9251,8.560272
06.12.2023 14:48:22,0.0237656,-0.8172162,0.05452013,0.5732543,-6.681897,-160.1769,-1.36528,-0.01360631,-0.7985677,-0.06877644,0.5978079,12.24506,-163.8585,8.496399
06.12.2023 14:48:22,0.02415548,-0.8173916,0.05362157,0.5730727,-6.623543,-160.1419,-1.2673,-0.01367911,-0.7987987,-0.06815699,0.5975686,12.19437,-163.8157,8.444183
06.12.2023 14:48:22,0.02458247,-0.8175065,0.05288052,0.5729593,-6.582278,-160.118,-1.17691,-0.01299937,-0.7989874,-0.06833515,0.597311,12.16501,-163.7827,8.516785
06.12.2023 14:48:22,0.02512027,-0.8176154,0.05212938,0.5728495,-6.547326,-160.0943,-1.075479,-0.01234529,-0.7992829,-0.06854872,0.5969049,12.14136,-163.7288,8.588196
06.12.2023 14:48:22,0.02563139,-0.8176611,0.05153117,0.5728158,-6.524854,-160.0829,-0.9873565,-0.01272707,-0.7997013,-0.0681735,0.5963793,12.13556,-163.6473,8.522156
06.12.2023 14:48:22,0.02602749,-0.8176697,0.05110955,0.5728234,-6.511335,-160.0793,-0.9221306,-0.01330197,-0.800348,-0.06757283,0.595567,12.12347,-163.5214,8.420074
06.12.2023 14:48:22,0.02625136,-0.81762,0.05043639,0.5729439,-6.46272,-160.0898,-0.8573053,-0.01402414,-0.8011705,-0.06702539,0.5945055,12.1272,-163.3602,8.305969
06.12.2023 14:48:22,0.0263771,-0.8176338,0.04974621,0.5729786,-6.406138,-160.0885,-0.7999079,-0.01393366,-0.8019055,-0.06718046,0.5934984,12.1394,-163.218,8.316101
06.12.2023 14:48:22,0.02661302,-0.8176312,0.0488745,0.5730464,-6.339738,-160.0902,-0.7203603,-0.01396215,-0.8025788,-0.06675494,0.592635,12.10574,-163.0888,8.276245
06.12.2023 14:48:22,0.02698214,-0.8176877,0.04796119,0.5730257,-6.278278,-160.0789,-0.6248494,-0.01427921,-0.8032323,-0.06587153,0.5918404,12.04926,-162.9632,8.178741
06.12.2023 14:48:22,0.02722934,-0.8178129,0.04700801,0.5729144,-6.20509,-160.0551,-0.5375048,-0.01445767,-0.8038082,-0.06457356,0.5911969,11.94427,-162.8547,8.066864
06.12.2023 14:48:22,0.02771499,-0.8178862,0.04630754,0.5728435,-6.171296,-160.0384,-0.4448212,-0.01401356,-0.8040406,-0.06414957,0.5909376,11.87595,-162.8137,8.076416
06.12.2023 14:48:22,0.02824025,-0.8180019,0.0456905,0.5727023,-6.147959,-160.0125,-0.3534265,-0.01361915,-0.804144,-0.06403052,0.5908189,11.83856,-162.7963,8.103668
06.12.2023 14:48:22,0.02883731,-0.8180158,0.04520236,0.5726913,-6.141384,-160.0058,-0.2648098,-0.01321059,-0.8042509,-0.06383879,0.5907035,11.79355,-162.7785,8.127228
06.12.2023 14:48:22,0.02928026,-0.8181246,0.04478484,0.5725462,-6.131329,-159.9812,-0.194369,-0.01336384,-0.8042858,-0.06337274,0.5907028,11.76099,-162.7724,8.080902
06.12.2023 14:48:22,0.02952434,-0.8183562,0.04437948,0.5722343,-6.109338,-159.9338,-0.1422175,-0.01348095,-0.804704,-0.06286364,0.5901846,11.72394,-162.6921,8.030609
06.12.2023 14:48:22,0.02971437,-0.8186151,0.04397754,0.5718849,-6.084078,-159.8814,-0.09512715,-0.01448525,-0.8055716,-0.06246535,0.5890185,11.75964,-162.5184,7.900421
06.12.2023 14:48:22,0.02979607,-0.8190679,0.04369899,0.5712534,-6.063297,-159.7906,-0.06432372,-0.01563315,-0.8063186,-0.06196812,0.5880187,11.79498,-162.3672,7.751465
06.12.2023 14:48:22,0.0298592,-0.8195358,0.04350253,0.5705937,-6.048986,-159.6965,-0.04051452,-0.01667237,-0.8070096,-0.06178001,0.5870612,11.8511,-162.2259,7.634003
06.12.2023 14:48:22,0.02971593,-0.8200708,0.04326399,0.5698501,-6.017159,-159.591,-0.03281909,-0.01647291,-0.8077208,-0.06152322,0.5861149,11.81693,-162.0888,7.626923
06.12.2023 14:48:22,0.02965395,-0.8206792,0.04319069,0.5689824,-6.006227,-159.4691,-0.02746512,-0.01566917,-0.8084823,-0.06148647,0.5850899,11.7627,-161.9447,7.69046
06.12.2023 14:48:22,0.02943122,-0.8213854,0.04312292,0.5679792,-5.985323,-159.3288,-0.03670317,-0.01630512,-0.8092945,-0.06042919,0.5840591,11.71069,-161.7847,7.550629
06.12.2023 14:48:22,0.02923665,-0.8220868,0.04315871,0.5669708,-5.976069,-159.1885,-0.05008111,-0.01619547,-0.8101307,-0.05992031,0.5829542,11.65952,-161.6226,7.517059
06.12.2023 14:48:22,0.02902915,-0.8228827,0.04317397,0.5658246,-5.964085,-159.0291,-0.0623666,-0.01532351,-0.8110406,-0.0598384,0.5817196,11.59732,-161.4489,7.582672
06.12.2023 14:48:22,0.02877794,-0.8236759,0.04316607,0.5646828,-5.947119,-158.8703,-0.07735781,-0.01467315,-0.8118677,-0.05975878,0.5805899,11.55002,-161.2897,7.628784
06.12.2023 14:48:22,0.02860325,-0.8244175,0.04321484,0.5636046,-5.940521,-158.7208,-0.08929528,-0.01370854,-0.812519,-0.06010878,0.5796653,11.52124,-161.1653,7.735077
06.12.2023 14:48:22,0.02868532,-0.8252523,0.04334538,0.5623673,-5.958329,-158.5491,-0.08104111,-0.01108839,-0.8129547,-0.06123001,0.5789927,11.45337,-161.0895,8.050262
06.12.2023 14:48:22,0.02862447,-0.8259436,0.04356199,0.5613379,-5.975056,-158.4075,-0.09341861,-0.009293032,-0.8134319,-0.06173924,0.5782998,11.38391,-161.0021,8.246979
06.12.2023 14:48:22,0.02872722,-0.8266815,0.04374828,0.5602309,-5.999486,-158.2545,-0.08767056,-0.007735494,-0.813875,-0.0618421,0.5776878,11.2923,-160.9209,8.394806
06.12.2023 14:48:22,0.02888743,-0.8273215,0.04391201,0.5592641,-6.025445,-158.1209,-0.07596028,-0.006675777,-0.8141857,-0.06178859,0.5772688,11.2186,-160.8638,8.487152
06.12.2023 14:48:22,0.02901978,-0.8279879,0.04396269,0.5582662,-6.038844,-157.9823,-0.05932798,-0.005852378,-0.8146897,-0.06190288,0.5765539,11.17767,-160.7664,8.566467
06.12.2023 14:48:23,0.0291588,-0.8286842,0.04394592,0.5572262,-6.046218,-157.8376,-0.03737953,-0.005085981,-0.8152288,-0.06190103,0.5757991,11.12997,-160.662,8.632385
06.12.2023 14:48:23,0.02927209,-0.8292947,0.04391406,0.5563138,-6.050463,-157.7105,-0.01783973,-0.005037867,-0.8157086,-0.06192717,0.5751167,11.13226,-160.5663,8.633514
06.12.2023 14:48:23,0.02928265,-0.8299212,0.04387579,0.5553812,-6.047503,-157.5811,-0.007547742,-0.004595,-0.8162434,-0.06244007,0.5743056,11.15454,-160.4593,8.703339
06.12.2023 14:48:23,0.02916949,-0.8304253,0.04383825,0.5546361,-6.036713,-157.478,-0.01050846,-0.004328475,-0.8168979,-0.06290726,0.5733253,11.18509,-160.3276,8.752228
06.12.2023 14:48:23,0.02912181,-0.8308852,0.04382983,0.5539501,-6.032881,-157.3832,-0.009524084,-0.004230351,-0.8173087,-0.06337115,0.5726891,11.22498,-160.244,8.787628
06.12.2023 14:48:23,0.02886229,-0.831341,0.04379753,0.553282,-6.013301,-157.2913,-0.02742169,-0.004679282,-0.8178097,-0.06415445,0.5718825,11.3317,-160.1389,8.791595
06.12.2023 14:48:23,0.0287081,-0.8318328,0.04366624,0.5525607,-5.990983,-157.1912,-0.02856383,-0.00595947,-0.8184091,-0.06492008,0.5709259,11.49216,-160.0104,8.714783
06.12.2023 14:48:23,0.02850218,-0.8321294,0.0436148,0.5521287,-5.973015,-157.1318,-0.04187956,-0.00677721,-0.8190124,-0.06554472,0.5699796,11.6088,-159.8829,8.671875
06.12.2023 14:48:23,0.02822599,-0.8324892,0.04355156,0.5516052,-5.949485,-157.0598,-0.06053676,-0.008603083,-0.8197249,-0.06616914,0.5688574,11.79221,-159.728,8.532227
06.12.2023 14:48:23,0.02779395,-0.8328114,0.04349186,0.5511453,-5.916446,-156.9972,-0.09483867,-0.00936213,-0.8204198,-0.06629368,0.5678283,11.85803,-159.5831,8.460297
06.12.2023 14:48:23,0.02717645,-0.833136,0.04340616,0.5506923,-5.869222,-156.9359,-0.1453491,-0.009615453,-0.8209899,-0.06663186,0.5669597,11.91006,-159.4648,8.451538
06.12.2023 14:48:23,0.02638813,-0.8333405,0.04328214,0.5504307,-5.807539,-156.9011,-0.2111911,-0.008969952,-0.8214412,-0.06737785,0.566228,11.94128,-159.3735,8.555786
06.12.2023 14:48:23,0.02555912,-0.8335185,0.04299661,0.5502227,-5.727847,-156.8728,-0.2710696,-0.008881069,-0.8219156,-0.06768906,0.5655034,11.96793,-159.2763,8.578674
06.12.2023 14:48:23,0.02481779,-0.8336209,0.04284777,0.5501131,-5.666779,-156.8587,-0.3319336,-0.009430416,-0.8224297,-0.06787647,0.5647241,12.02478,-159.168,8.53244
06.12.2023 14:48:23,0.02419023,-0.8335946,0.04263391,0.5501974,-5.606604,-156.8706,-0.3790774,-0.009976457,-0.8230944,-0.06806307,0.5637229,12.08215,-159.0288,8.484467
06.12.2023 14:48:23,0.02337824,-0.8334706,0.04235882,0.5504416,-5.528817,-156.9045,-0.4410542,-0.008982579,-0.8238923,-0.06925288,0.5624276,12.13559,-158.866,8.645935
06.12.2023 14:48:23,0.02271693,-0.833393,0.04223111,0.5505967,-5.474684,-156.9268,-0.4973308,-0.009221002,-0.8245859,-0.06973341,0.5613469,12.20123,-158.7206,8.645538
06.12.2023 14:48:23,0.02197418,-0.833162,0.04192015,0.551,-5.397686,-156.9822,-0.5513418,-0.01046742,-0.8252034,-0.06972629,0.5604178,12.28525,-158.587,8.518555
06.12.2023 14:48:23,0.02109413,-0.8329754,0.04152465,0.5513463,-5.3039,-157.0295,-0.6126713,-0.01132629,-0.8255862,-0.07006453,0.5597947,12.37537,-158.5017,8.453613
06.12.2023 14:48:23,0.0201402,-0.8327339,0.04101746,0.5517845,-5.194637,-157.0889,-0.6744491,-0.01116194,-0.8258508,-0.07069362,0.5593284,12.42633,-158.4453,8.506317
06.12.2023 14:48:23,0.01907903,-0.832538,0.04051476,0.5521549,-5.079006,-157.1393,-0.7462389,-0.01017018,-0.8261278,-0.07153463,0.5588313,12.44418,-158.3901,8.651337
06.12.2023 14:48:23,0.01802014,-0.8321891,0.03979003,0.5527689,-4.94202,-157.2217,-0.8049911,-0.01021665,-0.8265112,-0.07199069,0.5582045,12.49319,-158.3086,8.671143
06.12.2023 14:48:23,0.01702079,-0.8318578,0.03903097,0.5533531,-4.805497,-157.2997,-0.8554884,-0.01057389,-0.8267838,-0.07211544,0.5577778,12.52991,-158.2497,8.641418
06.12.2023 14:48:23,0.01614826,-0.8315474,0.03819717,0.5539036,-4.669887,-157.3723,-0.8887218,-0.01035995,-0.8274873,-0.07268311,0.5566638,12.57492,-158.103,8.688721
06.12.2023 14:48:23,0.01512016,-0.8312092,0.03742805,0.5544924,-4.530462,-157.451,-0.9409769,-0.00927721,-0.8280045,-0.07337155,0.5558228,12.57458,-157.9989,8.829224
06.12.2023 14:48:23,0.01420706,-0.8309457,0.03658393,0.5549675,-4.39129,-157.5134,-0.9766672,-0.008782915,-0.828633,-0.07379041,0.5548381,12.58728,-157.8695,8.894684
06.12.2023 14:48:23,0.01340941,-0.8307437,0.03592702,0.5553328,-4.277416,-157.5614,-1.012616,-0.008317207,-0.8297886,-0.07431976,0.5530446,12.61633,-157.6295,8.957123
06.12.2023 14:48:23,0.01279483,-0.8306121,0.03529471,0.5555845,-4.177678,-157.5936,-1.03202,-0.008457497,-0.8305991,-0.07497961,0.5517352,12.69437,-157.4565,8.974487
06.12.2023 14:48:23,0.01228532,-0.8304623,0.03455104,0.5558667,-4.073992,-157.6292,-1.034369,-0.00838722,-0.8310016,-0.0755312,0.5510547,12.7457,-157.37,9.010681
06.12.2023 14:48:23,0.01193647,-0.8303891,0.03392865,0.5560219,-3.992267,-157.6477,-1.028507,-0.008115339,-0.8315226,-0.07642481,0.5501485,12.81802,-157.2578,9.086151
06.12.2023 14:48:23,0.01163064,-0.8303553,0.03316954,0.5561246,-3.900338,-157.6582,-1.009516,-0.008702263,-0.8318835,-0.07691184,0.549526,12.90482,-157.1763,9.055542
06.12.2023 14:48:23,0.0113624,-0.8303846,0.03264148,0.5561178,-3.832946,-157.6548,-1.001225,-0.0098393,-0.8318744,-0.07736763,0.5494566,13.02081,-157.1687,8.975403
06.12.2023 14:48:23,0.01110578,-0.8304256,0.03201799,0.5560979,-3.757223,-157.6491,-0.9856627,-0.0107252,-0.8320184,-0.07792191,0.5491436,13.13144,-157.1297,8.923309
06.12.2023 14:48:23,0.01081904,-0.8304988,0.03138809,0.5560302,-3.679024,-157.6369,-0.9723575,-0.01222382,-0.8319191,-0.07841771,0.549192,13.27362,-157.1375,8.812195
06.12.2023 14:48:23,0.01048643,-0.8306149,0.03060398,0.5559068,-3.583276,-157.6163,-0.9533358,-0.01260224,-0.8317736,-0.07937226,0.5492668,13.38843,-157.1596,8.838531
06.12.2023 14:48:23,0.01023832,-0.8307468,0.02975122,0.5557606,-3.486398,-157.5922,-0.9218138,-0.01208957,-0.831899,-0.08116,0.5488269,13.52866,-157.1262,8.999176
06.12.2023 14:48:23,0.01008526,-0.8309123,0.02901053,0.5555551,-3.406307,-157.5605,-0.8881974,-0.01148239,-0.8318372,-0.08241999,0.5487459,13.61081,-157.1357,9.138397
06.12.2023 14:48:23,0.009857859,-0.8309745,0.02824613,0.5555056,-3.319042,-157.5503,-0.8608273,-0.01116877,-0.8319924,-0.0829768,0.548433,13.64563,-157.1019,9.201385
06.12.2023 14:48:23,0.009706031,-0.8310623,0.02763553,0.5554075,-3.251292,-157.5341,-0.8359068,-0.01218644,-0.8321702,-0.08262214,0.5481952,13.67749,-157.0596,9.078186
06.12.2023 14:48:23,0.00933894,-0.8311297,0.02708268,0.5553402,-3.175297,-157.5229,-0.8353355,-0.01294967,-0.8325124,-0.0824843,0.5476786,13.71518,-156.983,8.99054
06.12.2023 14:48:23,0.008984454,-0.8311727,0.02660665,0.5553047,-3.107394,-157.5163,-0.8386026,-0.01407151,-0.8331499,-0.08168399,0.5468007,13.71378,-156.8455,8.821686
06.12.2023 14:48:23,0.008646823,-0.8311608,0.02625102,0.5553449,-3.051961,-157.5208,-0.8482343,-0.01415118,-0.8336722,-0.08179995,0.5459847,13.73364,-156.7341,8.812927
06.12.2023 14:48:23,0.008295438,-0.8311936,0.02594479,0.5553156,-3.00043,-157.5159,-0.8620751,-0.01358241,-0.8342781,-0.08203492,0.5450374,13.72464,-156.6091,8.872864
06.12.2023 14:48:23,0.00799174,-0.8311501,0.02584322,0.5553899,-2.97133,-157.5261,-0.884809,-0.01283635,-0.8347497,-0.0823165,0.5442905,13.7081,-156.5132,8.954987
06.12.2023 14:48:23,0.00767512,-0.8311557,0.0259351,0.5553817,-2.959924,-157.5258,-0.9208264,-0.01198056,-0.8350387,-0.08229528,0.5438697,13.65424,-156.4585,9.031677
06.12.2023 14:48:23,0.007384328,-0.8311567,0.0259585,0.5553828,-2.94363,-157.5265,-0.9500433,-0.01170802,-0.8351773,-0.08195321,0.5437145,13.60504,-156.4333,9.034302
06.12.2023 14:48:23,0.006984151,-0.8311451,0.02593208,0.5554066,-2.915593,-157.5302,-0.9865848,-0.01153191,-0.8353035,-0.08148628,0.5435945,13.5498,-156.4107,9.02002
06.12.2023 14:48:23,0.006749984,-0.8311579,0.02594087,0.5553901,-2.901533,-157.5282,-1.009408,-0.01170928,-0.8354744,-0.08109239,0.543387,13.52417,-156.3758,8.975464
06.12.2023 14:48:23,0.006525809,-0.8311822,0.02603414,0.555352,-2.896187,-157.5237,-1.036598,-0.01187506,-0.8356204,-0.08086582,0.5431927,13.51376,-156.3451,8.942932
06.12.2023 14:48:23,0.006318024,-0.8312635,0.0262894,0.5552208,-2.90744,-157.507,-1.072241,-0.01244469,-0.8358005,-0.08074309,0.542921,13.53903,-156.3036,8.87738
06.12.2023 14:48:23,0.006277441,-0.831338,0.02668189,0.5550907,-2.942425,-157.4909,-1.100703,-0.01281298,-0.8359327,-0.08046342,0.5427504,13.5361,-156.2747,8.822174
06.12.2023 14:48:23,0.006179622,-0.8314385,0.02716762,0.5549178,-2.98272,-157.4695,-1.14041,-0.0135972,-0.8361453,-0.07975411,0.5425084,13.51831,-156.2282,8.698578
06.12.2023 14:48:23,0.006284676,-0.8315538,0.02752811,0.5547261,-3.024029,-157.4446,-1.152699,-0.01372188,-0.8362598,-0.07937567,0.5423844,13.49033,-156.2054,8.661041
06.12.2023 14:48:23,0.006181652,-0.8316168,0.02792956,0.5546128,-3.0559,-157.4311,-1.187719,-0.0134703,-0.8363123,-0.07903364,0.5423597,13.44183,-156.1983,8.663177
06.12.2023 14:48:23,0.006169792,-0.8317485,0.02811164,0.554406,-3.0728,-157.4034,-1.199701,-0.01322474,-0.8363795,-0.07897028,0.5422713,13.42075,-156.1863,8.681915
06.12.2023 14:48:23,0.006121003,-0.8318331,0.02824727,0.5542729,-3.082822,-157.3858,-1.21251,-0.01270917,-0.8364389,-0.07902964,0.5421835,13.3945,-156.1772,8.734558
06.12.2023 14:48:23,0.006022464,-0.8319758,0.02820585,0.5540619,-3.072916,-157.3567,-1.21849,-0.01298017,-0.8365443,-0.07842822,0.5421017,13.3541,-156.1566,8.669098
06.12.2023 14:48:23,0.005910195,-0.8321107,0.02820589,0.5538604,-3.066082,-157.3291,-1.228462,-0.01282411,-0.836596,-0.07804362,0.5420811,13.3075,-156.1491,8.659363
06.12.2023 14:48:23,0.005729058,-0.8322167,0.02809832,0.5537085,-3.044539,-157.3079,-1.23834,-0.01225948,-0.8365682,-0.07801224,0.5421416,13.26883,-156.1593,8.712433
06.12.2023 14:48:23,0.005565806,-0.8323728,0.02801125,0.55348,-3.026207,-157.2762,-1.247545,-0.01210743,-0.8368384,-0.07785567,0.5417503,13.246,-156.104,8.713196
06.12.2023 14:48:23,0.005377506,-0.8324957,0.02802965,0.5532959,-3.016287,-157.2512,-1.266024,-0.01228638,-0.8372379,-0.07734901,0.5412014,13.21094,-156.021,8.658173
06.12.2023 14:48:23,0.00532619,-0.8325941,0.0279109,0.5531543,-3.001914,-157.2312,-1.262856,-0.01239163,-0.8375154,-0.07696848,0.5408237,13.18259,-155.9635,8.620026
06.12.2023 14:48:23,0.005257073,-0.8327071,0.02781386,0.5529897,-2.988516,-157.2082,-1.26269,-0.01238223,-0.837743,-0.0765776,0.5405267,13.14569,-155.9176,8.593109
06.12.2023 14:48:23,0.005311452,-0.8328372,0.0277467,0.5527967,-2.985847,-157.1812,-1.252533,-0.01225801,-0.8380057,-0.07641018,0.5401461,13.12344,-155.8636,8.590729
06.12.2023 14:48:23,0.005402579,-0.8329712,0.02772623,0.552595,-2.989972,-157.1532,-1.241803,-0.01211631,-0.8383045,-0.076123,0.539726,13.08878,-155.8027,8.582092
06.12.2023 14:48:23,0.005543515,-0.8331307,0.02766203,0.5523562,-2.993127,-157.1198,-1.223402,-0.01183475,-0.838658,-0.07586062,0.5392197,13.04816,-155.7309,8.587738
06.12.2023 14:48:23,0.005708084,-0.8333016,0.02754171,0.5521027,-2.992429,-157.0841,-1.199124,-0.01171738,-0.8388234,-0.07545094,0.5390224,13.00226,-155.6989,8.571167
06.12.2023 14:48:23,0.005943159,-0.8334164,0.02739079,0.5519344,-2.993137,-157.0599,-1.166471,-0.0117986,-0.8387078,-0.07516801,0.5392401,12.97913,-155.7248,8.547455
06.12.2023 14:48:23,0.006332034,-0.8335665,0.02728727,0.5517086,-3.008172,-157.0278,-1.121916,-0.0117731,-0.8385184,-0.0748531,0.5395787,12.9458,-155.7673,8.533142
06.12.2023 14:48:23,0.006784561,-0.8337667,0.02719446,0.5514052,-3.028332,-156.985,-1.071664,-0.01213571,-0.8384314,-0.07441955,0.5397661,12.9259,-155.7859,8.472351
06.12.2023 14:48:23,0.007280016,-0.8339039,0.02719357,0.5511913,-3.059846,-156.9549,-1.023444,-0.01242087,-0.8384145,-0.07426292,0.5398073,12.92844,-155.7885,8.435242
06.12.2023 14:48:23,0.007713635,-0.8340461,0.02729663,0.5509651,-3.097382,-156.9236,-0.9876623,-0.01194103,-0.8385269,-0.07456689,0.5396016,12.92862,-155.766,8.498962
06.12.2023 14:48:23,0.008140951,-0.8342823,0.02730563,0.5506007,-3.125662,-156.873,-0.9459878,-0.01137795,-0.8386818,-0.07495352,0.5393194,12.93195,-155.7345,8.575256
06.12.2023 14:48:23,0.008326727,-0.8345375,0.02740565,0.5502061,-3.147403,-156.8189,-0.9330536,-0.01136877,-0.8389409,-0.07492857,0.5389199,12.93069,-155.6795,8.57077
06.12.2023 14:48:23,0.008379812,-0.8346764,0.0273797,0.5499959,-3.148504,-156.7899,-0.925537,-0.01175691,-0.8393674,-0.07468565,0.5382808,12.93411,-155.5872,8.511749
06.12.2023 14:48:23,0.008470534,-0.8349234,0.02732611,0.5496221,-3.149508,-156.7381,-0.9120507,-0.01187195,-0.8396406,-0.07457705,0.5378672,12.93253,-155.5287,8.489807
06.12.2023 14:48:23,0.008575744,-0.8351535,0.02720733,0.5492768,-3.145141,-156.69,-0.8931666,-0.01199459,-0.8398553,-0.0746064,0.5375251,12.9444,-155.4817,8.476563
06.12.2023 14:48:23,0.008643611,-0.8354027,0.02724614,0.5488946,-3.15354,-156.6376,-0.8876726,-0.01228858,-0.840255,-0.07455095,0.5369012,12.95984,-155.3944,8.43866
06.12.2023 14:48:23,0.008752264,-0.8356621,0.02725285,0.5484976,-3.161439,-156.583,-0.8761807,-0.01230171,-0.8406107,-0.07451525,0.5363486,12.95947,-155.3182,8.429871
06.12.2023 14:48:23,0.008911543,-0.8358923,0.02726606,0.5481436,-3.173091,-156.5342,-0.8604012,-0.01230377,-0.8409188,-0.074677,0.5358428,12.97726,-155.2511,8.435059
06.12.2023 14:48:23,0.008970917,-0.8360949,0.02725743,0.5478339,-3.176313,-156.4916,-0.8529868,-0.01234058,-0.8412505,-0.07471415,0.5353159,12.98529,-155.1793,8.428802
06.12.2023 14:48:23,0.009017251,-0.8363499,0.02722627,0.5474452,-3.176631,-156.4381,-0.8451025,-0.01216167,-0.8416213,-0.07503853,0.5346915,13.00812,-155.0988,8.460632
06.12.2023 14:48:23,0.008974222,-0.8367006,0.02711681,0.5469152,-3.163967,-156.3651,-0.840334,-0.01197772,-0.8419446,-0.07509089,0.534179,13.00394,-155.0302,8.476868
06.12.2023 14:48:23,0.008892085,-0.837015,0.02701041,0.5464405,-3.149085,-156.2997,-0.8397384,-0.01222517,-0.8422621,-0.07508958,0.5336728,13.02115,-154.96,8.447937
06.12.2023 14:48:23,0.008720405,-0.8374006,0.02677293,0.5458639,-3.116115,-156.2199,-0.8391534,-0.01261989,-0.8426296,-0.07480809,0.5331229,13.02048,-154.8797,8.386658
06.12.2023 14:48:23,0.008531643,-0.8378443,0.02654904,0.5451967,-3.083473,-156.1278,-0.8407754,-0.01265006,-0.8430192,-0.07460515,0.5325342,13.00504,-154.7967,8.365387
06.12.2023 14:48:23,0.008331567,-0.8383865,0.0264914,0.5443683,-3.066269,-156.0146,-0.8533568,-0.01224449,-0.8432695,-0.07446889,0.5321664,12.96841,-154.7464,8.392761
06.12.2023 14:48:23,0.00810946,-0.8390167,0.02641075,0.5434038,-3.045648,-155.8827,-0.8661627,-0.01138964,-0.8436093,-0.07468271,0.5316166,12.93884,-154.6776,8.484039
06.12.2023 14:48:23,0.008064878,-0.839622,0.0265002,0.5424644,-3.05245,-155.7548,-0.8726217,-0.01067015,-0.8438733,-0.07510754,0.5311525,12.93777,-154.6227,8.576233
06.12.2023 14:48:23,0.008030715,-0.8403138,0.02652552,0.5413915,-3.053881,-155.6085,-0.8735875,-0.01061712,-0.8442795,-0.07502038,0.5305198,12.92874,-154.5355,8.569946
06.12.2023 14:48:24,0.007988028,-0.840906,0.02635629,0.5404801,-3.035866,-155.4835,-0.8638756,-0.01066143,-0.8446937,-0.07521778,0.5298312,12.95349,-154.4441,8.571472
06.12.2023 14:48:24,0.007922578,-0.841545,0.02632189,0.5394871,-3.029515,-155.3481,-0.8644723,-0.01056569,-0.8452135,-0.07537776,0.5289808,12.96677,-154.3307,8.582703
06.12.2023 14:48:24,0.007904245,-0.8422902,0.02618497,0.53833,-3.016347,-155.1899,-0.8536018,-0.01078828,-0.8457503,-0.07560542,0.5280851,13.00623,-154.2108,8.566681
06.12.2023 14:48:24,0.007909418,-0.8430307,0.02616161,0.5371706,-3.015579,-155.0321,-0.8475048,-0.01140692,-0.8462641,-0.07540236,0.5272774,13.02759,-154.0958,8.486023
06.12.2023 14:48:24,0.007871808,-0.8439013,0.02630688,0.5357953,-3.0287,-154.8458,-0.8551708,-0.01199117,-0.8467236,-0.07471431,0.5266244,12.99893,-153.9959,8.380127
06.12.2023 14:48:24,0.007869969,-0.8446642,0.02638912,0.5345879,-3.037771,-154.6821,-0.8560671,-0.01195765,-0.8468762,-0.07470281,0.5263813,12.99673,-153.9629,8.380371
06.12.2023 14:48:24,0.007850193,-0.8454534,0.0265705,0.5333301,-3.055412,-154.5123,-0.8645804,-0.01147874,-0.8469896,-0.07510865,0.5261518,13.00803,-153.9389,8.450104
06.12.2023 14:48:24,0.007943729,-0.8461387,0.02685756,0.5322264,-3.090094,-154.3637,-0.8690767,-0.01057564,-0.8467987,-0.07599865,0.52635,13.03882,-153.9809,8.595337
06.12.2023 14:48:24,0.007987861,-0.8469152,0.02729099,0.5309672,-3.136155,-154.195,-0.8866496,-0.01040711,-0.8468452,-0.076195,0.5262502,13.0481,-153.9706,8.623016
06.12.2023 14:48:24,0.007945373,-0.847584,0.02777429,0.5298743,-3.181677,-154.0493,-0.91618,-0.01124065,-0.8469966,-0.07634424,0.5259677,13.11447,-153.9306,8.548157
06.12.2023 14:48:24,0.007868962,-0.8483433,0.02824173,0.5286343,-3.223842,-153.8838,-0.9473769,-0.01228787,-0.8473316,-0.07615627,0.5254318,13.16199,-153.851,8.429016
06.12.2023 14:48:24,0.007749325,-0.8490326,0.02870907,0.5275031,-3.263352,-153.7333,-0.9830837,-0.01266135,-0.8477025,-0.07627644,0.5248068,13.19885,-153.766,8.39389
06.12.2023 14:48:24,0.007611105,-0.8498216,0.029323,0.526199,-3.31633,-153.5603,-1.028708,-0.01244845,-0.8481638,-0.07658876,0.5240205,13.21951,-153.6642,8.426361
06.12.2023 14:48:24,0.007498338,-0.850513,0.02978005,0.5250567,-3.355482,-153.4086,-1.062861,-0.0122863,-0.8485916,-0.07663298,0.5233247,13.21683,-153.5711,8.438171
06.12.2023 14:48:24,0.007403975,-0.8511651,0.030405,0.5239644,-3.412158,-153.2646,-1.105445,-0.01212262,-0.8490042,-0.07663321,0.5226589,13.20966,-153.4816,8.447723
06.12.2023 14:48:24,0.007252375,-0.8519032,0.03103116,0.522729,-3.465823,-153.1016,-1.15298,-0.01171644,-0.849344,-0.07628898,0.5221663,13.15359,-153.4122,8.461548
06.12.2023 14:48:24,0.007004284,-0.852502,0.03143954,0.5217307,-3.492234,-152.9697,-1.197708,-0.01147169,-0.8495841,-0.07608045,0.5218113,13.11993,-153.3625,8.469299
06.12.2023 14:48:24,0.0066934,-0.8531982,0.03192361,0.5205659,-3.522647,-152.8161,-1.252379,-0.0113782,-0.8498694,-0.07581578,0.5213871,13.09021,-153.3021,8.45813
06.12.2023 14:48:24,0.006298711,-0.8538136,0.03233159,0.5195357,-3.54056,-152.6806,-1.311194,-0.01156641,-0.8502208,-0.07566069,0.5208323,13.08862,-153.2242,8.424866
06.12.2023 14:48:24,0.005798156,-0.8545421,0.03255915,0.5183281,-3.53493,-152.5206,-1.368844,-0.01203592,-0.8505003,-0.07560179,0.5203737,13.11295,-153.1594,8.370819
06.12.2023 14:48:24,0.005410276,-0.8552246,0.0328036,0.5171901,-3.537693,-152.37,-1.416754,-0.01286945,-0.8508148,-0.07553807,0.5198486,13.15884,-153.0839,8.28006
06.12.2023 14:48:24,0.005200705,-0.85588,0.03305604,0.5160908,-3.551867,-152.2244,-1.44779,-0.01407391,-0.8514017,-0.07528206,0.5188926,13.20969,-152.9462,8.136932
06.12.2023 14:48:24,0.00503844,-0.856515,0.03322919,0.5150267,-3.561074,-152.0831,-1.469589,-0.01453159,-0.8521238,-0.07504417,0.5177279,13.21805,-152.7838,8.066132
06.12.2023 14:48:24,0.005341296,-0.8571135,0.03335061,0.5140193,-3.592597,-151.9483,-1.442802,-0.0134516,-0.8527701,-0.07521992,0.5166665,13.17462,-152.6475,8.172791
06.12.2023 14:48:24,0.005779092,-0.857613,0.03341254,0.5131765,-3.625888,-151.835,-1.399847,-0.0119603,-0.8533089,-0.07516214,0.5158212,13.08325,-152.5393,8.307922
06.12.2023 14:48:24,0.006497103,-0.8580588,0.03347543,0.5124181,-3.675537,-151.7325,-1.329655,-0.01034163,-0.8536375,-0.07485083,0.5153576,12.95819,-152.48,8.44397
06.12.2023 14:48:24,0.007128046,-0.8584195,0.03333071,0.5118147,-3.69929,-151.6498,-1.256383,-0.009974489,-0.8539352,-0.07359222,0.515053,12.81418,-152.4251,8.40097
06.12.2023 14:48:24,0.007707778,-0.8586329,0.03328262,0.5114513,-3.729115,-151.5998,-1.19486,-0.009775375,-0.8541898,-0.07272084,0.5147582,12.71808,-152.3757,8.365143
06.12.2023 14:48:24,0.008336089,-0.858898,0.03312081,0.5110067,-3.750647,-151.5383,-1.121472,-0.009383835,-0.8542251,-0.07267823,0.5147129,12.6908,-152.3707,8.400696
06.12.2023 14:48:24,0.008862998,-0.859044,0.03304524,0.5107572,-3.774414,-151.5035,-1.06399,-0.009510263,-0.854156,-0.07282957,0.5148038,12.7128,-152.3843,8.398224
06.12.2023 14:48:24,0.009342681,-0.8591471,0.03301901,0.5105769,-3.80016,-151.4783,-1.014356,-0.009452092,-0.8542873,-0.07256003,0.5146251,12.68362,-152.3572,8.386047
06.12.2023 14:48:24,0.009846229,-0.8591416,0.0329677,0.5105801,-3.824607,-151.4774,-0.9617018,-0.01030851,-0.8541378,-0.07232783,0.5148894,12.71069,-152.3864,8.29007
06.12.2023 14:48:24,0.01047353,-0.8589769,0.03298852,0.510843,-3.86314,-151.5113,-0.9022543,-0.0107097,-0.8539943,-0.07192266,0.5151759,12.69373,-152.4185,8.228638
06.12.2023 14:48:24,0.0112415,-0.8588675,0.03288374,0.5110176,-3.897673,-151.5324,-0.8211668,-0.01107831,-0.8537496,-0.07129755,0.5156603,12.65256,-152.4748,8.158905
06.12.2023 14:48:24,0.01193738,-0.8585805,0.0328356,0.5114868,-3.933329,-151.5933,-0.7518831,-0.01109729,-0.8535773,-0.07104053,0.5159805,12.62732,-152.5149,8.144348
06.12.2023 14:48:24,0.01287127,-0.8582717,0.03263424,0.5119952,-3.967932,-151.6582,-0.6503362,-0.01118178,-0.8534231,-0.07061017,0.5162928,12.58905,-152.5516,8.112762
06.12.2023 14:48:24,0.01370042,-0.8578796,0.03239246,0.5126457,-3.992426,-151.7422,-0.557422,-0.01126093,-0.8533822,-0.0704115,0.5163857,12.57394,-152.5615,8.09375
06.12.2023 14:48:24,0.01447804,-0.8573887,0.03223089,0.5134553,-4.021825,-151.848,-0.4751048,-0.01089712,-0.8534243,-0.07031574,0.5163371,12.54306,-152.5553,8.123322
06.12.2023 14:48:24,0.01513461,-0.8569223,0.03205058,0.5142255,-4.042414,-151.9488,-0.4034576,-0.01019448,-0.8533881,-0.07069714,0.5163592,12.53848,-152.5656,8.215729
06.12.2023 14:48:24,0.01555099,-0.8564425,0.03191528,0.5150203,-4.053353,-152.0537,-0.3582509,-0.009929065,-0.8534549,-0.07114214,0.5161927,12.56689,-152.5495,8.267303
06.12.2023 14:48:24,0.01558653,-0.8559819,0.03159552,0.5158039,-4.023727,-152.1572,-0.3394913,-0.009926395,-0.8537037,-0.07137006,0.5157498,12.59079,-152.4925,8.277435
06.12.2023 14:48:24,0.01547334,-0.8555202,0.03125877,0.5165932,-3.983653,-152.2617,-0.3343066,-0.0100855,-0.8538737,-0.07175665,0.5154115,12.63943,-152.4509,8.282166
06.12.2023 14:48:24,0.0152386,-0.855101,0.03081776,0.5173204,-3.926175,-152.3578,-0.3344907,-0.01042203,-0.8539029,-0.07205974,0.5153141,12.68954,-152.4399,8.26651
06.12.2023 14:48:24,0.0150199,-0.8546786,0.03027141,0.5180566,-3.859323,-152.4546,-0.3267697,-0.01089471,-0.8537954,-0.07273602,0.5153875,12.78369,-152.4559,8.261597
06.12.2023 14:48:24,0.01480583,-0.8542535,0.02942226,0.5188121,-3.763085,-152.5528,-0.3004999,-0.01115318,-0.8537031,-0.07354149,0.5154206,12.8779,-152.469,8.285278
06.12.2023 14:48:24,0.01464595,-0.8539393,0.02858034,0.5193807,-3.670896,-152.626,-0.2683892,-0.0112543,-0.8536069,-0.07457668,0.5154288,12.98535,-152.4823,8.338165
06.12.2023 14:48:24,0.01438102,-0.853646,0.02766518,0.5199195,-3.565324,-152.6952,-0.2419552,-0.01194642,-0.853568,-0.07564103,0.5153226,13.13129,-152.4781,8.333588
06.12.2023 14:48:24,0.01410674,-0.8533539,0.02675636,0.5204538,-3.459851,-152.7639,-0.2166768,-0.01297767,-0.8536035,-0.07642572,0.515123,13.27039,-152.4564,8.27774
06.12.2023 14:48:24,0.0138503,-0.8531081,0.02589124,0.5209073,-3.359773,-152.8221,-0.191827,-0.01344628,-0.8537875,-0.07750267,0.514645,13.40573,-152.4034,8.292267
06.12.2023 14:48:24,0.01356598,-0.8528942,0.02514864,0.5213012,-3.270051,-152.8728,-0.1767214,-0.01352832,-0.8540431,-0.07871436,0.5140345,13.53183,-152.3362,8.351593
06.12.2023 14:48:24,0.01333124,-0.8527198,0.02464476,0.5216165,-3.206671,-152.9138,-0.1707,-0.01365181,-0.8542237,-0.07914705,0.5136645,13.5831,-152.2913,8.361938
06.12.2023 14:48:24,0.01344581,-0.8524928,0.02435822,0.5219981,-3.185441,-152.9639,-0.1437468,-0.01381336,-0.854265,-0.07932869,0.5135635,13.6109,-152.2793,8.356018
06.12.2023 14:48:24,0.01360358,-0.8523355,0.02413335,0.5222612,-3.172867,-152.9983,-0.115812,-0.01370247,-0.8540657,-0.07896919,0.5139531,13.5675,-152.3277,8.349091
06.12.2023 14:48:24,0.01376195,-0.8521737,0.02381321,0.5225358,-3.151034,-153.0338,-0.08213577,-0.01328921,-0.8538255,-0.07889041,0.5143752,13.53357,-152.3855,8.389282
06.12.2023 14:48:24,0.01399429,-0.8520101,0.02369073,0.5228018,-3.152972,-153.0688,-0.05305387,-0.01255857,-0.853309,-0.07855789,0.5153006,13.45377,-152.5094,8.450317
06.12.2023 14:48:24,0.01414758,-0.8518123,0.02353391,0.5231271,-3.146829,-153.1118,-0.02985559,-0.01288965,-0.8529517,-0.07804917,0.5159609,13.42099,-152.5904,8.393341
06.12.2023 14:48:24,0.01428721,-0.8516404,0.02331442,0.5234128,-3.133763,-153.1494,-0.004074538,-0.01350153,-0.8525988,-0.07787009,0.5165552,13.43762,-152.6655,8.328125
06.12.2023 14:48:24,0.01448068,-0.8515141,0.02332821,0.5236124,-3.146725,-153.1759,5.013275,-0.01391104,-0.8522962,-0.07786138,0.5170448,13.45932,-152.7296,8.292175
06.12.2023 14:48:24,0.01458748,-0.8513736,0.02334544,0.5238371,-3.154827,-153.2061,5.02182,-0.01425229,-0.8520954,-0.07811072,0.5173288,13.50302,-152.7697,8.276672
06.12.2023 14:48:24,0.01475921,-0.8511776,0.02356525,0.5241408,-3.186614,-153.2474,5.024231,-0.01464158,-0.8520043,-0.07811963,0.5174665,13.52667,-152.7866,8.240326
06.12.2023 14:48:24,0.01478167,-0.8510785,0.02378412,0.524291,-3.209331,-153.2684,5.012695,-0.01502951,-0.8521742,-0.07779604,0.5172244,13.51907,-152.748,8.179962
06.12.2023 14:48:24,0.0147758,-0.8509822,0.02407217,0.5244344,-3.237091,-153.2887,-0.005776565,-0.01495771,-0.8524118,-0.0775649,0.5168696,13.49347,-152.6974,8.169373
06.12.2023 14:48:24,0.01471314,-0.8508739,0.02445914,0.5245941,-3.271082,-153.3116,-0.03582123,-0.01439698,-0.8526725,-0.07726742,0.5165,13.43225,-152.6463,8.202759
06.12.2023 14:48:24,0.01454732,-0.8507943,0.02482924,0.5247104,-3.29721,-153.3289,-0.07476697,-0.0139243,-0.8528287,-0.07716769,0.5162699,13.39514,-152.6161,8.240906
06.12.2023 14:48:24,0.01443371,-0.8507318,0.02518402,0.5247978,-3.324978,-153.3422,-0.1075882,-0.01341348,-0.8528505,-0.07699137,0.5162736,13.34738,-152.6167,8.280487
06.12.2023 14:48:24,0.01442312,-0.8507168,0.02544408,0.5248099,-3.349712,-153.3448,-0.1243506,-0.01321669,-0.8526291,-0.07705494,0.5166348,13.34045,-152.6672,8.307281
06.12.2023 14:48:24,0.01432122,-0.850634,0.02550761,0.5249439,-3.349755,-153.3633,-0.1386576,-0.01368062,-0.8525336,-0.07702249,0.5167851,13.36441,-152.685,8.261139
06.12.2023 14:48:24,0.01438012,-0.8505692,0.0256047,0.5250425,-3.362756,-153.3768,-0.1391552,-0.01437032,-0.8524742,-0.07678634,0.5168996,13.38202,-152.6943,8.180023
06.12.2023 14:48:24,0.01433556,-0.8505711,0.02558476,0.5250417,-3.358128,-153.3767,-0.1422981,-0.01492427,-0.8524247,-0.07673338,0.5169732,13.40967,-152.7011,8.123047
06.12.2023 14:48:24,0.01440257,-0.850586,0.02570659,0.5250098,-3.374053,-153.3727,-0.1429813,-0.01521416,-0.8524798,-0.07670493,0.5168783,13.42453,-152.6866,8.091858
06.12.2023 14:48:24,0.0143334,-0.8506038,0.02590462,0.524973,-3.389212,-153.3686,-0.161534,-0.01511535,-0.8524803,-0.07652549,0.5169069,13.40094,-152.6887,8.090912
06.12.2023 14:48:24,0.01430042,-0.8506294,0.02619723,0.524918,-3.415784,-153.3624,-0.1821847,-0.01492329,-0.8524551,-0.07596193,0.5170372,13.3338,-152.7001,8.076782
06.12.2023 14:48:24,0.01413141,-0.8506675,0.02647229,0.524847,-3.432459,-153.3542,-0.214989,-0.01467432,-0.8524712,-0.07529653,0.5171152,13.25348,-152.7036,8.061523
06.12.2023 14:48:24,0.01419405,-0.8507067,0.02667862,0.5247714,-3.45638,-153.3447,-0.2210149,-0.01443969,-0.8524771,-0.07475482,0.5171906,13.18616,-152.7081,8.052368
06.12.2023 14:48:24,0.01408334,-0.8506964,0.02694367,0.5247775,-3.475573,-153.3467,-0.2478353,-0.01389954,-0.8524173,-0.07433709,0.517364,13.11237,-152.7289,8.081726
06.12.2023 14:48:24,0.01408639,-0.8507333,0.02703908,0.5247127,-3.485085,-153.3383,-0.2530277,-0.01373611,-0.852391,-0.07390657,0.5174735,13.06003,-152.7391,8.072632
06.12.2023 14:48:24,0.01405916,-0.8506557,0.02708743,0.5248367,-3.488126,-153.3553,-0.2591106,-0.01383117,-0.8523823,-0.07330666,0.5175706,13.00662,-152.7446,8.02771
06.12.2023 14:48:24,0.01407927,-0.8506042,0.0271854,0.5249144,-3.49887,-153.3661,-0.263379,-0.01377962,-0.8523483,-0.07275771,0.5177054,12.94934,-152.7565,8.000641
06.12.2023 14:48:24,0.01412236,-0.8505608,0.02729247,0.5249782,-3.511891,-153.3751,-0.2658974,-0.0131388,-0.8520626,-0.07239695,0.5182427,12.87381,-152.8275,8.046661
06.12.2023 14:48:24,0.01411236,-0.850445,0.02748708,0.525156,-3.530214,-153.3999,-0.2793578,-0.01253231,-0.851773,-0.07212094,0.5187719,12.80859,-152.8982,8.09433
06.12.2023 14:48:24,0.01410958,-0.8503584,0.02772427,0.5252837,-3.553136,-153.4181,-0.2944842,-0.01256659,-0.8515826,-0.07182384,0.5191249,12.7803,-152.9422,8.07608
06.12.2023 14:48:24,0.01400223,-0.8502428,0.02796154,0.5254611,-3.569742,-153.4432,-0.3200356,-0.01311791,-0.851495,-0.07130613,0.5193262,12.76199,-152.961,7.992249
06.12.2023 14:48:24,0.01405806,-0.850152,0.02830017,0.5255884,-3.606079,-153.4617,-0.3355893,-0.01360201,-0.8515309,-0.07101578,0.5192946,12.76273,-152.9513,7.926727
06.12.2023 14:48:24,0.013939,-0.8500327,0.0285065,0.5257731,-3.618939,-153.4877,-0.3604639,-0.01370352,-0.8515518,-0.07108791,0.5192478,12.77603,-152.9454,7.920746
06.12.2023 14:48:24,0.01390865,-0.8499093,0.02868815,0.5259637,-3.634734,-153.5142,-0.3752239,-0.01338844,-0.8516088,-0.07156776,0.5190967,12.8046,-152.9319,7.979523
06.12.2023 14:48:24,0.0138023,-0.8498383,0.02887405,0.5260711,-3.646388,-153.5297,-0.3973032,-0.01302416,-0.8515876,-0.07198457,0.519083,12.82361,-152.9365,8.040588
06.12.2023 14:48:24,0.01377088,-0.849721,0.02912857,0.5262474,-3.669214,-153.5547,-0.4165302,-0.01309693,-0.8515694,-0.07235856,0.519059,12.86462,-152.9374,8.05603
06.12.2023 14:48:24,0.013673,-0.849687,0.02938612,0.5262902,-3.688381,-153.5618,-0.441852,-0.01405986,-0.8515733,-0.07243559,0.5190168,12.92999,-152.9286,7.965759
06.12.2023 14:48:24,0.01355514,-0.8496191,0.02965979,0.5263877,-3.70788,-153.5764,-0.4703387,-0.01472609,-0.8515248,-0.07232291,0.5190936,12.95862,-152.9348,7.894196
06.12.2023 14:48:24,0.01327509,-0.8495901,0.03000303,0.5264222,-3.724394,-153.5831,-0.5185835,-0.01519643,-0.8515317,-0.07228799,0.5190735,12.98346,-152.9296,7.845703
06.12.2023 14:48:25,0.01313779,-0.8495005,0.03050507,0.5265412,-3.76494,-153.6018,-0.5629076,-0.01479732,-0.8516521,-0.07247052,0.5188619,12.97812,-152.9049,7.894012
06.12.2023 14:48:25,0.01310709,-0.849417,0.03081528,0.5266588,-3.793228,-153.6192,-0.5852228,-0.01438201,-0.8517865,-0.07261829,0.5186325,12.96851,-152.8774,7.94165
06.12.2023 14:48:25,0.01311886,-0.8493812,0.03090637,0.5267108,-3.802778,-153.6266,-0.5898296,-0.01395055,-0.8520489,-0.0724403,0.5182378,12.92664,-152.8239,7.969513
06.12.2023 14:48:25,0.01318134,-0.8493946,0.03103461,0.5266801,-3.819068,-153.623,-0.5913725,-0.0140718,-0.8523378,-0.0720282,0.5178169,12.89499,-152.7616,7.928589
06.12.2023 14:48:25,0.01337958,-0.8493764,0.03110526,0.5267002,-3.837917,-153.6256,-0.5764199,-0.01404493,-0.8526847,-0.07147191,0.5173234,12.84061,-152.6886,7.892853
06.12.2023 14:48:25,0.01341147,-0.8493998,0.03122363,0.5266547,-3.851407,-153.62,-0.5802791,-0.01376269,-0.8528485,-0.07145324,0.5170633,12.82281,-152.6545,7.917053
06.12.2023 14:48:25,0.01335889,-0.8494628,0.0314712,0.5265397,-3.872429,-153.6057,-0.5998875,-0.01350503,-0.8529424,-0.0712928,0.5169374,12.79214,-152.6367,7.931488
06.12.2023 14:48:25,0.01311324,-0.8495443,0.03169553,0.5264009,-3.879548,-153.5885,-0.6368,-0.0133993,-0.8530818,-0.07113965,0.5167312,12.77155,-152.6076,7.930725
06.12.2023 14:48:25,0.01284378,-0.8497574,0.03190034,0.5260511,-3.883506,-153.5428,-0.6738841,-0.01389401,-0.8531842,-0.07084826,0.5165892,12.77298,-152.583,7.863098
06.12.2023 14:48:25,0.01251734,-0.8498886,0.03206202,0.5258372,-3.879737,-153.5154,-0.7145375,-0.01461225,-0.8534157,-0.07035218,0.5162545,12.76825,-152.5292,7.759308
06.12.2023 14:48:25,0.01235139,-0.8500532,0.03225277,0.5255634,-3.888556,-153.4798,-0.7410176,-0.01484941,-0.8536714,-0.07016544,0.5158503,12.76535,-152.4716,7.720978
06.12.2023 14:48:25,0.0122533,-0.8502721,0.03233023,0.5252066,-3.890509,-153.4322,-0.7536405,-0.0143084,-0.8540823,-0.07035496,0.5151591,12.754,-152.3828,7.779388
06.12.2023 14:48:25,0.01205652,-0.8505213,0.0323702,0.5248051,-3.882912,-153.3787,-0.7734267,-0.01398965,-0.8544864,-0.07035094,0.5144979,12.73682,-152.2951,7.804504
06.12.2023 14:48:25,0.01199802,-0.8507851,0.03239447,0.5243772,-3.882149,-153.3212,-0.7786472,-0.01371075,-0.8550917,-0.07018084,0.513522,12.70679,-152.163,7.812866
06.12.2023 14:48:25,0.01178455,-0.8510818,0.03224793,0.5239094,-3.855439,-153.2578,-0.7885234,-0.01374703,-0.8555145,-0.06967449,0.5128853,12.66129,-152.0715,7.773071
06.12.2023 14:48:25,0.01178258,-0.8513666,0.03226598,0.5234454,-3.857512,-153.1954,-0.7876992,-0.01415852,-0.8558905,-0.06901854,0.5123354,12.62289,-151.9885,7.688141
06.12.2023 14:48:25,0.01176707,-0.8517423,0.03223975,0.5228357,-3.854582,-153.1132,-0.7848707,-0.0143185,-0.8561385,-0.06861358,0.5119708,12.59366,-151.9344,7.644775
06.12.2023 14:48:25,0.01178979,-0.8521288,0.03216261,0.5222098,-3.84898,-153.0284,-0.7751741,-0.01421366,-0.8563451,-0.06840032,0.5116567,12.56747,-151.8903,7.639557
06.12.2023 14:48:25,0.0118022,-0.8525372,0.03228326,0.5215352,-3.862132,-152.9382,-0.7781534,-0.0140953,-0.8565038,-0.0682393,0.5114155,12.54538,-151.8566,7.639435
06.12.2023 14:48:25,0.01176348,-0.852963,0.03229101,0.5208389,-3.86121,-152.8447,-0.7792515,-0.01421851,-0.8568401,-0.06773739,0.5109154,12.50479,-151.7835,7.592804
06.12.2023 14:48:25,0.01175477,-0.8533934,0.03234183,0.5201304,-3.86631,-152.7497,-0.7799361,-0.01460296,-0.857206,-0.06728243,0.5103505,12.48434,-151.7012,7.522675
06.12.2023 14:48:25,0.01159888,-0.8538269,0.03232677,0.5194229,-3.856188,-152.6548,-0.7911034,-0.01454112,-0.8575229,-0.0670407,0.5098516,12.45834,-151.6319,7.509979
06.12.2023 14:48:25,0.01139026,-0.854258,0.03232257,0.5187185,-3.84401,-152.5606,-0.808122,-0.01376353,-0.8577995,-0.06715104,0.5093932,12.4249,-151.5749,7.589417
06.12.2023 14:48:25,0.01124084,-0.8546825,0.03216295,0.518032,-3.82013,-152.468,-0.8101652,-0.01280919,-0.8580969,-0.06740941,0.5088828,12.39587,-151.5132,7.694763
06.12.2023 14:48:25,0.01100115,-0.8551302,0.03175705,0.5173228,-3.766766,-152.3714,-0.8063423,-0.01254639,-0.8583734,-0.06731944,0.5084347,12.37302,-151.4532,7.711517
06.12.2023 14:48:25,0.01072675,-0.8555455,0.03142194,0.5166621,-3.718241,-152.2817,-0.8104401,-0.0128615,-0.8586067,-0.067072,0.5080654,12.36826,-151.3998,7.662445
06.12.2023 14:48:25,0.01044769,-0.8559601,0.03105466,0.5160027,-3.66629,-152.1921,-0.8131698,-0.01346201,-0.8588718,-0.06670637,0.5076498,12.36862,-151.3378,7.577698
06.12.2023 14:48:25,0.01017578,-0.8563834,0.03086047,0.515317,-3.631792,-152.0999,-0.8254341,-0.01373698,-0.8592346,-0.06649161,0.5070564,12.36526,-151.2549,7.532623
06.12.2023 14:48:25,0.009959672,-0.8567961,0.03079097,0.5146389,-3.612855,-152.0092,-0.8396866,-0.01361396,-0.8595147,-0.06643346,0.5065925,12.35373,-151.1927,7.537354
06.12.2023 14:48:25,0.009582385,-0.8571854,0.03080492,0.5139966,-3.592603,-151.924,-0.8749112,-0.01338773,-0.8597239,-0.06662882,0.5062174,12.3609,-151.1456,7.568115
06.12.2023 14:48:25,0.009226112,-0.8575495,0.03079734,0.5133958,-3.571483,-151.8443,-0.9070011,-0.01322556,-0.8598132,-0.06696055,0.5060264,12.38477,-151.1242,7.602203
06.12.2023 14:48:25,0.008876441,-0.8579007,0.03079802,0.5128148,-3.551589,-151.7673,-0.9390412,-0.01309882,-0.8598809,-0.06736867,0.5058605,12.41818,-151.1069,7.637482
06.12.2023 14:48:25,0.008680349,-0.8582779,0.03066804,0.5121947,-3.527951,-151.6842,-0.9481205,-0.01299776,-0.8601457,-0.06803183,0.5053237,12.47946,-151.0426,7.682098
06.12.2023 14:48:25,0.008504212,-0.8586946,0.03035714,0.5115172,-3.48775,-151.5926,-0.9443852,-0.01286592,-0.8604086,-0.06863061,0.5047984,12.53259,-150.9794,7.726013
06.12.2023 14:48:25,0.008387642,-0.8590052,0.03023647,0.5110044,-3.469593,-151.5237,-0.9466934,-0.01269187,-0.8606303,-0.06897973,0.5043771,12.55832,-150.9277,7.760193
06.12.2023 14:48:25,0.008382048,-0.8593981,0.03007601,0.510353,-3.454171,-151.4361,-0.9351881,-0.01265113,-0.8609374,-0.06919524,0.5038242,12.57901,-150.8564,7.772095
06.12.2023 14:48:25,0.008402022,-0.8597758,0.02989124,0.5097269,-3.437804,-151.3516,-0.9198612,-0.01312853,-0.861304,-0.06917015,0.5031883,12.60629,-150.7691,7.71759
06.12.2023 14:48:25,0.00847088,-0.8601038,0.02983187,0.5091755,-3.43656,-151.2777,-0.9073805,-0.01331601,-0.8615994,-0.06936446,0.5026507,12.63809,-150.6986,7.705658
06.12.2023 14:48:25,0.008616458,-0.8605074,0.02972118,0.5084973,-3.434846,-151.1865,-0.8838187,-0.01336087,-0.8618308,-0.06938948,0.5022492,12.64444,-150.6451,7.699097
06.12.2023 14:48:25,0.00868247,-0.8608751,0.02965217,0.5078775,-3.432517,-151.1035,-0.8707895,-0.01342462,-0.862026,-0.06950959,0.5018958,12.66113,-150.5989,7.696655
06.12.2023 14:48:25,0.008831427,-0.8612001,0.02956285,0.5073288,-3.432921,-151.0297,-0.8486674,-0.01343767,-0.8623018,-0.06961704,0.5014066,12.67404,-150.5348,7.697327
06.12.2023 14:48:25,0.008963821,-0.8615375,0.02942462,0.5067613,-3.427521,-150.9533,-0.8252565,-0.01328173,-0.8625143,-0.06995726,0.5009978,12.70001,-150.4847,7.729156
06.12.2023 14:48:25,0.009061082,-0.861864,0.0293486,0.5062084,-3.426186,-150.8792,-0.8090095,-0.01321577,-0.8626732,-0.07017982,0.5006948,12.71921,-150.447,7.746063
06.12.2023 14:48:25,0.009263393,-0.8622062,0.02924018,0.505628,-3.427747,-150.8011,-0.7803792,-0.01304321,-0.8628608,-0.07038879,0.5003465,12.73108,-150.4036,7.772369
06.12.2023 14:48:25,0.009314925,-0.8624862,0.02926531,0.5051478,-3.433653,-150.7372,-0.7748289,0.01260438,0.8630697,0.07041854,-0.4999932,12.70984,-150.3588,7.814606
06.12.2023 14:48:25,0.009385236,-0.8628454,0.02918443,0.5045374,-3.430268,-150.6556,-0.7607409,0.01274365,0.8634306,0.06997123,-0.499429,12.67535,-150.278,7.76947
06.12.2023 14:48:25,0.009487447,-0.863151,0.02929588,0.5040062,-3.447676,-150.5853,-0.7549656,0.01279224,0.8637977,0.06968363,-0.4988327,12.65152,-150.1953,7.742493
06.12.2023 14:48:25,0.009624882,-0.8634667,0.02936297,0.5034586,-3.462736,-150.5125,-0.7430455,0.01220479,0.8641266,0.06952904,-0.4982991,12.6041,-150.1251,7.787231
06.12.2023 14:48:25,0.009735977,-0.8638097,0.02945937,0.502862,-3.479206,-150.4335,-0.7352155,0.01179944,0.8645419,0.06933865,-0.4976145,12.56412,-150.0337,7.810455
06.12.2023 14:48:25,0.009924945,-0.8641105,0.02965152,0.5023299,-3.509589,-150.3633,-0.7254379,0.01149812,0.8650383,0.06905617,-0.4967976,12.52142,-149.9233,7.816895
06.12.2023 14:48:25,0.00997924,-0.8644068,0.02983368,0.501808,-3.531208,-150.2948,-0.728447,0.01084194,0.8655699,0.06892761,-0.4959033,12.474,-149.8059,7.867065
06.12.2023 14:48:25,0.01010563,-0.8647085,0.02996889,0.5012773,-3.552331,-150.2247,-0.7215325,0.0105443,0.8660462,0.0688257,-0.4950919,12.44955,-149.6983,7.88382
06.12.2023 14:48:25,0.01018719,-0.8650554,0.03009826,0.5006691,-3.570356,-150.1444,-0.7183873,0.01026351,0.866491,0.0686451,-0.4943438,12.41806,-149.5983,7.894928
06.12.2023 14:48:25,0.01032503,-0.8654058,0.03027552,0.5000496,-3.596369,-150.0628,-0.7123385,0.0103888,0.8668506,0.06843198,-0.4937399,12.40601,-149.5153,7.864899
06.12.2023 14:48:25,-0.01045561,0.8657613,-0.03044585,-0.4994207,-3.621279,-149.9799,-0.7065358,0.01036102,0.8672293,0.06843395,-0.4930749,12.4068,-149.4272,7.862091
06.12.2023 14:48:25,-0.01048164,0.8661293,-0.03054639,-0.4987755,-3.633281,-149.8949,-0.7070181,0.01039044,0.8676803,0.06827539,-0.4923024,12.39523,-149.323,7.843353
06.12.2023 14:48:25,-0.01057281,0.866497,-0.0307122,-0.4981245,-3.655498,-149.8092,-0.7047219,0.01032502,0.8682325,0.06821936,-0.4913367,12.3891,-149.1948,7.838409
06.12.2023 14:48:25,-0.01064493,0.8668532,-0.03080114,-0.4974973,-3.668966,-149.7265,-0.69999,0.01000655,0.8687132,0.06818213,-0.4904982,12.37009,-149.0847,7.860992
06.12.2023 14:48:25,-0.01075474,0.8672345,-0.03097103,-0.4968193,-3.692669,-149.6373,-0.6959006,0.009479673,0.8691415,0.06837503,-0.4897224,12.36212,-148.9864,7.918243
06.12.2023 14:48:25,-0.0109711,0.8677028,-0.03087222,-0.4960026,-3.695803,-149.5284,-0.6652327,0.00951214,0.8695445,0.06859419,-0.4889752,12.38834,-148.8898,7.921204
06.12.2023 14:48:25,-0.01138731,0.868019,-0.03083851,-0.4954416,-3.716537,-149.4532,-0.6194542,0.009867614,0.8699173,0.0685472,-0.4883113,12.40591,-148.7999,7.877197
06.12.2023 14:48:25,-0.01173459,0.8683463,-0.03071242,-0.4948674,-3.724107,-149.376,-0.5752011,0.01011195,0.8702213,0.06874428,-0.4877365,12.44125,-148.725,7.859039
06.12.2023 14:48:25,-0.01203389,0.8686759,-0.03068146,-0.4942833,-3.738383,-149.2981,-0.5410899,0.01016364,0.8705385,0.06908778,-0.4871204,12.4805,-148.647,7.868195
06.12.2023 14:48:25,-0.0121769,0.8690319,-0.03061382,-0.4936578,-3.740129,-149.2149,-0.520288,0.009780051,0.8708325,0.06967277,-0.486519,12.51947,-148.5756,7.934875
06.12.2023 14:48:25,-0.01222228,0.8693786,-0.03078619,-0.4930354,-3.760256,-149.1334,-0.5228557,0.009466474,0.8710431,0.07014568,-0.4860803,12.55066,-148.5242,7.989532
06.12.2023 14:48:25,-0.0120952,0.8696941,-0.0307696,-0.4924828,-3.751752,-149.0607,-0.532208,0.009333724,0.8712612,0.07062504,-0.4856221,12.59274,-148.4695,8.026215
06.12.2023 14:48:25,-0.01190802,0.8700101,-0.03063495,-0.4919372,-3.728084,-148.9886,-0.5409222,0.008952881,0.8713667,0.07100169,-0.485385,12.60992,-148.4442,8.083862
06.12.2023 14:48:25,-0.01173504,0.8702676,-0.03035778,-0.4915028,-3.690933,-148.9305,-0.5406613,0.008906247,0.8714501,0.07128353,-0.4851949,12.6362,-148.4224,8.102936
06.12.2023 14:48:25,-0.01174614,0.8704802,-0.03007032,-0.4911436,-3.663083,-148.8819,-0.5217847,0.008848547,0.8714976,0.07143374,-0.4850886,12.64838,-148.4103,8.116364
06.12.2023 14:48:25,-0.01176866,0.87063,-0.02963748,-0.4909039,-3.621276,-148.8485,-0.4940805,0.008826139,0.8714615,0.07153884,-0.4851384,12.65747,-148.4181,8.125061
06.12.2023 14:48:25,-0.01172147,0.8707687,-0.02944301,-0.4906706,-3.59933,-148.8171,-0.4868491,0.008901225,0.8713748,0.07172053,-0.4852659,12.67938,-148.4367,8.128998
06.12.2023 14:48:25,-0.01161745,0.8708944,-0.02920278,-0.4904644,-3.569599,-148.7891,-0.4828407,0.009361836,0.8711633,0.07207841,-0.4855838,12.7399,-148.4805,8.105957
06.12.2023 14:48:25,-0.01153449,0.8709445,-0.02895198,-0.4903921,-3.539922,-148.7788,-0.47669,0.01045408,0.8710206,0.07245011,-0.4857621,12.83771,-148.5031,8.019043
06.12.2023 14:48:25,-0.01148758,0.8710048,-0.02881235,-0.4902943,-3.523388,-148.7654,-0.4731078,0.01104911,0.870914,0.07256597,-0.4859229,12.88211,-148.5228,7.967316
06.12.2023 14:48:25,-0.0115654,0.8710092,-0.02874365,-0.4902889,-3.520906,-148.7643,-0.4614332,0.01071407,0.8708826,0.07306153,-0.4859123,12.91293,-148.5286,8.029205
06.12.2023 14:48:25,-0.01159286,0.8709381,-0.02869151,-0.4904174,-3.517175,-148.7809,-0.4562684,0.01007662,0.8708021,0.07367871,-0.485977,12.93869,-148.5472,8.129089
06.12.2023 14:48:25,-0.01171724,0.8708711,-0.02852531,-0.490543,-3.507509,-148.7966,-0.4349706,0.009773497,0.8707668,0.07346591,-0.4860786,12.90002,-148.5596,8.148315
06.12.2023 14:48:25,-0.01193121,0.8707538,-0.02846227,-0.4907499,-3.513157,-148.8231,-0.4108655,0.009606048,0.8708007,0.07323254,-0.4860564,12.86734,-148.5548,8.151581
06.12.2023 14:48:25,-0.01206098,0.8706611,-0.02822754,-0.4909246,-3.496945,-148.8449,-0.3853544,0.008991981,0.8707232,0.07331061,-0.4861954,12.84018,-148.577,8.218994
06.12.2023 14:48:25,-0.01222856,0.8704761,-0.0281603,-0.4912523,-3.499531,-148.8875,-0.3661337,0.008427086,0.8706321,0.07364467,-0.4863181,12.8414,-148.5997,8.295929
06.12.2023 14:48:25,-0.01241651,0.8702371,-0.02810657,-0.4916739,-3.50459,-148.9425,-0.3460233,0.00831367,0.8704208,0.07352692,-0.486716,12.82175,-148.6514,8.304169
06.12.2023 14:48:25,-0.01284447,0.8700055,-0.02796596,-0.4920808,-3.514556,-148.9947,-0.2969795,0.008938585,0.8702132,0.07316974,-0.4871298,12.81964,-148.6991,8.224731
06.12.2023 14:48:25,-0.01328621,0.8697259,-0.02786957,-0.4925683,-3.529733,-149.0577,-0.2494022,0.009451714,0.8700019,0.07297357,-0.4875266,12.82745,-148.7469,8.165588
06.12.2023 14:48:25,-0.01371506,0.8694347,-0.02780601,-0.493074,-3.547505,-149.1232,-0.2050619,0.009877565,0.8697389,0.07297147,-0.4879875,12.84955,-148.8058,8.126892
06.12.2023 14:48:25,-0.01418991,0.869074,-0.0278831,-0.4936917,-3.581935,-149.204,-0.1645972,0.009955826,0.869378,0.07305304,-0.4886165,12.85986,-148.8896,8.129456
06.12.2023 14:48:25,-0.01457078,0.8687395,-0.02801079,-0.4942618,-3.616143,-149.279,-0.1362286,0.009915043,0.8690221,0.0731275,-0.4892388,12.86273,-148.973,8.143463
06.12.2023 14:48:25,-0.01495881,0.8683979,-0.02808188,-0.4948462,-3.645159,-149.3556,-0.1040323,0.009693503,0.8687837,0.07332221,-0.4896374,12.86819,-149.0291,8.180511
06.12.2023 14:48:25,-0.01532313,0.8680658,-0.02819351,-0.4954112,-3.676909,-149.4299,-0.07646354,0.009764845,0.8686413,0.07308469,-0.4899241,12.8475,-149.064,8.162292
06.12.2023 14:48:25,-0.01589628,0.8676922,-0.02830516,-0.4960407,-3.72058,-149.5123,-0.0284135,0.01000246,0.8685544,0.07273011,-0.4901261,12.82483,-149.0856,8.119873
06.12.2023 14:48:25,-0.0164487,0.8673088,-0.02837848,-0.4966886,-3.759327,-149.597,5.019623,0.009931143,0.8683867,0.07266483,-0.4904342,12.81317,-149.126,8.126038
06.12.2023 14:48:26,-0.01706151,0.8669488,-0.02855063,-0.4972862,-3.811419,-149.6753,5.068176,0.009360568,0.8682397,0.0729689,-0.4906605,12.81036,-149.1621,8.202759
06.12.2023 14:48:26,-0.01767296,0.8665588,-0.02868896,-0.4979362,-3.860149,-149.7605,5.118225,0.009003305,0.8680935,0.07319616,-0.490892,12.81192,-149.1971,8.253754
06.12.2023 14:48:26,-0.01820145,0.8662021,-0.02897237,-0.4985211,-3.918617,-149.8378,5.151947,0.009080083,0.8678548,0.07295624,-0.4913481,12.79065,-149.2544,8.236328
06.12.2023 14:48:26,-0.01877762,0.8658593,-0.02920102,-0.4990816,-3.974419,-149.9116,5.193573,0.00966497,0.8676268,0.0724435,-0.4918153,12.77103,-149.3077,8.152374
06.12.2023 14:48:26,-0.01915185,0.8655019,-0.02937953,-0.4996765,-4.013731,-149.9903,5.217773,0.01023725,0.8675075,0.0718649,-0.4920991,12.74487,-149.3362,8.064209
06.12.2023 14:48:26,0.01955153,-0.8651435,0.02953839,0.5002719,-4.052589,-150.0689,5.245575,0.01035738,0.8674216,0.07172062,-0.4922689,12.73672,-149.3565,8.04538
06.12.2023 14:48:26,0.01983232,-0.8648705,0.02978539,0.5007182,-4.093358,-150.1283,5.257141,0.01021764,0.8673862,0.0717185,-0.4923345,12.72833,-149.3658,8.059814
06.12.2023 14:48:26,0.02009109,-0.8646083,0.02990947,0.501153,-4.120676,-150.1859,5.273621,0.01018763,0.8673326,0.07180762,-0.4924166,12.73523,-149.3778,8.068726
06.12.2023 14:48:26,0.02043347,-0.8643303,0.03004237,0.5016105,-4.153705,-150.2463,5.29776,0.01015977,0.867323,0.07199208,-0.4924071,12.75204,-149.3788,8.082092
06.12.2023 14:48:26,0.02071065,-0.8641142,0.03019857,0.5019619,-4.185279,-150.2929,5.314575,0.01048391,0.8673423,0.07195716,-0.4923714,12.76712,-149.3722,8.047333
06.12.2023 14:48:26,0.02080826,-0.8639113,0.03028383,0.5023019,-4.19948,-150.3382,5.317688,0.01066959,0.8673897,0.07197528,-0.4922812,12.77979,-149.3596,8.028992
06.12.2023 14:48:26,0.02095513,-0.8637362,0.03027864,0.5025972,-4.207542,-150.377,5.331116,0.01040611,0.8674508,0.07225233,-0.4921385,12.79291,-149.345,8.070068
06.12.2023 14:48:26,0.02098564,-0.8635237,0.03033451,0.5029576,-4.214978,-150.425,5.329163,0.01007222,0.8675707,0.07244553,-0.4919057,12.79404,-149.3179,8.112549
06.12.2023 14:48:26,0.02101095,-0.8634154,0.03017362,0.5031521,-4.200571,-150.4502,5.340027,0.009849895,0.8676627,0.07259567,-0.491726,12.79703,-149.2968,8.141846
06.12.2023 14:48:26,0.02095867,-0.8632473,0.03002029,0.5034517,-4.18248,-150.4896,5.342255,0.00974641,0.867746,0.07268285,-0.491568,12.80042,-149.2773,8.155823
06.12.2023 14:48:26,0.02088261,-0.8630875,0.02986467,0.503738,-4.162784,-150.5272,5.342346,0.00978649,0.8677379,0.07265633,-0.4915853,12.79999,-149.2791,8.150452
06.12.2023 14:48:26,0.02067726,-0.8629857,0.02969114,0.5039312,-4.133803,-150.5527,5.331116,0.01020262,0.8677825,0.07251358,-0.4915194,12.8096,-149.2668,8.099945
06.12.2023 14:48:26,0.0204351,-0.8628899,0.02962326,0.504109,-4.113144,-150.5767,5.310181,0.01046571,0.8677675,0.07248565,-0.4915445,12.82166,-149.2686,8.072235
06.12.2023 14:48:26,0.02020418,-0.8628256,0.02947081,0.5042373,-4.084737,-150.5937,5.295532,0.01055389,0.8677329,0.07245005,-0.4916089,12.82288,-149.2763,8.06192
06.12.2023 14:48:26,0.0198546,-0.8627865,0.02923999,0.5043315,-4.041691,-150.6061,5.273834,0.01040161,0.8677337,0.07282119,-0.4915559,12.85141,-149.2742,8.098145
06.12.2023 14:48:26,0.01944905,-0.8626828,0.02904953,0.5045357,-3.999429,-150.6335,5.243744,0.01033968,0.8676122,0.07325847,-0.4917066,12.89096,-149.2995,8.130981
06.12.2023 14:48:26,0.01908314,-0.862636,0.02893275,0.5046365,-3.966716,-150.6473,5.213806,0.01039817,0.86754,0.07352994,-0.4917922,12.92102,-149.3137,8.141632
06.12.2023 14:48:26,0.01882791,-0.8626274,0.02868863,0.5046746,-3.927787,-150.652,5.202515,0.01036424,0.8674441,0.07367661,-0.4919401,12.93317,-149.3352,8.154846
06.12.2023 14:48:26,0.01845617,-0.8625274,0.0286499,0.5048614,-3.902467,-150.6776,5.167084,0.01012602,0.8673304,0.07387095,-0.4921165,12.93835,-149.362,8.191559
06.12.2023 14:48:26,0.01802458,-0.8624918,0.02858877,0.5049412,-3.871434,-150.6889,5.127533,0.01011513,0.8672829,0.07374813,-0.4922188,12.92511,-149.3742,8.186493
06.12.2023 14:48:26,0.01785536,-0.8624293,0.02848676,0.5050597,-3.851554,-150.7047,5.11618,0.0101498,0.8671876,0.07359815,-0.4924084,12.91144,-149.3974,8.176056
06.12.2023 14:48:26,0.01759792,-0.8623901,0.02843638,0.5051386,-3.831662,-150.7155,5.093262,0.01013393,0.8670442,0.07352271,-0.4926724,12.90207,-149.4317,8.17569
06.12.2023 14:48:26,0.01758292,-0.8623347,0.02844046,0.5052335,-3.831207,-150.7282,5.091095,0.01040648,0.8669224,0.07322729,-0.492925,12.88724,-149.4605,8.133636
06.12.2023 14:48:26,0.0175697,-0.8622752,0.02837334,0.5053391,-3.823812,-150.742,5.093231,0.01029288,0.8667744,0.07306845,-0.4932111,12.86392,-149.4972,8.138397
06.12.2023 14:48:26,0.01768501,-0.862267,0.02836105,0.5053499,-3.829282,-150.7432,5.105316,0.01021838,0.8666433,0.07294528,-0.4934612,12.84653,-149.5293,8.140991
06.12.2023 14:48:26,0.01769582,-0.8623635,0.02858359,0.5051723,-3.851903,-150.7203,5.094238,0.009990231,0.8665826,0.07273196,-0.4936039,12.81177,-149.5468,8.15271
06.12.2023 14:48:26,0.01750077,-0.8623992,0.02885492,0.5051027,-3.867438,-150.7126,5.059479,0.009832125,0.8665683,0.07256483,-0.4936568,12.78592,-149.5527,8.159271
06.12.2023 14:48:26,0.01731108,-0.8624376,0.02910917,0.5050292,-3.8816,-150.7042,5.026276,0.009724475,0.8665171,0.07257449,-0.4937474,12.78043,-149.5653,8.171417
06.12.2023 14:48:26,0.01719684,-0.862529,0.02943596,0.5048578,-3.907314,-150.6829,-0.00323949,0.00951972,0.8665187,0.07272432,-0.4937266,12.78372,-149.5652,8.200378
06.12.2023 14:48:26,0.01704189,-0.8625837,0.02963667,0.504758,-3.918204,-150.6708,-0.02978243,0.009341192,0.8665202,0.07305241,-0.4936788,12.80637,-149.5634,8.236847
06.12.2023 14:48:26,0.01695819,-0.8626736,0.02972632,0.5046018,-3.922237,-150.6506,-0.04256394,0.009520433,0.8666467,0.07325861,-0.4934228,12.83807,-149.531,8.228577
06.12.2023 14:48:26,0.01693581,-0.8627348,0.02982391,0.5044923,-3.930606,-150.6364,-0.04994435,0.009830842,0.8669035,0.0731132,-0.4929871,12.8429,-149.4701,8.18515
06.12.2023 14:48:26,0.01691183,-0.862874,0.02995715,0.5042472,-3.942423,-150.6044,-0.05892913,0.009539817,0.8670046,0.07325345,-0.4927941,12.841,-149.4474,8.220612
06.12.2023 14:48:26,0.01700889,-0.8630121,0.03012038,0.5039976,-3.964213,-150.5717,-0.05763016,0.009104936,0.8670521,0.07329661,-0.4927122,12.82086,-149.4391,8.265869
06.12.2023 14:48:26,0.01699708,-0.863126,0.03035201,0.5037891,-3.986481,-150.545,-0.0712636,0.009027259,0.8670169,0.07332724,-0.4927711,12.81927,-149.4476,8.27594
06.12.2023 14:48:26,0.01704699,-0.8632628,0.03055142,0.5035408,-4.009135,-150.5127,-0.07671875,0.008965057,0.8668661,0.07334329,-0.493035,12.81631,-149.4831,8.285492
06.12.2023 14:48:26,0.0171647,-0.8633854,0.03093286,0.5033034,-4.053738,-150.4824,-0.08602804,0.009129381,0.8667127,0.07321703,-0.4933204,12.81204,-149.5188,8.264313
06.12.2023 14:48:26,0.01728213,-0.8635311,0.0311909,0.5030333,-4.086108,-150.4474,-0.08804715,0.00919498,0.8666282,0.07323623,-0.4934647,12.81714,-149.5378,8.260193
06.12.2023 14:48:26,0.01735575,-0.8636699,0.03147339,0.5027749,-4.118374,-150.4141,-0.09586126,0.009299276,0.8665936,0.07321811,-0.4935263,12.82104,-149.5453,8.249268
06.12.2023 14:48:26,0.01731721,-0.8638349,0.03182885,0.5024703,-4.151416,-150.3752,-0.1187812,0.009435976,0.8666321,0.07313527,-0.4934683,12.8208,-149.536,8.230255
06.12.2023 14:48:26,0.01734412,-0.8639344,0.03226419,0.5022705,-4.196149,-150.3505,-0.1403113,0.009428872,0.8667132,0.0730588,-0.4933374,12.81329,-149.5178,8.225342
06.12.2023 14:48:26,0.0173562,-0.8640501,0.03244519,0.5020594,-4.214824,-150.3232,-0.1485441,0.009202937,0.8667443,0.0730512,-0.4932881,12.79984,-149.5122,8.24704
06.12.2023 14:48:26,0.01743716,-0.8641624,0.03246825,0.5018618,-4.221807,-150.2969,-0.1408762,0.009085434,0.8669136,0.07295559,-0.4930068,12.7847,-149.4743,8.250702
06.12.2023 14:48:26,0.01758762,-0.8642664,0.032487,0.5016761,-4.232358,-150.272,-0.1261159,0.008826239,0.8670094,0.07303752,-0.492831,12.77875,-149.4531,8.279785
06.12.2023 14:48:26,0.01772487,-0.8643188,0.03242712,0.5015848,-4.234333,-150.2592,-0.1085867,0.008607157,0.8670601,0.0729921,-0.4927523,12.76205,-149.4432,8.29837
06.12.2023 14:48:26,0.01779236,-0.8643906,0.032355,0.5014634,-4.231079,-150.2426,-0.09712932,0.008658557,0.867135,0.07282336,-0.4926447,12.7486,-149.4267,8.282471
06.12.2023 14:48:26,0.01792802,-0.8644049,0.03239271,0.5014315,-4.242628,-150.2383,-0.08568123,0.008622795,0.8670968,0.07275479,-0.4927227,12.73944,-149.4364,8.282776
06.12.2023 14:48:26,0.01791962,-0.8643823,0.03240697,0.5014699,-4.243556,-150.2434,-0.08752596,0.008257856,0.8670288,0.07284726,-0.4928349,12.72745,-149.454,8.325623
06.12.2023 14:48:26,0.0180752,-0.8644287,0.03243547,0.5013824,-4.255342,-150.2316,-0.07329459,0.008170645,0.8670382,0.07299811,-0.4927975,12.73764,-149.4512,8.342743
06.12.2023 14:48:26,0.01803439,-0.8644318,0.0323363,0.5013849,-4.243157,-150.2316,-0.07163674,0.008591485,0.8671981,0.07288758,-0.4925252,12.75162,-149.4119,8.29184
06.12.2023 14:48:26,0.01815866,-0.8643962,0.03228881,0.5014449,-4.245594,-150.239,-0.05685341,0.008987007,0.8673364,0.07268235,-0.4923049,12.75452,-149.3785,8.238403
06.12.2023 14:48:26,0.01821711,-0.864387,0.03218009,0.5014656,-4.238171,-150.2411,-0.04487861,0.009137519,0.8673776,0.07276358,-0.4922176,12.77148,-149.3672,8.227264
06.12.2023 14:48:26,0.0183689,-0.8643123,0.03222726,0.5015858,-4.25158,-150.2569,-0.03312473,0.008672237,0.8674278,0.0730491,-0.4920952,12.77393,-149.3564,8.289246
06.12.2023 14:48:26,0.01845379,-0.8641996,0.03216979,0.5017806,-4.250762,-150.2823,-0.02234046,0.008529924,0.8674839,0.0730473,-0.4919991,12.76602,-149.3443,8.30249
06.12.2023 14:48:26,0.01854456,-0.8641642,0.03215574,0.5018389,-4.254594,-150.2898,-0.01280754,0.008695942,0.8675237,0.07294315,-0.4919413,12.76532,-149.3346,8.279358
06.12.2023 14:48:26,0.01859379,-0.8641282,0.03217086,0.5018981,-4.258927,-150.2976,-0.00908619,0.00909934,0.8675038,0.07247987,-0.4920376,12.7417,-149.3402,8.213074
06.12.2023 14:48:26,0.01874042,-0.8640686,0.0323074,0.5019867,-4.280911,-150.3096,-0.002858726,0.009168812,0.8674799,0.07234231,-0.4920987,12.73172,-149.3464,8.1987
06.12.2023 14:48:26,0.01876705,-0.8640315,0.03229099,0.5020505,-4.280818,-150.3179,0.0004154527,0.008662659,0.8674301,0.07253838,-0.4921668,12.72223,-149.36,8.261292
06.12.2023 14:48:26,0.01897575,-0.8639821,0.03218108,0.5021347,-4.281947,-150.3281,5.027069,0.008382066,0.8674482,0.07270104,-0.4921159,12.72269,-149.3564,8.298309
06.12.2023 14:48:26,0.01900573,-0.863987,0.03224622,0.502121,-4.290132,-150.3265,5.026337,0.008400528,0.8674432,0.07265514,-0.4921311,12.71912,-149.3578,8.293945
06.12.2023 14:48:26,0.01922723,-0.8638881,0.0322715,0.502281,-4.30541,-150.3473,5.046051,0.008627148,0.8673757,0.0725802,-0.4922571,12.72406,-149.3727,8.268066
06.12.2023 14:48:26,0.01929547,-0.8638706,0.03213609,0.5023173,-4.295921,-150.3514,5.060486,0.008548047,0.867277,0.07267091,-0.4924189,12.72797,-149.3955,8.282684
06.12.2023 14:48:26,0.01941145,-0.8638228,0.03215206,0.5023939,-4.304196,-150.3614,5.070679,0.008251355,0.867143,0.07308277,-0.492599,12.75143,-149.4255,8.337799
06.12.2023 14:48:26,0.01944055,-0.8638154,0.03203905,0.5024129,-4.294673,-150.3633,5.080017,0.008421325,0.8671535,0.07319959,-0.4925604,12.77289,-149.421,8.32724
06.12.2023 14:48:26,0.01956434,-0.8637952,0.03193337,0.5024496,-4.291338,-150.3675,5.098206,0.008926668,0.8671417,0.07318041,-0.4925751,12.79965,-149.4204,8.275726
06.12.2023 14:48:26,0.01954932,-0.8637435,0.03185049,0.502544,-4.282268,-150.3797,5.101044,0.009663884,0.8671244,0.07314961,-0.4925962,12.83844,-149.4194,8.200409
06.12.2023 14:48:26,0.0195879,-0.8637149,0.03186594,0.5025908,-4.286029,-150.3859,5.10376,0.009560269,0.8670442,0.07345279,-0.4926944,12.8624,-149.4364,8.229218
06.12.2023 14:48:26,0.01965968,-0.8636235,0.03195462,0.5027394,-4.298977,-150.4058,5.105011,0.009070322,0.8669741,0.0740267,-0.4927412,12.89148,-149.4516,8.31192
06.12.2023 14:48:26,0.01958835,-0.8636235,0.03200342,0.502739,-4.299698,-150.4062,5.095093,0.009011494,0.8668849,0.07407792,-0.4928912,12.89264,-149.4724,8.322144
06.12.2023 14:48:26,0.01960076,-0.8636145,0.03204104,0.5027516,-4.304143,-150.408,5.094086,0.009445244,0.866906,0.07388295,-0.4928752,12.89798,-149.466,8.267303
06.12.2023 14:48:26,0.01951377,-0.8635601,0.03202184,0.5028498,-4.297232,-150.4211,5.08609,0.009672842,0.8668292,0.07379077,-0.49302,12.90121,-149.483,8.24054
06.12.2023 14:48:26,0.01953728,-0.8635755,0.03196,0.5028262,-4.292458,-150.4177,5.092102,0.009679398,0.8668099,0.07393405,-0.4930322,12.91583,-149.4863,8.248291
06.12.2023 14:48:26,0.0195668,-0.8635811,0.03192987,0.5028176,-4.291174,-150.4163,5.096832,0.009242369,0.8667872,0.07440764,-0.4930092,12.93817,-149.4909,8.319275
06.12.2023 14:48:26,0.01964508,-0.8635517,0.03189873,0.5028667,-4.292611,-150.4225,5.10614,0.009067039,0.8668283,0.0747185,-0.4928932,12.95956,-149.48,8.35376
06.12.2023 14:48:26,0.01954364,-0.8635337,0.03195864,0.502898,-4.292698,-150.4272,5.092468,0.009425558,0.8668518,0.07470245,-0.4928476,12.97858,-149.472,8.316559
06.12.2023 14:48:26,0.01955595,-0.8635254,0.03185157,0.5029184,-4.2828,-150.4294,5.099792,0.009972766,0.8668023,0.07453527,-0.4929491,12.99271,-149.481,8.253082
06.12.2023 14:48:26,0.0195812,-0.8635063,0.03188048,0.5029485,-4.287126,-150.4335,5.100464,0.009884907,0.8667837,0.07475816,-0.4929498,13.00989,-149.4841,8.274811
06.12.2023 14:48:26,0.01961547,-0.863454,0.0316659,0.5030506,-4.267854,-150.4461,5.115784,0.009471609,0.8667341,0.0750756,-0.4929971,13.01776,-149.4961,8.335022
06.12.2023 14:48:26,0.01981736,-0.8634296,0.03146433,0.5030971,-4.259543,-150.4509,5.147217,0.009379504,0.8667005,0.07510448,-0.4930534,13.01517,-149.5044,8.346405
06.12.2023 14:48:26,0.01988471,-0.8633245,0.03130813,0.5032844,-4.247988,-150.475,5.162018,0.009937775,0.8667576,0.0747637,-0.492994,13.01328,-149.4898,8.270264
06.12.2023 14:48:26,0.02007156,-0.8632107,0.03129232,0.5034733,-4.257253,-150.4996,5.180542,0.01045763,0.8667386,0.07423562,-0.4930962,12.98993,-149.4947,8.188568
06.12.2023 14:48:26,0.02011516,-0.8631893,0.03141655,0.5035003,-4.272083,-150.5036,5.177521,0.0102942,0.8666922,0.07440348,-0.493156,12.9971,-149.5054,8.21521
06.12.2023 14:48:26,0.01999264,-0.8631292,0.03144815,0.5036064,-4.268156,-150.5181,5.163025,0.00965824,0.8666024,0.07483184,-0.4932619,13.00311,-149.5275,8.304657
06.12.2023 14:48:26,0.01976693,-0.8630786,0.03157339,0.5036941,-4.26753,-150.5309,5.132965,0.009213525,0.8666561,0.07529259,-0.4931058,13.02423,-149.5143,8.37442
06.12.2023 14:48:26,0.019584,-0.8630237,0.03168708,0.5037882,-4.268229,-150.5443,5.107758,0.009415758,0.8666577,0.07513415,-0.4931233,13.01993,-149.5138,8.345154
06.12.2023 14:48:27,0.01930964,-0.8629822,0.03157117,0.5038771,-4.2409,-150.5563,5.086853,0.01001401,0.8667581,0.07499871,-0.4929557,13.04117,-149.4871,8.275909
06.12.2023 14:48:27,0.01917246,-0.8629736,0.03150075,0.5039014,-4.225996,-150.5596,5.077209,0.01002497,0.8667242,0.07509539,-0.4930004,13.05124,-149.4941,8.280853
06.12.2023 14:48:27,0.01899384,-0.8629596,0.03133539,0.5039425,-4.199296,-150.5648,5.068909,0.009728353,0.8667108,0.07546917,-0.4929728,13.07166,-149.4964,8.33197
06.12.2023 14:48:27,0.01892007,-0.8629838,0.03125808,0.5039086,-4.187374,-150.5601,5.066254,0.009715578,0.8667648,0.0756973,-0.4928432,13.09415,-149.4819,8.345276
06.12.2023 14:48:27,0.01869426,-0.8630046,0.0311506,0.5038883,-4.163673,-150.5575,5.050201,0.01003478,0.8667534,0.0755385,-0.4928811,13.09637,-149.4836,8.304474
06.12.2023 14:48:27,0.01848557,-0.863036,0.03122496,0.5038374,-4.158969,-150.5515,5.025452,0.01040547,0.8667183,0.07548545,-0.4929433,13.11197,-149.4894,8.264923
06.12.2023 14:48:27,0.01835815,-0.863048,0.03125374,0.5038197,-4.154452,-150.5496,5.01123,0.01052556,0.8666582,0.07566978,-0.4930181,13.13687,-149.501,8.264313
06.12.2023 14:48:27,0.01834879,-0.8630957,0.03129278,0.503736,-4.157776,-150.5387,5.008453,0.0102696,0.8666698,0.07598262,-0.4929551,13.15369,-149.4976,8.307495
06.12.2023 14:48:27,0.01832081,-0.8631621,0.0312979,0.5036229,-4.156666,-150.5237,5.00592,0.009935622,0.866733,0.07607273,-0.4928368,13.14407,-149.4846,8.345001
06.12.2023 14:48:27,0.01824224,-0.8631509,0.03134005,0.5036423,-4.1563,-150.5267,-0.004408315,0.01007769,0.8668673,0.07588203,-0.4926271,13.13397,-149.4537,8.317749
06.12.2023 14:48:27,0.01810593,-0.8631628,0.0314296,0.5036213,-4.157293,-150.5246,-0.02300741,0.01028624,0.8669035,0.07567845,-0.4925903,13.12573,-149.4454,8.284729
06.12.2023 14:48:27,0.01785303,-0.8631331,0.03159191,0.5036711,-4.15875,-150.5325,-0.05772205,0.01048981,0.8669127,0.07541211,-0.4926107,13.11072,-149.444,8.249084
06.12.2023 14:48:27,0.0178182,-0.8630847,0.03152,0.5037599,-4.14961,-150.5441,-0.05743429,0.01038451,0.8667874,0.07533094,-0.4928458,13.09573,-149.4747,8.257141
06.12.2023 14:48:27,0.01774498,-0.8630819,0.03148587,0.5037692,-4.141997,-150.5453,-0.06275898,0.01022659,0.8666505,0.07542048,-0.4930761,13.09479,-149.5071,8.280273
06.12.2023 14:48:27,0.01761407,-0.8630625,0.03131197,0.5038179,-4.117205,-150.5514,-0.06588693,0.01017375,0.8666085,0.07571159,-0.4931065,13.12067,-149.5149,8.302765
06.12.2023 14:48:27,0.01764201,-0.8630809,0.03129423,0.5037866,-4.117065,-150.5471,-0.06193997,0.01036418,0.866614,0.07576168,-0.4930851,13.13657,-149.5117,8.286438
06.12.2023 14:48:27,0.01759144,-0.8630571,0.03119858,0.5038351,-4.104667,-150.5532,-0.06163932,0.01063354,0.866695,0.07584105,-0.4929249,13.16043,-149.4901,8.262573
06.12.2023 14:48:27,0.01747749,-0.8630647,0.03122931,0.5038241,-4.101122,-150.5522,-0.07466139,0.01075304,0.8667772,0.0759809,-0.4927562,13.18179,-149.4688,8.257141
06.12.2023 14:48:27,0.01732196,-0.8630362,0.03132642,0.5038723,-4.101743,-150.5594,-0.09593373,0.01057998,0.8668804,0.07608926,-0.4925616,13.18347,-149.4451,8.2789
06.12.2023 14:48:27,0.01711311,-0.8630175,0.03131492,0.503912,-4.088524,-150.5651,-0.116154,0.01044094,0.8668716,0.07607853,-0.4925816,13.17441,-149.4483,8.292389
06.12.2023 14:48:27,0.01697445,-0.8630435,0.03139221,0.5038674,-4.088166,-150.5598,-0.1341641,0.01034507,0.8668023,0.07582606,-0.4927447,13.14319,-149.4674,8.288849
06.12.2023 14:48:27,0.01685079,-0.8630292,0.03144088,0.503893,-4.085832,-150.5637,-0.1493624,0.01003499,0.8665703,0.0757481,-0.4931708,13.11615,-149.5245,8.319366
06.12.2023 14:48:27,0.01679208,-0.8630542,0.03153749,0.5038462,-4.092012,-150.558,-0.1605592,0.009648756,0.8664761,0.07567687,-0.4933549,13.08633,-149.55,8.35556
06.12.2023 14:48:27,0.01677067,-0.8630863,0.03168829,0.5037825,-4.105719,-150.5502,-0.1711199,0.009449909,0.8663925,0.07581499,-0.4934844,13.08823,-149.5698,8.384705
06.12.2023 14:48:27,0.01677453,-0.8630871,0.03173901,0.5037777,-4.110965,-150.5498,-0.1736549,0.009728341,0.8664743,0.07573459,-0.4933476,13.09665,-149.5493,8.350891
06.12.2023 14:48:27,0.01670781,-0.863119,0.03182629,0.5037197,-4.115764,-150.5427,-0.1850502,0.0104334,0.8666308,0.07538336,-0.4931122,13.10275,-149.5105,8.257782
06.12.2023 14:48:27,0.01672874,-0.8631542,0.03195173,0.5036508,-4.12941,-150.534,-0.1899171,0.01098273,0.8666491,0.07498401,-0.4931289,13.09424,-149.5054,8.17981
06.12.2023 14:48:27,0.01675607,-0.8632224,0.03205125,0.5035268,-4.140873,-150.5179,-0.1923799,0.01113066,0.8666413,0.07484122,-0.4931611,13.08832,-149.5072,8.157043
06.12.2023 14:48:27,0.01678067,-0.8632303,0.03213178,0.5035071,-4.150274,-150.5156,-0.194514,0.01051011,0.8666287,0.07504124,-0.4931664,13.07285,-149.5132,8.230743
06.12.2023 14:48:27,0.01679585,-0.8632964,0.03219453,0.5033892,-4.157393,-150.5002,-0.1960767,0.00979299,0.8666839,0.07530743,-0.4930436,13.05896,-149.5035,8.316772
06.12.2023 14:48:27,0.01675192,-0.8633078,0.03231988,0.5033632,-4.167278,-150.4973,-0.2075675,0.009543317,0.8667543,0.07538807,-0.4929124,13.05328,-149.4883,8.345184
06.12.2023 14:48:27,0.01692972,-0.8632971,0.03228289,0.503378,-4.173881,-150.4987,-0.1878694,0.009907905,0.8668123,0.07505758,-0.4928536,13.04135,-149.4748,8.289001
06.12.2023 14:48:27,0.01690979,-0.8632929,0.03232534,0.5033831,-4.176933,-150.4996,-0.1923287,0.01056033,0.8669212,0.07480372,-0.492687,13.05386,-149.4466,8.207458
06.12.2023 14:48:27,0.01692955,-0.863338,0.03228109,0.5033079,-4.173707,-150.4894,-0.1874426,0.01086442,0.8669767,0.07468297,-0.4926012,13.05945,-149.4323,8.16925
06.12.2023 14:48:27,0.01692367,-0.8632959,0.03237188,0.5033747,-4.182347,-150.4987,-0.1936086,0.01078848,0.8670479,0.0748762,-0.492448,13.07492,-149.4146,8.186615
06.12.2023 14:48:27,0.01699893,-0.8633301,0.03247275,0.5033069,-4.196701,-150.49,-0.1916608,0.01046144,0.8671023,0.07511202,-0.4923234,13.08026,-149.4024,8.231842
06.12.2023 14:48:27,0.01701928,-0.8632922,0.03249274,0.5033699,-4.199842,-150.4984,-0.1911087,0.01026678,0.8672596,0.07503977,-0.4920615,13.06299,-149.3677,8.244659
06.12.2023 14:48:27,0.01708855,-0.8632805,0.03243439,0.5033913,-4.198059,-150.5008,-0.1809647,0.01006232,0.8673035,0.07490809,-0.4920084,13.03845,-149.3601,8.257019
06.12.2023 14:48:27,0.01703822,-0.863263,0.03250085,0.5034187,-4.201728,-150.5049,-0.189939,0.009854878,0.8672669,0.07468862,-0.4921104,13.00439,-149.372,8.265991
06.12.2023 14:48:27,0.01704614,-0.8632064,0.03248399,0.5035167,-4.200495,-150.5178,-0.1886539,0.009752202,0.8673488,0.07449899,-0.4919967,12.9801,-149.3552,8.264221
06.12.2023 14:48:27,0.01709249,-0.8632374,0.03249119,0.5034615,-4.203897,-150.5104,-0.1842073,0.009809559,0.8673926,0.07409403,-0.4919796,12.94308,-149.3479,8.234894
06.12.2023 14:48:27,0.01697768,-0.8632197,0.03256147,0.5034911,-4.204218,-150.5149,-0.199806,0.009745826,0.8675116,0.07406883,-0.4917748,12.93771,-149.3208,8.237915
06.12.2023 14:48:27,0.01688203,-0.8631843,0.03263343,0.5035502,-4.205805,-150.5233,-0.2137474,0.009686086,0.8675675,0.0742318,-0.4916527,12.95102,-149.3068,8.252197
06.12.2023 14:48:27,0.01690548,-0.8632213,0.03261865,0.5034869,-4.205712,-150.5148,-0.2102564,0.009638319,0.8675726,0.07430658,-0.4916334,12.95584,-149.3053,8.261139
06.12.2023 14:48:27,0.01696436,-0.8632209,0.03274778,0.5034775,-4.221905,-150.5139,-0.2118569,0.009773376,0.8675143,0.07429603,-0.4917352,12.96207,-149.318,8.247955
06.12.2023 14:48:27,0.01698279,-0.8632059,0.03294942,0.5034893,-4.242939,-150.5164,-0.221774,0.009961876,0.8674402,0.0741155,-0.4918893,12.95422,-149.3355,8.220062
06.12.2023 14:48:27,0.01702525,-0.8632624,0.03325069,0.5033714,-4.275263,-150.502,-0.234441,0.01035933,0.8673363,0.07378145,-0.4921146,12.94269,-149.3596,8.163025
06.12.2023 14:48:27,0.01711185,-0.863293,0.03351755,0.5032981,-4.306718,-150.4933,-0.2409536,0.0106179,0.8673257,0.07337099,-0.492189,12.91623,-149.3635,8.114075
06.12.2023 14:48:27,0.01717679,-0.8633208,0.03361567,0.5032418,-4.320205,-150.4861,-0.2399185,0.01058206,0.8672503,0.07336365,-0.4923237,12.91296,-149.3815,8.118469
06.12.2023 14:48:27,0.01744462,-0.8633807,0.03349866,0.5031375,-4.324106,-150.471,-0.2060595,0.01007682,0.8671719,0.07351179,-0.4924503,12.89856,-149.4023,8.178741
06.12.2023 14:48:27,0.01782545,-0.8633407,0.0334854,0.5031937,-4.344772,-150.4775,-0.1678097,0.009754778,0.8671315,0.07362428,-0.4925112,12.8912,-149.4132,8.218048
06.12.2023 14:48:27,0.01809545,-0.8633746,0.03347832,0.5031263,-4.359674,-150.4678,-0.1402845,0.009685685,0.8670705,0.07354278,-0.4926321,12.87872,-149.4286,8.221313
06.12.2023 14:48:27,0.01820678,-0.8633847,0.03349957,0.5031035,-4.368211,-150.4646,-0.1303594,0.009680248,0.8670639,0.07338358,-0.4926676,12.86243,-149.4315,8.212982
06.12.2023 14:48:27,0.01820681,-0.8633766,0.03371257,0.5031032,-4.389316,-150.4655,-0.1426921,0.009814454,0.8670121,0.0732564,-0.4927749,12.85699,-149.4437,8.193146
06.12.2023 14:48:27,0.01806036,-0.8633605,0.0339563,0.5031195,-4.405005,-150.4692,-0.1714168,0.009581404,0.8669748,0.07333489,-0.4928336,12.85132,-149.4534,8.221558
06.12.2023 14:48:27,0.01778233,-0.8633608,0.03425435,0.503109,-4.418482,-150.4699,-0.2162016,0.009437007,0.8668967,0.07357559,-0.4929379,12.8667,-149.4707,8.250885
06.12.2023 14:48:27,0.01757819,-0.8633252,0.03448577,0.5031614,-4.429605,-150.4785,-0.2501236,0.009656694,0.8668255,0.07364511,-0.4930484,12.88571,-149.4852,8.233948
06.12.2023 14:48:27,0.01749071,-0.8632702,0.03459287,0.5032514,-4.435135,-150.4912,-0.2654682,0.01039639,0.866792,0.07344531,-0.493122,12.90765,-149.4892,8.149078
06.12.2023 14:48:27,0.01747931,-0.8632938,0.03463097,0.5032087,-4.438265,-150.4857,-0.2685867,0.01100371,0.8667343,0.07334252,-0.4932256,12.93164,-149.4989,8.083374
06.12.2023 14:48:27,0.01729746,-0.8632407,0.03470676,0.503301,-4.435238,-150.4988,-0.2914867,0.01145457,0.8667799,0.07337929,-0.4931297,12.96133,-149.4845,8.03952
06.12.2023 14:48:27,0.01727252,-0.8632783,0.0346934,0.5032382,-4.432495,-150.4904,-0.2928627,0.01144801,0.8668377,0.07336006,-0.4930312,12.95938,-149.4713,8.038147
06.12.2023 14:48:27,0.0171443,-0.8633066,0.03472468,0.5031919,-4.428205,-150.4848,-0.3071518,0.01118866,0.8669305,0.07350186,-0.4928528,12.95935,-149.4504,8.070679
06.12.2023 14:48:27,0.0170778,-0.8633477,0.03487305,0.5031133,-4.439091,-150.4752,-0.3219401,0.01075691,0.8669748,0.07363208,-0.4927651,12.94806,-149.4423,8.120575
06.12.2023 14:48:27,0.01707278,-0.8633919,0.0349524,0.5030322,-4.446693,-150.4648,-0.3266179,0.01042257,0.8669553,0.07363869,-0.4928054,12.92957,-149.4493,8.154785
06.12.2023 14:48:27,0.01718449,-0.863454,0.03508233,0.5029128,-4.466061,-150.4493,-0.3224487,0.0103723,0.8669007,0.07359388,-0.4929093,12.92184,-149.4628,8.158173
06.12.2023 14:48:27,0.01724474,-0.8635238,0.03516662,0.502785,-4.477938,-150.4326,-0.320692,0.01060594,0.8668323,0.07341883,-0.4930508,12.91721,-149.4785,8.125946
06.12.2023 14:48:27,0.01731193,-0.8635699,0.03515877,0.5027039,-4.481067,-150.4216,-0.3131509,0.01057984,0.8667719,0.07356361,-0.4931358,12.92984,-149.4915,8.137726
06.12.2023 14:48:27,0.01727439,-0.8636262,0.03518618,0.5026067,-4.481652,-150.4089,-0.317956,0.0106042,0.8667455,0.07361747,-0.4931737,12.93646,-149.4971,8.138763
06.12.2023 14:48:27,0.01718828,-0.8636821,0.03522171,0.502511,-4.480243,-150.3966,-0.3280581,0.01069751,0.8667189,0.0737005,-0.4932059,12.94992,-149.5019,8.134552
06.12.2023 14:48:27,0.01710353,-0.8637285,0.03519389,0.5024361,-4.472626,-150.3867,-0.3344675,0.01075382,0.8667566,0.07370485,-0.4931379,12.9538,-149.4926,8.12854
06.12.2023 14:48:27,0.01722535,-0.863728,0.03506708,0.5024416,-4.467081,-150.3865,-0.3150707,0.01084776,0.8667514,0.07366602,-0.4931507,12.95523,-149.4935,8.117035
06.12.2023 14:48:27,0.01723454,-0.8637356,0.0348717,0.5024419,-4.448246,-150.3856,-0.302853,0.01069322,0.8668297,0.07372731,-0.4930074,12.95306,-149.4759,8.134705
06.12.2023 14:48:27,0.01719841,-0.8637323,0.0347739,0.5024556,-4.436465,-150.387,-0.3008485,0.01053722,0.8668256,0.07368673,-0.493024,12.94006,-149.4783,8.148102
06.12.2023 14:48:27,0.01719848,-0.8636823,0.03472857,0.5025445,-4.431944,-150.3986,-0.2986756,0.01054472,0.8667864,0.07385753,-0.4930671,12.95734,-149.486,8.157654
06.12.2023 14:48:27,0.01716151,-0.8636792,0.03467961,0.5025545,-4.424956,-150.3998,-0.2995599,0.01090418,0.8667369,0.07374614,-0.493163,12.96637,-149.4958,8.11615
06.12.2023 14:48:27,0.01711466,-0.8637167,0.03472342,0.5024887,-4.42662,-150.3914,-0.3064056,0.01123519,0.8667191,0.07365679,-0.4932002,12.9762,-149.4981,8.078217
06.12.2023 14:48:27,0.01712573,-0.8636258,0.03478814,0.5026401,-4.433617,-150.4118,-0.3098325,0.01142779,0.8666785,0.07359461,-0.4932764,12.98071,-149.5066,8.056061
06.12.2023 14:48:27,0.01710897,-0.8635421,0.03482878,0.5027815,-4.436627,-150.4308,-0.3145753,0.01120912,0.8665921,0.07375951,-0.4934085,12.98422,-149.5271,8.088715
06.12.2023 14:48:27,0.01719972,-0.8635103,0.0348025,0.5028349,-4.43924,-150.4376,-0.3043264,0.01097088,0.8665153,0.07373124,-0.4935531,12.96729,-149.5471,8.112213
06.12.2023 14:48:27,0.01735021,-0.8633901,0.03485606,0.5030324,-4.453166,-150.4637,-0.2935228,0.01101767,0.8664956,0.07349365,-0.493622,12.94608,-149.5533,8.094391
06.12.2023 14:48:27,0.01737883,-0.8633486,0.03479123,0.5031072,-4.448371,-150.4732,-0.2873146,0.01082547,0.8664936,0.07341769,-0.4936411,12.92749,-149.5558,8.109375
06.12.2023 14:48:27,0.01751149,-0.8632324,0.03485249,0.5032975,-4.462039,-150.4985,-0.2786938,0.01048058,0.8665202,0.07359464,-0.4935754,12.92569,-149.5508,8.153503
06.12.2023 14:48:27,0.01755225,-0.8631883,0.03482926,0.5033734,-4.462069,-150.5084,-0.2736987,0.01043531,0.866637,0.07363345,-0.4933656,12.92773,-149.5235,8.158356
06.12.2023 14:48:27,0.01751092,-0.8631449,0.03481802,0.5034501,-4.458543,-150.5186,-0.2775417,0.01082269,0.8666953,0.07363206,-0.493255,12.95004,-149.507,8.11853
06.12.2023 14:48:27,0.01747029,-0.8631023,0.03492013,0.5035176,-4.466287,-150.5282,-0.2878416,0.01116942,0.8667699,0.07362115,-0.4931179,12.96921,-149.4871,8.08197
06.12.2023 14:48:27,0.01752549,-0.8630432,0.03491271,0.5036173,-4.468709,-150.5413,-0.2824565,0.01144675,0.8666887,0.07369441,-0.4932433,12.99185,-149.5033,8.059631
06.12.2023 14:48:27,0.01751057,-0.8630425,0.03488657,0.5036209,-4.465257,-150.5417,-0.2824377,0.01154193,0.8666342,0.07381273,-0.493319,13.00879,-149.5143,8.057678
06.12.2023 14:48:27,0.01760788,-0.8630219,0.03489209,0.5036525,-4.471417,-150.5456,-0.2732747,0.01150302,0.8666115,0.07391239,-0.4933449,13.01639,-149.519,8.067596
06.12.2023 14:48:27,0.01768334,-0.8629873,0.03490728,0.5037081,-4.477268,-150.5529,-0.2669637,0.01150416,0.8666268,0.07395074,-0.4933123,13.02039,-149.5151,8.069427
06.12.2023 14:48:27,0.01778621,-0.862972,0.03482354,0.5037364,-4.474914,-150.556,-0.2520547,0.01137275,0.8666318,0.07389292,-0.4933151,13.00714,-149.5154,8.079224
06.12.2023 14:48:28,0.01795585,-0.8629375,0.03479875,0.5037913,-4.482252,-150.5628,-0.2340859,0.01110939,0.8666514,0.07389088,-0.493287,12.99203,-149.5129,8.105164
06.12.2023 14:48:28,0.01802567,-0.8629087,0.03481414,0.503837,-4.487802,-150.5687,-0.2282961,0.01090125,0.866665,0.07392184,-0.4932632,12.98334,-149.5111,8.127563
06.12.2023 14:48:28,0.01809693,-0.8629124,0.03485264,0.5038255,-4.495738,-150.5672,-0.2234062,0.01091449,0.8667573,0.07390089,-0.4931037,12.9826,-149.4896,8.123535
06.12.2023 14:48:28,0.01817369,-0.8628858,0.03496839,0.5038602,-4.511631,-150.5722,-0.2226954,0.01094066,0.8667251,0.07383876,-0.4931692,12.97766,-149.4975,8.11792
06.12.2023 14:48:28,0.01830988,-0.8628417,0.03513727,0.5039191,-4.536215,-150.5805,-0.2193071,0.01103355,0.8667099,0.07372469,-0.4932108,12.97144,-149.5013,8.102417
06.12.2023 14:48:28,0.01831904,-0.8627992,0.03527431,0.5039819,-4.550298,-150.5895,-0.2266846,0.01092457,0.866672,0.07371484,-0.4932815,12.96402,-149.511,8.113373
06.12.2023 14:48:28,0.01824111,-0.8627896,0.03541853,0.5039911,-4.560067,-150.5916,-0.2428304,0.01105191,0.8666086,0.07354544,-0.4934151,12.95392,-149.5262,8.092072
06.12.2023 14:48:28,0.01825538,-0.8627787,0.03536328,0.5040131,-4.555416,-150.5942,-0.2383253,0.01119146,0.8665389,0.07340048,-0.493556,12.94693,-149.5426,8.070984
06.12.2023 14:48:28,0.01832449,-0.8627369,0.03550031,0.5040725,-4.572966,-150.6026,-0.2397462,0.01117909,0.8665149,0.07343639,-0.4935932,12.94968,-149.548,8.074646
06.12.2023 14:48:28,0.01839785,-0.8627682,0.03554217,0.5040132,-4.581371,-150.5948,-0.2345905,0.01111197,0.866552,0.0735733,-0.493509,12.95978,-149.5387,8.088531
06.12.2023 14:48:28,0.01837366,-0.8628204,0.03562547,0.5039189,-4.588245,-150.5827,-0.2413229,0.01115206,0.8665664,0.07358802,-0.4934807,12.96362,-149.5349,8.085114
06.12.2023 14:48:28,0.01839682,-0.8627913,0.0358455,0.5039523,-4.611364,-150.5881,-0.2519787,0.01104163,0.8666482,0.07351155,-0.4933509,12.9502,-149.5173,8.090515
06.12.2023 14:48:28,0.018387,-0.8628399,0.03589262,0.5038661,-4.615486,-150.5769,-0.2552255,0.01096007,0.8666737,0.07340246,-0.4933242,12.93478,-149.5129,8.092102
06.12.2023 14:48:28,0.01835917,-0.862848,0.03581893,0.5038585,-4.606582,-150.5756,-0.2536664,0.01096591,0.8666337,0.07321791,-0.4934217,12.91638,-149.5237,8.081726
06.12.2023 14:48:28,0.01840205,-0.8628631,0.03545714,0.5038567,-4.573237,-150.5735,-0.2284061,0.0110044,0.8666446,0.07319877,-0.4934045,12.91675,-149.521,8.076599
06.12.2023 14:48:28,0.01860839,-0.8628197,0.035071,0.5039504,-4.546911,-150.5836,-0.1860363,0.01102826,0.8666174,0.07339136,-0.4934232,12.93719,-149.5256,8.085571
06.12.2023 14:48:28,0.01879237,-0.8628168,0.03471049,0.5039734,-4.521852,-150.5844,-0.1469969,0.01112083,0.8665748,0.07335649,-0.493501,12.93872,-149.5351,8.074982
06.12.2023 14:48:28,0.01878673,-0.8627205,0.03448758,0.5041538,-4.499425,-150.6074,-0.1355615,0.01113118,0.8666196,0.07338443,-0.4934181,12.94238,-149.5244,8.074829
06.12.2023 14:48:28,0.01863347,-0.8627393,0.03416596,0.5041493,-4.458714,-150.6057,-0.1320559,0.01103065,0.8666924,0.07332227,-0.4933016,12.93088,-149.5087,8.0802
06.12.2023 14:48:28,0.01834505,-0.8627627,0.03404983,0.5041277,-4.430532,-150.603,-0.1537879,0.01060682,0.8667186,0.07329487,-0.4932689,12.90414,-149.506,8.120667
06.12.2023 14:48:28,0.0178588,-0.8627416,0.03376374,0.5042005,-4.374058,-150.6125,-0.1857403,0.01027882,0.8667766,0.07329436,-0.493174,12.88574,-149.4949,8.152557
06.12.2023 14:48:28,0.01729591,-0.8627504,0.03336733,0.5042314,-4.302236,-150.6162,-0.2186617,0.01018082,0.8668057,0.07336198,-0.4931148,12.88712,-149.4883,8.165741
06.12.2023 14:48:28,0.01680721,-0.8627307,0.03292297,0.5043108,-4.229946,-150.6259,-0.241681,0.01029787,0.8669223,0.07343633,-0.4928965,12.90198,-149.4596,8.156342
06.12.2023 14:48:28,0.01633096,-0.862763,0.0322989,0.5043114,-4.14061,-150.6243,-0.2526421,0.01036776,0.8670284,0.0734508,-0.4927061,12.90808,-149.4342,8.148468
06.12.2023 14:48:28,0.01595342,-0.8627768,0.03170484,0.5043377,-4.05995,-150.6261,-0.2556901,0.01074387,0.8669894,0.07332559,-0.4927853,12.91675,-149.4415,8.104309
06.12.2023 14:48:28,0.01560063,-0.8628268,0.03126829,0.5042905,-3.996339,-150.6187,-0.2650836,0.01101778,0.8670272,0.0732407,-0.4927255,12.92407,-149.4313,8.071442
06.12.2023 14:48:28,0.01518516,-0.8628991,0.03082427,0.5042068,-3.928376,-150.6066,-0.2800957,0.0107661,0.8669913,0.07335155,-0.4927776,12.92062,-149.4407,8.103516
06.12.2023 14:48:28,0.01481661,-0.8630078,0.03037767,0.5040587,-3.862898,-150.5858,-0.2900353,0.01036938,0.8669771,0.07341329,-0.4928019,12.90408,-149.4465,8.147003
06.12.2023 14:48:28,0.01454251,-0.8630773,0.03008885,0.5039652,-3.818486,-150.5727,-0.3000292,0.01017335,0.8669766,0.07345129,-0.4928013,12.89673,-149.4478,8.168793
06.12.2023 14:48:28,0.01460276,-0.8631817,0.029887,0.5037966,-3.802042,-150.5494,-0.2816151,0.0101067,0.8670548,0.07332306,-0.492684,12.88058,-149.431,8.166962
06.12.2023 14:48:28,0.01453457,-0.8632726,0.02968692,0.5036545,-3.778336,-150.5298,-0.2761546,0.00995792,0.8670648,0.07344976,-0.4926507,12.88486,-149.4287,8.188873
06.12.2023 14:48:28,0.01461785,-0.8633387,0.02965711,0.5035406,-3.780231,-150.5143,-0.2656757,0.009889175,0.8670403,0.07364903,-0.4926654,12.90076,-149.4333,8.207428
06.12.2023 14:48:28,0.01465035,-0.863416,0.02962542,0.503409,-3.779011,-150.4967,-0.2600422,0.01025579,0.8670494,0.07361258,-0.4926473,12.91803,-149.4288,8.168488
06.12.2023 14:48:28,0.014544,-0.8634772,0.02961989,0.5033075,-3.772352,-150.4834,-0.2698179,0.01085517,0.8669701,0.07349624,-0.4927913,12.94003,-149.4438,8.103119
06.12.2023 14:48:28,0.01455278,-0.8635414,0.02966659,0.5031943,-3.777519,-150.4685,-0.2711557,0.01135164,0.8669136,0.07344667,-0.492887,12.96301,-149.4536,8.051483
06.12.2023 14:48:28,0.01457993,-0.8636078,0.02965649,0.5030801,-3.778122,-150.4532,-0.2673795,0.01126232,0.8668205,0.07366085,-0.4930207,12.97879,-149.4742,8.074066
06.12.2023 14:48:28,0.0147204,-0.86365,0.02965915,0.5030033,-3.786516,-150.4427,-0.2532714,0.01085422,0.8667771,0.07399023,-0.4930569,12.98822,-149.4847,8.134308
06.12.2023 14:48:28,0.01489955,-0.8636429,0.02963586,0.5030117,-3.794544,-150.4434,-0.2341999,0.01050187,0.866845,0.07427644,-0.4929021,12.99722,-149.4692,8.184723
06.12.2023 14:48:28,0.0150386,-0.8636123,0.02981818,0.5030494,-3.820621,-150.4488,-0.2311292,0.01037528,0.8669187,0.07436492,-0.4927619,12.99936,-149.4522,8.201202
06.12.2023 14:48:28,0.01521273,-0.8635708,0.03002699,0.5031028,-3.851343,-150.4564,-0.2261874,0.01053781,0.8670075,0.07437444,-0.4926007,13.01013,-149.4302,8.184021
06.12.2023 14:48:28,0.01529542,-0.8635944,0.03031784,0.5030425,-3.884945,-150.4494,-0.2345502,0.01070692,0.8671279,0.07436465,-0.4923866,13.01956,-149.4008,8.164551
06.12.2023 14:48:28,0.01539649,-0.8635144,0.03072105,0.5031523,-3.93069,-150.4655,-0.2483631,0.0109062,0.8672293,0.07458164,-0.4921706,13.05328,-149.3738,8.155151
06.12.2023 14:48:28,0.01552823,-0.8634312,0.03121165,0.5032608,-3.986862,-150.4817,-0.2642056,0.01110118,0.8672545,0.07453497,-0.4921291,13.05988,-149.3668,8.132568
06.12.2023 14:48:28,0.0157396,-0.863352,0.03151694,0.5033709,-4.029274,-150.4972,-0.2614451,0.01137098,0.8672374,0.07438557,-0.4921756,13.06018,-149.3699,8.097351
06.12.2023 14:48:28,0.01592857,-0.8632908,0.03173952,0.5034559,-4.062209,-150.509,-0.2560069,0.01145259,0.8672816,0.07435832,-0.4920999,13.06235,-149.3592,8.086884
06.12.2023 14:48:28,0.0162351,-0.8631859,0.03211656,0.5036021,-4.117218,-150.5294,-0.2481658,0.01140009,0.8672175,0.07429649,-0.4922234,13.05276,-149.3751,8.089722
06.12.2023 14:48:28,0.01652706,-0.8630961,0.03240492,0.503728,-4.162613,-150.5468,-0.2365481,0.01115424,0.8671786,0.07432352,-0.4922934,13.04123,-149.3859,8.116547
06.12.2023 14:48:28,0.01684114,-0.8629907,0.03280065,0.5038726,-4.219918,-150.567,-0.2290717,0.01101085,0.8671691,0.07452609,-0.4922828,13.05331,-149.3875,8.142517
06.12.2023 14:48:28,0.01707912,-0.8628664,0.03309937,0.5040579,-4.263209,-150.5924,-0.2237293,0.0111047,0.8672653,0.07455333,-0.4921071,13.06198,-149.3641,8.133057
06.12.2023 14:48:28,0.01733455,-0.8627362,0.03338377,0.5042532,-4.306093,-150.6191,-0.2158968,0.01118663,0.8673391,0.07455473,-0.491975,13.06726,-149.3462,8.123718
06.12.2023 14:48:28,0.01747993,-0.8626399,0.03368001,0.5043933,-4.343798,-150.6387,-0.2193968,0.01118129,0.8674362,0.0746128,-0.4917951,13.07339,-149.323,8.125946
06.12.2023 14:48:28,0.01778987,-0.8624862,0.03385579,0.5046334,-4.379083,-150.6707,-0.200117,0.01107869,0.8675321,0.07469781,-0.4916152,13.07669,-149.3006,8.139435
06.12.2023 14:48:28,0.01786076,-0.8623695,0.03390713,0.5048269,-4.388226,-150.6965,-0.1970633,0.01091427,0.8675146,0.0746273,-0.4916606,13.06015,-149.3066,8.152252
06.12.2023 14:48:28,0.01789919,-0.8623123,0.03382148,0.5049291,-4.381954,-150.7096,-0.1887987,0.01086332,0.8674802,0.07456138,-0.4917323,13.05045,-149.3156,8.154205
06.12.2023 14:48:28,0.01799712,-0.8622093,0.03376256,0.5051053,-4.381763,-150.7326,-0.1765709,0.01105256,0.8674758,0.07448442,-0.4917476,13.05347,-149.3158,8.130951
06.12.2023 14:48:28,0.01798813,-0.8621138,0.03356279,0.5052819,-4.361444,-150.7552,-0.1667392,0.01095444,0.8674235,0.07462043,-0.4918213,13.06116,-149.3277,8.149323
06.12.2023 14:48:28,0.01795919,-0.8620236,0.03339253,0.5054481,-4.34289,-150.7766,-0.1605397,0.01069392,0.8673812,0.0749017,-0.491859,13.07425,-149.3372,8.192047
06.12.2023 14:48:28,0.0179989,-0.8619708,0.03331377,0.5055419,-4.337387,-150.7886,-0.1524976,0.01067423,0.8674304,0.07500324,-0.491757,13.08365,-149.325,8.198944
06.12.2023 14:48:28,0.01798541,-0.8619162,0.03311962,0.5056482,-4.317382,-150.8019,-0.1430682,0.01091733,0.8673655,0.07483801,-0.4918913,13.08047,-149.3397,8.16629
06.12.2023 14:48:28,0.01805105,-0.8618692,0.03310127,0.5057272,-4.319365,-150.8122,-0.1358984,0.01116399,0.867314,0.07468772,-0.4919994,13.07913,-149.3511,8.133911
06.12.2023 14:48:28,0.01794887,-0.8619583,0.03305702,0.5055819,-4.309082,-150.7929,-0.1427095,0.01095458,0.8672491,0.07478565,-0.4921038,13.07663,-149.3671,8.16153
06.12.2023 14:48:28,0.01793352,-0.8619354,0.03308284,0.5056198,-4.310739,-150.7981,-0.1459217,0.01067002,0.8672519,0.07494342,-0.4920812,13.07623,-149.3673,8.198914
06.12.2023 14:48:28,0.01775264,-0.8619297,0.03294211,0.5056452,-4.28632,-150.8013,-0.155764,0.01044481,0.8673366,0.07484133,-0.4919521,13.05374,-149.35,8.214355
06.12.2023 14:48:28,0.01767696,-0.8620241,0.03276226,0.5054985,-4.264168,-150.7811,-0.152061,0.01055748,0.8674113,0.07446782,-0.4918748,13.02322,-149.3349,8.180725
06.12.2023 14:48:28,0.01771042,-0.8620927,0.03268763,0.5053852,-4.258746,-150.7656,-0.1438457,0.01058603,0.8674586,0.07423541,-0.4918259,13.00186,-149.3255,8.16394
06.12.2023 14:48:28,0.01763231,-0.86214,0.03249045,0.5053199,-4.23472,-150.7563,-0.1397886,0.01035526,0.8674423,0.07415402,-0.4918717,12.98047,-149.3317,8.18277
06.12.2023 14:48:28,0.01746901,-0.8622334,0.03238963,0.5051726,-4.215303,-150.7366,-0.1493718,0.009998615,0.8673365,0.07429402,-0.4920447,12.97351,-149.358,8.228149
06.12.2023 14:48:28,0.01743521,-0.8623441,0.03233365,0.5049883,-4.207838,-150.7119,-0.1485638,0.01007817,0.867099,0.07410806,-0.4924893,12.95786,-149.4144,8.213531
06.12.2023 14:48:28,0.01750558,-0.8623801,0.0322162,0.504932,-4.200304,-150.7037,-0.134494,0.01089945,0.8669271,0.07380208,-0.4928203,12.97293,-149.4509,8.116699
06.12.2023 14:48:28,0.01758344,-0.8623697,0.03188819,0.5049679,-4.172354,-150.7069,-0.1078977,0.01123017,0.8668208,0.07364485,-0.4930234,12.97537,-149.4745,8.076385
06.12.2023 14:48:28,0.01770175,-0.8623957,0.0316661,0.5049332,-4.157238,-150.701,-0.08310848,0.01142456,0.8668222,0.07356782,-0.4930278,12.97876,-149.4733,8.052521
06.12.2023 14:48:28,0.01796642,-0.8623542,0.03136215,0.5050139,-4.142491,-150.7098,-0.0396261,0.011196,0.8668184,0.07355268,-0.4930421,12.96417,-149.4761,8.074646
06.12.2023 14:48:28,0.01816302,-0.8623213,0.03119761,0.5050732,-4.137602,-150.7166,-0.0108826,0.01067365,0.866943,0.07356415,-0.4928329,12.93634,-149.4509,8.12561
06.12.2023 14:48:28,0.01819838,-0.8623292,0.03113814,0.505062,-4.133767,-150.7147,-0.003871262,0.01016033,0.8670589,0.07345601,-0.4926558,12.89697,-149.4286,8.169037
06.12.2023 14:48:28,0.01815216,-0.8623028,0.03116939,0.5051067,-4.13418,-150.7209,-0.01047916,0.009587227,0.8671768,0.07315727,-0.4925043,12.83521,-149.4077,8.207672
06.12.2023 14:48:28,0.01791821,-0.8621857,0.03132464,0.5053054,-4.135972,-150.7486,-0.04362223,0.009454043,0.8671752,0.07282272,-0.4925593,12.7941,-149.4117,8.202118
06.12.2023 14:48:28,0.01779496,-0.8621748,0.03128342,0.5053309,-4.124747,-150.7521,-0.0535509,0.009503523,0.867111,0.07246891,-0.4927236,12.76108,-149.4292,8.178162
06.12.2023 14:48:28,0.01757368,-0.8621207,0.03122844,0.5054343,-4.10647,-150.7661,-0.07275628,0.009898578,0.8671158,0.07228331,-0.4927346,12.76501,-149.4268,8.128021
06.12.2023 14:48:28,0.01747293,-0.862074,0.03116346,0.5055217,-4.09419,-150.7777,-0.07936722,0.01020787,0.8671588,0.07207423,-0.4926831,12.76199,-149.4161,8.084503
06.12.2023 14:48:28,0.01734473,-0.8620351,0.03098732,0.5056031,-4.069324,-150.7881,-0.08220015,0.01026582,0.8672263,0.07191318,-0.4925868,12.74957,-149.4013,8.068512
06.12.2023 14:48:28,0.01720696,-0.8620402,0.0308164,0.5056096,-4.044426,-150.7886,-0.08592616,0.01016534,0.8672996,0.07196878,-0.4924517,12.74988,-149.3844,8.080566
06.12.2023 14:48:28,0.01708054,-0.8620405,0.03072571,0.5056189,-4.028122,-150.7897,-0.09320784,0.01030602,0.8674048,0.07174947,-0.4922953,12.73657,-149.3606,8.052429
06.12.2023 14:48:28,0.01699749,-0.8620742,0.0306131,0.5055711,-4.012172,-150.7831,-0.09465596,0.01006466,0.8675047,0.07180343,-0.4921165,12.72888,-149.3386,8.078094
06.12.2023 14:48:28,0.01683465,-0.8620664,0.03054116,0.5055941,-3.995609,-150.7862,-0.1066971,0.009762959,0.8675658,0.07186183,-0.4920064,12.71796,-149.326,8.110657
06.12.2023 14:48:28,0.01686237,-0.8621358,0.03052383,0.505476,-3.995517,-150.7703,-0.1023973,0.009533088,0.8676145,0.07207284,-0.491894,12.72632,-149.3145,8.144836
06.12.2023 14:48:28,0.01679762,-0.8621492,0.03056446,0.5054528,-3.995784,-150.7676,-0.1110608,0.009699867,0.8675974,0.07204237,-0.4919254,12.73264,-149.3176,8.126678
06.12.2023 14:48:28,0.01676868,-0.8622048,0.03060199,0.5053566,-3.99783,-150.755,-0.1156619,0.01019523,0.8675897,0.07198875,-0.4919369,12.7554,-149.3162,8.074127
06.12.2023 14:48:28,0.01664324,-0.8622625,0.03073722,0.5052541,-4.00395,-150.7422,-0.1354648,0.01029094,0.8675903,0.07215363,-0.4919096,12.77734,-149.3141,8.073822
06.12.2023 14:48:28,0.01654869,-0.862318,0.03088636,0.5051534,-4.013238,-150.7296,-0.153025,0.01003167,0.8676075,0.07247958,-0.4918366,12.79538,-149.3093,8.11795
06.12.2023 14:48:28,0.01652181,-0.86234,0.03087475,0.5051172,-4.01054,-150.7249,-0.1548434,0.009957029,0.8676212,0.07263345,-0.4917914,12.80664,-149.3054,8.133911
06.12.2023 14:48:29,0.01645351,-0.8624356,0.03093546,0.5049525,-4.012619,-150.7034,-0.1643654,0.01030634,0.8676016,0.0724124,-0.4918513,12.80423,-149.3092,8.086731
06.12.2023 14:48:29,0.01649023,-0.8624539,0.03086452,0.5049244,-4.007732,-150.6992,-0.1564784,0.01087255,0.8676504,0.07219462,-0.491785,12.81491,-149.2953,8.016876
06.12.2023 14:48:29,0.01652684,-0.8624939,0.03082785,0.5048572,-4.006237,-150.69,-0.1504094,0.01097153,0.8676193,0.07216758,-0.4918418,12.81763,-149.3021,8.00592
06.12.2023 14:48:29,0.01654002,-0.8625156,0.03083758,0.5048192,-4.007969,-150.685,-0.1494922,0.01059976,0.8675833,0.07234579,-0.4918871,12.81412,-149.3118,8.053833
06.12.2023 14:48:29,0.01643,-0.8625944,0.0309489,0.5046812,-4.012639,-150.6674,-0.1662105,0.01032327,0.8675473,0.07250597,-0.491933,12.81421,-149.321,8.091187
06.12.2023 14:48:29,0.01632562,-0.8626232,0.03112032,0.5046248,-4.023571,-150.6608,-0.1862383,0.01038543,0.8676077,0.07251851,-0.4918233,12.8194,-149.3063,8.084686
06.12.2023 14:48:29,0.01626995,-0.8626738,0.0313203,0.5045279,-4.04016,-150.6489,-0.2029085,0.01050849,0.8676552,0.07253468,-0.4917344,12.82831,-149.2942,8.07251
06.12.2023 14:48:29,0.01618339,-0.8626897,0.0314325,0.5044965,-4.046262,-150.6454,-0.2178489,0.01055776,0.8676545,0.07263775,-0.4917194,12.84143,-149.2931,8.073395
06.12.2023 14:48:29,0.01623647,-0.8626803,0.03158247,0.5045016,-4.064177,-150.6467,-0.2213209,0.01055078,0.8676795,0.07287124,-0.4916408,12.86456,-149.2854,8.086884
06.12.2023 14:48:29,0.01637053,-0.8626695,0.03170666,0.5045078,-4.084227,-150.6477,-0.21528,0.01063622,0.8676325,0.07285951,-0.4917238,12.86798,-149.2959,8.0784
06.12.2023 14:48:29,0.01640594,-0.8626746,0.03189107,0.5044863,-4.104534,-150.6456,-0.2223762,0.01096873,0.8676322,0.07259411,-0.4917562,12.86029,-149.2956,8.03009
06.12.2023 14:48:29,0.01661616,-0.8626662,0.03201912,0.5044856,-4.129377,-150.6456,-0.2089829,0.01128648,0.8675621,0.07244105,-0.4918953,12.86258,-149.3108,7.990692
06.12.2023 14:48:29,0.01662952,-0.8626041,0.03199525,0.5045928,-4.127762,-150.6597,-0.2067883,0.01112768,0.8675298,0.07247055,-0.4919515,12.85632,-149.3193,8.00882
06.12.2023 14:48:29,0.01671804,-0.8625593,0.03211889,0.5046587,-4.145109,-150.6688,-0.2055165,0.01081393,0.8675119,0.07262143,-0.4919678,12.85345,-149.3247,8.049072
06.12.2023 14:48:29,0.01683582,-0.8625193,0.03221979,0.5047167,-4.161901,-150.6767,-0.199991,0.01060512,0.8676415,0.07266404,-0.4917374,12.84668,-149.2956,8.070343
06.12.2023 14:48:29,0.01691249,-0.8624669,0.03242655,0.5047904,-4.186786,-150.6872,-0.2047661,0.01047269,0.8677314,0.07269756,-0.4915767,12.84305,-149.2753,8.084076
06.12.2023 14:48:29,0.01699981,-0.8624271,0.03258574,0.5048453,-4.207583,-150.695,-0.2056351,0.01050059,0.8677829,0.07276359,-0.4914754,12.85159,-149.2625,8.084167
06.12.2023 14:48:29,0.01711272,-0.8624008,0.03270609,0.5048785,-4.226026,-150.6997,-0.2016087,0.01059326,0.8678031,0.07275097,-0.4914396,12.85571,-149.2571,8.073853
06.12.2023 14:48:29,0.01721544,-0.8623579,0.0328974,0.5049359,-4.250895,-150.708,-0.2028364,0.01071292,0.8677479,0.07284823,-0.49152,12.87192,-149.2683,8.068207
06.12.2023 14:48:29,0.01718936,-0.8622679,0.03299685,0.505084,-4.259188,-150.7282,-0.211932,0.0107134,0.8677117,0.07301252,-0.4915596,12.88818,-149.2755,8.078033
06.12.2023 14:48:29,0.01730159,-0.8622842,0.03299283,0.5050525,-4.265302,-150.7237,-0.2004291,0.01080114,0.8677106,0.07309686,-0.4915471,12.90161,-149.2744,8.074005
06.12.2023 14:48:29,0.01735723,-0.8622038,0.03307179,0.5051827,-4.276309,-150.7413,-0.200156,0.01087166,0.8677409,0.07314739,-0.4914846,12.91086,-149.2663,8.069305
06.12.2023 14:48:29,0.01737404,-0.8621839,0.03296439,0.5052232,-4.266649,-150.7461,-0.1924465,0.01091772,0.867787,0.07309373,-0.4914101,12.90839,-149.2556,8.060883
06.12.2023 14:48:29,0.01732229,-0.8621844,0.03289205,0.5052288,-4.256491,-150.7467,-0.1933924,0.01080297,0.8677562,0.07279731,-0.4915109,12.87198,-149.2661,8.056183
06.12.2023 14:48:29,0.01733663,-0.8621811,0.03293486,0.5052311,-4.261557,-150.7471,-0.1944735,0.01019849,0.8677198,0.07278369,-0.4915902,12.83603,-149.2793,8.116608
06.12.2023 14:48:29,0.01743444,-0.8621587,0.03289573,0.5052685,-4.263348,-150.7517,-0.1826976,0.009824257,0.8676714,0.07268286,-0.4916981,12.80435,-149.2942,8.1492
06.12.2023 14:48:29,0.01736992,-0.8621047,0.03298333,0.5053573,-4.268253,-150.7641,-0.1946216,0.00988132,0.867595,0.07254577,-0.491852,12.79337,-149.3127,8.136963
06.12.2023 14:48:29,0.01742384,-0.8621614,0.03299828,0.5052577,-4.272882,-150.7508,-0.189658,0.01024308,0.8675242,0.07230877,-0.4920044,12.78976,-149.3286,8.08844
06.12.2023 14:48:29,0.01762482,-0.8621485,0.03314798,0.5052629,-4.299343,-150.7516,-0.1784897,0.01078847,0.8675283,0.07215874,-0.4920076,12.80579,-149.3248,8.025238
06.12.2023 14:48:29,0.01765109,-0.8621174,0.03326494,0.5053075,-4.312428,-150.7581,-0.1829146,0.01085853,0.8674331,0.07209717,-0.4921829,12.80301,-149.347,8.016235
06.12.2023 14:48:29,0.01774475,-0.8621643,0.03346258,0.5052111,-4.337431,-150.7459,-0.1846527,0.01063026,0.8673952,0.072159,-0.4922456,12.79599,-149.3571,8.043213
06.12.2023 14:48:29,0.01788618,-0.8621629,0.03360739,0.5051988,-4.359961,-150.7446,-0.1790075,0.01018209,0.867253,0.07211103,-0.4925125,12.76477,-149.394,8.087677
06.12.2023 14:48:29,0.01799371,-0.8621958,0.03362003,0.5051379,-4.367457,-150.7363,-0.168785,0.009822289,0.8671973,0.07178434,-0.4926655,12.71124,-149.4123,8.10614
06.12.2023 14:48:29,0.0182052,-0.8621705,0.03352241,0.5051802,-4.370053,-150.7409,-0.1423781,0.009719506,0.8671325,0.07148719,-0.4928248,12.67523,-149.4305,8.100616
06.12.2023 14:48:29,0.0185142,-0.8621756,0.03344071,0.5051655,-4.379886,-150.7378,-0.1069515,0.009810254,0.867103,0.07114483,-0.4929245,12.64594,-149.4395,8.072632
06.12.2023 14:48:29,0.01885115,-0.8621223,0.0334598,0.5052428,-4.401303,-150.7474,-0.07508737,0.00973507,0.8670254,0.07122825,-0.4930504,12.64954,-149.4574,8.08609
06.12.2023 14:48:29,0.0191159,-0.862117,0.03343504,0.5052435,-4.414205,-150.7467,-0.04743207,0.009466373,0.8669633,0.07122488,-0.4931653,12.63348,-149.4739,8.11377
06.12.2023 14:48:29,0.01922159,-0.8621125,0.03351124,0.5052422,-4.427872,-150.7466,-0.0413894,0.009321264,0.8669576,0.07126254,-0.4931727,12.62894,-149.4759,8.130524
06.12.2023 14:48:29,0.01927806,-0.8621336,0.03361902,0.5051969,-4.441812,-150.7409,-0.04183248,0.009369562,0.8670186,0.07094054,-0.493111,12.59985,-149.4639,8.106506
06.12.2023 14:48:29,0.01908052,-0.8620375,0.03364721,0.5053663,-4.433135,-150.7641,-0.06390898,0.009345664,0.8669808,0.07079664,-0.4931985,12.58386,-149.474,8.101318
06.12.2023 14:48:29,0.01901264,-0.8619935,0.03364346,0.5054443,-4.42882,-150.7746,-0.07081427,0.009210505,0.8669183,0.07065937,-0.4933308,12.56204,-149.4906,8.108032
06.12.2023 14:48:29,0.01888131,-0.8619994,0.03357691,0.5054436,-4.414619,-150.7746,-0.07994166,0.009257736,0.8669705,0.07068186,-0.4932347,12.56729,-149.4779,8.10379
06.12.2023 14:48:29,0.01876392,-0.8619504,0.0333627,0.5055457,-4.386611,-150.7875,-0.07962225,0.009373881,0.8669885,0.07073286,-0.4931937,12.57913,-149.4725,8.094757
06.12.2023 14:48:29,0.01856024,-0.861984,0.03293396,0.5055242,-4.332387,-150.7832,-0.07473005,0.009424533,0.8670152,0.07079211,-0.4931372,12.58813,-149.4655,8.092621
06.12.2023 14:48:29,0.01835421,-0.8619774,0.03255516,0.5055673,-4.282963,-150.7877,-0.07330377,0.009397539,0.86703,0.07093931,-0.4930906,12.60141,-149.4611,8.103455
06.12.2023 14:48:29,0.01813428,-0.8620005,0.03216418,0.5055608,-4.231532,-150.7857,-0.07229678,0.009732072,0.8671181,0.07078718,-0.4929509,12.6058,-149.4393,8.059967
06.12.2023 14:48:29,0.01794813,-0.8619734,0.03190001,0.5056304,-4.194598,-150.7942,-0.07569612,0.009917409,0.8671696,0.07063714,-0.4928781,12.60165,-149.4272,8.032104
06.12.2023 14:48:29,0.01775596,-0.8620064,0.03167837,0.5055951,-4.16153,-150.789,-0.08165335,0.009799004,0.8672321,0.07052235,-0.492787,12.5838,-149.4143,8.036499
06.12.2023 14:48:29,0.017595,-0.8620198,0.03153657,0.5055864,-4.138168,-150.7876,-0.08929605,0.009441032,0.8673214,0.07058798,-0.4926275,12.57056,-149.3955,8.074707
06.12.2023 14:48:29,0.01745396,-0.8620644,0.03133089,0.5055281,-4.10965,-150.7793,-0.09101496,0.008729761,0.8673953,0.07076442,-0.4924852,12.54819,-149.3818,8.154785
06.12.2023 14:48:29,0.01727235,-0.8620787,0.03118818,0.5055189,-4.085001,-150.7779,-0.1006485,0.008547653,0.8674191,0.07076668,-0.4924461,12.53821,-149.3774,8.172791
06.12.2023 14:48:29,0.01704609,-0.8621005,0.03102553,0.5054995,-4.055791,-150.7751,-0.1134945,0.008687325,0.8674947,0.07052969,-0.4923444,12.52292,-149.3607,8.144226
06.12.2023 14:48:29,0.01676434,-0.8621504,0.03077803,0.5054388,-4.01498,-150.7667,-0.1267086,0.009165279,0.8674694,0.07038975,-0.4924004,12.53592,-149.3644,8.088837
06.12.2023 14:48:29,0.01664996,-0.8622021,0.03052068,0.50537,-3.982901,-150.7567,-0.1227496,0.00925539,0.8674565,0.07047465,-0.4924093,12.54947,-149.3661,8.084808
06.12.2023 14:48:29,0.01653548,-0.8622193,0.03027004,0.5053595,-3.951473,-150.7545,-0.1194641,0.009198243,0.8674383,0.07058176,-0.4924271,12.55682,-149.37,8.096863
06.12.2023 14:48:29,0.01636275,-0.8622067,0.02988526,0.5054096,-3.90339,-150.76,-0.114425,0.009209231,0.8675484,0.07065397,-0.4922225,12.56537,-149.3436,8.098145
06.12.2023 14:48:29,0.01623266,-0.862264,0.02962903,0.505331,-3.870513,-150.7488,-0.1120543,0.009254307,0.8676205,0.07060131,-0.4921021,12.56311,-149.3268,8.089539
06.12.2023 14:48:29,0.01602346,-0.86228,0.02927746,0.5053309,-3.823608,-150.7478,-0.1123321,0.009270363,0.8676549,0.07062724,-0.4920375,12.56686,-149.3185,8.088867
06.12.2023 14:48:29,0.01572197,-0.8623211,0.02923087,0.5052729,-3.801531,-150.7406,-0.1392118,0.009262647,0.8676801,0.07060559,-0.4919962,12.56439,-149.3128,8.088013
06.12.2023 14:48:29,0.01540223,-0.8623319,0.02904393,0.5052751,-3.764504,-150.7408,-0.1600112,0.009328694,0.8677261,0.07055623,-0.491921,12.56351,-149.302,8.077911
06.12.2023 14:48:29,0.015185,-0.8623863,0.02889866,0.5051972,-3.737559,-150.7303,-0.1727345,0.009335284,0.8677041,0.07052997,-0.4919634,12.5611,-149.3073,8.076111
06.12.2023 14:48:29,0.01501745,-0.8624154,0.02874394,0.5051614,-3.712551,-150.7253,-0.1801775,0.009526996,0.8677339,0.07062959,-0.4918929,12.58218,-149.2982,8.062073
06.12.2023 14:48:29,0.01486264,-0.8624561,0.02870289,0.5050986,-3.699532,-150.7171,-0.1928492,0.009598901,0.8677561,0.07066697,-0.4918471,12.59015,-149.2922,8.05661
06.12.2023 14:48:29,0.01478585,-0.8624157,0.0286444,0.5051733,-3.68928,-150.7269,-0.1973737,0.009858551,0.8677505,0.07070076,-0.4918469,12.60825,-149.2914,8.032593
06.12.2023 14:48:29,0.01474121,-0.8624521,0.0286392,0.5051126,-3.686193,-150.719,-0.2012315,0.009939318,0.8677285,0.07076272,-0.4918751,12.6189,-149.2955,8.028351
06.12.2023 14:48:29,0.01475446,-0.8624626,0.02863648,0.5050946,-3.686696,-150.7165,-0.1996841,0.009716132,0.8677195,0.07098018,-0.491864,12.62793,-149.2974,8.063141
06.12.2023 14:48:29,0.01465204,-0.8624503,0.02863765,0.5051184,-3.68087,-150.7199,-0.2099927,0.009144403,0.867754,0.07136201,-0.4917589,12.63391,-149.2904,8.141449
06.12.2023 14:48:29,0.01460787,-0.8624821,0.02892444,0.505049,-3.706701,-150.7119,-0.2307246,0.008928634,0.8677831,0.07150368,-0.4916911,12.63602,-149.2839,8.170624
06.12.2023 14:48:29,0.01467349,-0.8624725,0.02902843,0.5050578,-3.720788,-150.7133,-0.2303054,0.0093643,0.8678095,0.07137487,-0.491655,12.64804,-149.2757,8.119293
06.12.2023 14:48:29,0.01471249,-0.8624815,0.02921038,0.5050308,-3.741055,-150.7104,-0.2368952,0.009690404,0.8677642,0.07136086,-0.4917307,12.66489,-149.2841,8.086517
06.12.2023 14:48:29,0.01466572,-0.8625039,0.02941844,0.5049816,-3.758943,-150.7048,-0.2533951,0.009868912,0.8677018,0.07152107,-0.491814,12.6907,-149.2962,8.078644
06.12.2023 14:48:29,0.01481779,-0.8624883,0.02955631,0.5049959,-3.781389,-150.707,-0.2464103,0.009908503,0.8676738,0.07182165,-0.4918187,12.72287,-149.3,8.092102
06.12.2023 14:48:29,0.01484247,-0.8624179,0.02980364,0.5051008,-3.807257,-150.7219,-0.2587966,0.009871352,0.8677087,0.07230581,-0.491687,12.7695,-149.2882,8.12262
06.12.2023 14:48:29,0.0149168,-0.8624071,0.02985986,0.5051137,-3.817122,-150.7237,-0.2547607,0.009897565,0.8677554,0.07237235,-0.4915942,12.77795,-149.2765,8.122986
06.12.2023 14:48:29,0.01500596,-0.8624368,0.02998082,0.5050532,-3.834273,-150.7159,-0.2526932,0.01005397,0.8677277,0.07246979,-0.4916256,12.79642,-149.2811,8.113251
06.12.2023 14:48:29,0.01515407,-0.8623799,0.03013862,0.5051367,-3.858442,-150.7274,-0.2475709,0.01005272,0.8677545,0.07258421,-0.4915615,12.80798,-149.2739,8.119415
06.12.2023 14:48:29,0.01515189,-0.8623557,0.03021331,0.5051736,-3.865695,-150.7326,-0.2522918,0.009815721,0.8677251,0.07273575,-0.4915957,12.80951,-149.2813,8.152191
06.12.2023 14:48:29,0.01527913,-0.8623075,0.03032511,0.5052452,-3.884107,-150.7423,-0.2465156,0.009863583,0.8677744,0.07263158,-0.4915231,12.80209,-149.2702,8.140717
06.12.2023 14:48:29,0.01538689,-0.8622661,0.03056928,0.5052978,-3.914492,-150.7502,-0.2502792,0.01016127,0.8677807,0.0724617,-0.491531,12.80203,-149.2679,8.101196
06.12.2023 14:48:29,0.01533106,-0.8622739,0.03076008,0.5052748,-3.930136,-150.748,-0.2667922,0.009995524,0.8677754,0.07245272,-0.4915452,12.79169,-149.2705,8.117401
06.12.2023 14:48:29,0.01539968,-0.862221,0.03074866,0.5053636,-3.932957,-150.7596,-0.2597414,0.009714469,0.8677428,0.07269353,-0.4915726,12.79965,-149.2782,8.159668
06.12.2023 14:48:29,0.01560291,-0.8622344,0.03090395,0.505325,-3.960113,-150.7547,-0.2484755,0.009498562,0.8677356,0.07280116,-0.4915737,12.7981,-149.2805,8.187531
06.12.2023 14:48:29,0.01574734,-0.8622243,0.03108514,0.5053266,-3.986408,-150.7554,-0.2447199,0.00969422,0.8677589,0.07264725,-0.4915517,12.79395,-149.275,8.158844
06.12.2023 14:48:29,0.01592373,-0.8621822,0.03119666,0.5053862,-4.00765,-150.7634,-0.2340192,0.009884159,0.8677331,0.0723922,-0.491631,12.77902,-149.2817,8.125824
06.12.2023 14:48:29,0.01610541,-0.8621571,0.03143208,0.5054086,-4.041466,-150.767,-0.2298292,0.009792957,0.8676917,0.07235414,-0.4917114,12.76978,-149.2923,8.133453
06.12.2023 14:48:29,0.01624924,-0.8621693,0.03174613,0.5053635,-4.080883,-150.762,-0.2336423,0.009486193,0.8676609,0.07225186,-0.4917868,12.74188,-149.3026,8.158936
06.12.2023 14:48:29,0.01646326,-0.8621531,0.03185781,0.5053772,-4.104336,-150.7638,-0.219015,0.00938854,0.8675822,0.07211317,-0.4919479,12.72192,-149.3228,8.162109
06.12.2023 14:48:29,0.01701947,-0.8620871,0.03202423,0.5054609,-4.153037,-150.7744,-0.1740328,0.009619687,0.8675321,0.07180918,-0.4920761,12.70432,-149.3353,8.122559
06.12.2023 14:48:29,0.0174476,-0.8619528,0.03209655,0.5056707,-4.184989,-150.8016,-0.1368748,0.009755353,0.8675687,0.07153563,-0.4920489,12.68488,-149.328,8.092926
06.12.2023 14:48:29,0.01780104,-0.8618942,0.03219413,0.505752,-4.215138,-150.812,-0.1079654,0.009672534,0.8675868,0.07134246,-0.4920466,12.66092,-149.3259,8.090027
06.12.2023 14:48:30,0.01807342,-0.8618681,0.03227412,0.5057817,-4.238854,-150.8157,-0.08580602,0.00935971,0.8675658,0.07124699,-0.4921035,12.63342,-149.3338,8.116333
06.12.2023 14:48:30,0.01834712,-0.8618162,0.03239824,0.5058523,-4.267009,-150.825,-0.06628889,0.009001452,0.8676153,0.07109803,-0.4920444,12.59845,-149.3259,8.143036
06.12.2023 14:48:30,0.01833462,-0.8617931,0.03250337,0.5058854,-4.276676,-150.8299,-0.07381129,0.008871595,0.867613,0.07081331,-0.4920919,12.56253,-149.3296,8.139984
06.12.2023 14:48:30,0.01834735,-0.8617634,0.03258757,0.5059301,-4.285737,-150.8362,-0.07767649,0.009036334,0.867697,0.07055292,-0.4919782,12.54636,-149.3109,8.107452
06.12.2023 14:48:30,0.01839058,-0.8616886,0.032622,0.5060539,-4.291642,-150.8527,-0.07601994,0.008998266,0.8677022,0.07052059,-0.4919743,12.54099,-149.3102,8.109375
06.12.2023 14:48:30,0.01842629,-0.861685,0.03262294,0.5060585,-4.293808,-150.8532,-0.07256377,0.008816148,0.8676788,0.07080486,-0.4919781,12.55896,-149.3146,8.144043
06.12.2023 14:48:30,0.01849827,-0.8616795,0.03258165,0.5060679,-4.293905,-150.8542,-0.06308184,0.008827739,0.8676979,0.07081847,-0.4919423,12.5611,-149.31,8.143341
06.12.2023 14:48:30,0.01864536,-0.8616754,0.03258848,0.506069,-4.303123,-150.854,-0.0489279,0.009565622,0.86775,0.07062335,-0.4918646,12.58383,-149.2942,8.057587
06.12.2023 14:48:30,0.01876739,-0.861659,0.03256927,0.5060937,-4.308309,-150.8569,-0.03585501,0.009980742,0.8677853,0.07023646,-0.4918495,12.56891,-149.2861,7.993591
06.12.2023 14:48:30,0.01888439,-0.8616198,0.03264968,0.5061508,-4.323052,-150.8645,-0.02924663,0.01003969,0.8678005,0.07006448,-0.4918459,12.55511,-149.2834,7.977722
06.12.2023 14:48:30,0.01896988,-0.8616535,0.03270697,0.5060866,-4.333684,-150.856,-0.02379911,0.009697766,0.8678334,0.06993319,-0.4918135,12.52274,-149.2792,8.004089
06.12.2023 14:48:30,0.01915498,-0.8616439,0.03287298,0.5060853,-4.360849,-150.8561,-0.01514282,0.009537449,0.8678836,0.06980498,-0.4917463,12.5011,-149.2696,8.012146
06.12.2023 14:48:30,0.01946457,-0.8616512,0.03295476,0.5060557,-4.386916,-150.8518,5.010895,0.009550461,0.8679141,0.06962232,-0.4917179,12.48373,-149.2638,8.000061
06.12.2023 14:48:30,0.01968749,-0.861607,0.03298197,0.5061205,-4.402554,-150.86,5.031036,0.009687967,0.8679723,0.06922349,-0.4916689,12.45197,-149.2524,7.96286
06.12.2023 14:48:30,0.01977473,-0.8616123,0.0330463,0.5061039,-4.413981,-150.8578,5.036011,0.009377543,0.8679312,0.06917551,-0.4917543,12.42926,-149.2645,7.991913
06.12.2023 14:48:30,0.01992175,-0.8615752,0.03321427,0.5061504,-4.439133,-150.8644,5.040527,0.008917389,0.8678826,0.06921978,-0.4918423,12.40726,-149.2787,8.041229
06.12.2023 14:48:30,0.01996597,-0.8615103,0.03333045,0.5062513,-4.453193,-150.8783,5.037628,0.008507899,0.8678167,0.06929674,-0.491955,12.3913,-149.2963,8.087585
06.12.2023 14:48:30,0.02008779,-0.8614805,0.0333236,0.5062978,-4.459596,-150.8841,5.049835,0.008753061,0.867866,0.06895521,-0.4919118,12.37134,-149.2857,8.042999
06.12.2023 14:48:30,0.02021205,-0.8614748,0.03325865,0.5063068,-4.460395,-150.8847,5.065857,0.009290245,0.8679627,0.06852262,-0.4917918,12.3591,-149.2628,7.963318
06.12.2023 14:48:30,0.02028789,-0.8614068,0.03321088,0.5064225,-4.46009,-150.8997,5.075562,0.009307045,0.8680453,0.0680835,-0.4917067,12.31659,-149.2467,7.935608
06.12.2023 14:48:30,0.02043079,-0.861329,0.0331714,0.5065519,-4.464505,-150.9164,5.091339,0.009177331,0.868027,0.06818872,-0.4917267,12.31964,-149.2511,7.954803
06.12.2023 14:48:30,0.0205357,-0.8612944,0.03320418,0.5066042,-4.47385,-150.9233,5.099518,0.008788503,0.8680004,0.06830226,-0.491765,12.30878,-149.2591,8.000549
06.12.2023 14:48:30,0.02053831,-0.8612547,0.03318159,0.506673,-4.471776,-150.9324,5.100739,0.008937254,0.8680954,0.06805306,-0.4916292,12.29285,-149.2378,7.970184
06.12.2023 14:48:30,0.02047559,-0.8612432,0.03320093,0.5066938,-4.470043,-150.9354,5.093292,0.009778199,0.8681588,0.06767727,-0.4915533,12.30334,-149.2201,7.86377
06.12.2023 14:48:30,0.0204877,-0.8612036,0.03326831,0.5067563,-4.477415,-150.944,5.09024,0.01026762,0.8680927,0.06744904,-0.4916912,12.30789,-149.2338,7.802826
06.12.2023 14:48:30,0.02060005,-0.8611798,0.03325488,0.506793,-4.482625,-150.9485,5.101959,0.01005078,0.8680627,0.06776646,-0.491705,12.32718,-149.2399,7.842926
06.12.2023 14:48:30,0.02062112,-0.8611813,0.03329742,0.5067869,-4.488055,-150.9478,5.101593,0.009951814,0.8681089,0.06778389,-0.491623,12.32358,-149.2297,7.853119
06.12.2023 14:48:30,0.0207236,-0.8611696,0.03332279,0.5068009,-4.496525,-150.9496,5.110168,0.01016443,0.8680846,0.06761837,-0.4916844,12.31894,-149.2351,7.822845
06.12.2023 14:48:30,0.02064202,-0.8611602,0.03337108,0.5068169,-4.496553,-150.9521,5.099213,0.01051269,0.8681739,0.06722774,-0.491573,12.30011,-149.2148,7.764557
06.12.2023 14:48:30,0.02058966,-0.8612105,0.03334074,0.5067356,-4.490501,-150.9413,5.096222,0.01077136,0.868193,0.0668773,-0.4915814,12.27979,-149.2111,7.718567
06.12.2023 14:48:30,0.02046849,-0.8611863,0.03347497,0.5067728,-4.496726,-150.9471,5.076202,0.01119828,0.8682221,0.06656975,-0.4915623,12.27338,-149.2035,7.65802
06.12.2023 14:48:30,0.02036453,-0.8612123,0.03340981,0.5067372,-4.484237,-150.9424,5.069916,0.01149423,0.8683069,0.06630357,-0.4914416,12.26398,-149.1835,7.612061
06.12.2023 14:48:30,0.02030313,-0.8612036,0.03338966,0.5067557,-4.478675,-150.9449,5.064911,0.01115965,0.8683457,0.06653672,-0.4913492,12.26855,-149.1751,7.658173
06.12.2023 14:48:30,0.02015513,-0.8612201,0.03339782,0.506733,-4.470873,-150.9423,5.049896,0.01208338,0.8683645,0.06568289,-0.4914092,12.23557,-149.1704,7.517151
06.12.2023 14:48:30,0.02002444,-0.8612402,0.033374,0.5067055,-4.460917,-150.9388,5.038513,0.01262283,0.8683851,0.06522258,-0.4914204,12.22018,-149.1649,7.436829
06.12.2023 14:48:30,0.01989483,-0.8612104,0.03315865,0.5067756,-4.432098,-150.9475,5.037872,0.01293643,0.8683903,0.06520993,-0.4914048,12.23676,-149.1614,7.404572
06.12.2023 14:48:30,0.01972693,-0.861278,0.03298543,0.5066784,-4.405208,-150.9342,5.031891,0.01244482,0.8683168,0.06551915,-0.4915061,12.23944,-149.18,7.472382
06.12.2023 14:48:30,0.01952225,-0.8612952,0.03290212,0.5066626,-4.385073,-150.9323,5.016571,0.01219755,0.8682611,0.06595311,-0.4915528,12.26859,-149.1917,7.522461
06.12.2023 14:48:30,0.01936371,-0.8613328,0.03271182,0.5066171,-4.357045,-150.9258,5.012207,0.01236182,0.8682439,0.06621154,-0.4915443,12.30368,-149.1924,7.520813
06.12.2023 14:48:30,0.01923868,-0.8613408,0.03258506,0.5066164,-4.337246,-150.9254,5.007233,0.01257051,0.8682405,0.06637861,-0.4915224,12.33224,-149.1903,7.509369
06.12.2023 14:48:30,0.01906879,-0.8613989,0.03237178,0.5065377,-4.306287,-150.9144,0.003252455,0.01304081,0.8681799,0.06631313,-0.4916262,12.35205,-149.2014,7.459412
06.12.2023 14:48:30,0.01899635,-0.861372,0.03231793,0.5065897,-4.296753,-150.9213,-0.001034051,0.01358825,0.8681038,0.06614058,-0.4917689,12.36548,-149.2162,7.395935
06.12.2023 14:48:30,0.01880266,-0.8614223,0.03220879,0.5065182,-4.274708,-150.9117,-0.01347995,0.01349868,0.8679647,0.06614612,-0.4920161,12.36029,-149.2493,7.407318
06.12.2023 14:48:30,0.01873817,-0.8614159,0.032207,0.5065317,-4.270782,-150.9137,-0.01982289,0.01339982,0.8679332,0.06619548,-0.4920677,12.35944,-149.2571,7.420502
06.12.2023 14:48:30,0.0185602,-0.8614608,0.03214856,0.5064655,-4.254663,-150.9051,-0.03369676,0.01319765,0.8679201,0.06626467,-0.4920869,12.35483,-149.2613,7.444855
06.12.2023 14:48:30,0.01838474,-0.8614836,0.03204171,0.50644,-4.233904,-150.9016,-0.0447035,0.0128321,0.8679026,0.06620294,-0.4921357,12.32779,-149.2687,7.478302
06.12.2023 14:48:30,0.01833647,-0.8615159,0.03202061,0.506388,-4.229017,-150.8947,-0.04799515,0.01267178,0.867869,0.06634073,-0.4921805,12.33231,-149.2767,7.502625
06.12.2023 14:48:30,0.01823071,-0.8615522,0.03194945,0.5063346,-4.21584,-150.8875,-0.05405011,0.01289932,0.8678068,0.06630362,-0.4922894,12.34119,-149.2898,7.478668
06.12.2023 14:48:30,0.01819514,-0.8615903,0.03199839,0.506268,-4.218617,-150.879,-0.06009432,0.01328532,0.867831,0.06615202,-0.4922568,12.34808,-149.2823,7.431061
06.12.2023 14:48:30,0.0180689,-0.8616393,0.03205569,0.5061854,-4.216955,-150.8685,-0.07551926,0.01353054,0.8678139,0.06598549,-0.4923027,12.34528,-149.2856,7.397308
06.12.2023 14:48:30,0.0180888,-0.8616597,0.03215898,0.5061435,-4.228326,-150.8633,-0.07936139,0.01353022,0.8678277,0.06592406,-0.4922865,12.33917,-149.2828,7.393677
06.12.2023 14:48:30,0.01803908,-0.861691,0.03216225,0.5060917,-4.225766,-150.8566,-0.08421725,0.01329808,0.8677791,0.06586666,-0.4923862,12.32001,-149.2964,7.414429
06.12.2023 14:48:30,0.0181908,-0.8616795,0.0321146,0.5061089,-4.229865,-150.8583,-0.06651171,0.01331018,0.8677824,0.06580003,-0.4923892,12.31406,-149.2961,7.409424
06.12.2023 14:48:30,0.01843799,-0.8616772,0.03187612,0.506119,-4.220641,-150.858,-0.02821005,0.01321733,0.8677239,0.06565025,-0.4925146,12.29349,-149.3116,7.411133
06.12.2023 14:48:30,0.01875381,-0.8616492,0.03196557,0.5061495,-4.247827,-150.8617,-0.002315391,0.01323827,0.8677059,0.06558154,-0.4925548,12.28772,-149.3162,7.405426
06.12.2023 14:48:30,0.0189789,-0.8615772,0.03206183,0.5062576,-4.270421,-150.876,5.013824,0.01341823,0.8677365,0.06545895,-0.4925125,12.28586,-149.3086,7.380005
06.12.2023 14:48:30,0.01902334,-0.861558,0.0322166,0.5062786,-4.288304,-150.8793,5.009094,0.01340036,0.8676832,0.06538305,-0.4926169,12.27698,-149.3217,7.378296
06.12.2023 14:48:30,0.01906782,-0.8615683,0.03241945,0.5062464,-4.310943,-150.8758,0.001838681,0.01326969,0.8676597,0.06545352,-0.4926524,12.27649,-149.3277,7.395721
06.12.2023 14:48:30,0.01901978,-0.8615159,0.03268194,0.5063206,-4.334103,-150.887,-0.01858152,0.01290414,0.8675815,0.06560971,-0.492779,12.27094,-149.3476,7.442352
06.12.2023 14:48:30,0.01897474,-0.8614282,0.03288612,0.5064583,-4.351665,-150.9063,-0.03563422,0.01248165,0.867531,0.06574456,-0.4928609,12.26013,-149.3616,7.493042
06.12.2023 14:48:30,0.018988,-0.8614064,0.03294925,0.5064907,-4.358676,-150.9109,-0.03816649,0.01234269,0.8674935,0.06580259,-0.4929226,12.25784,-149.371,7.510803
06.12.2023 14:48:30,0.01911676,-0.86134,0.03305228,0.5065922,-4.37634,-150.9246,-0.03194958,0.0134927,0.8674024,0.06542028,-0.4931038,12.28461,-149.3862,7.375336
06.12.2023 14:48:30,0.01914289,-0.8613439,0.03312,0.5065802,-4.384554,-150.9232,-0.03325083,0.01476796,0.8673784,0.06462587,-0.4932142,12.27765,-149.3875,7.202972
06.12.2023 14:48:30,0.01918403,-0.8613189,0.03314946,0.5066192,-4.389856,-150.9284,-0.03109816,0.01572917,0.8673192,0.06403084,-0.493366,12.27264,-149.3977,7.073883
06.12.2023 14:48:30,0.01926261,-0.8613475,0.03324688,0.5065611,-4.404056,-150.9209,-0.0287071,0.01588791,0.8673276,0.06394377,-0.4933574,12.27301,-149.3951,7.052917
06.12.2023 14:48:30,0.01938952,-0.8613556,0.03337318,0.5065341,-4.423919,-150.9176,-0.02337553,0.01579314,0.8673148,0.06388498,-0.4933906,12.26169,-149.3993,7.059265
06.12.2023 14:48:30,0.01954967,-0.8613808,0.03362333,0.5064686,-4.457959,-150.9096,-0.02177521,0.01554598,0.8673492,0.06385488,-0.4933419,12.24475,-149.3936,7.081848
06.12.2023 14:48:30,0.01980731,-0.8613821,0.03380248,0.5064445,-4.490644,-150.9066,-0.006599868,0.01517754,0.8673838,0.06389078,-0.493288,12.22751,-149.3884,7.1203
06.12.2023 14:48:30,0.02004399,-0.8613502,0.03392697,0.5064811,-4.516709,-150.9114,5.009369,0.01527881,0.8673474,0.0638054,-0.49336,12.22458,-149.3967,7.105835
06.12.2023 14:48:30,0.02016028,-0.8612946,0.03405742,0.5065621,-4.536366,-150.9225,5.012848,0.0155603,0.8672978,0.06380107,-0.4934389,12.23996,-149.4059,7.078125
06.12.2023 14:48:30,0.02027173,-0.861275,0.03425751,0.5065778,-4.562624,-150.9252,5.012115,0.01595796,0.8672621,0.06371216,-0.4935004,12.25357,-149.4115,7.033783
06.12.2023 14:48:30,0.02030736,-0.861285,0.03449857,0.5065429,-4.588525,-150.9216,0.001772351,0.01629274,0.8672256,0.06365263,-0.4935612,12.26654,-149.4176,6.997375
06.12.2023 14:48:30,0.02026889,-0.8612574,0.03465251,0.5065808,-4.601506,-150.9275,-0.01121653,0.01602283,0.8670921,0.06414839,-0.4937404,12.30017,-149.4472,7.054443
06.12.2023 14:48:30,0.02032205,-0.8612281,0.0347172,0.506624,-4.610991,-150.9334,-0.009960987,0.01568581,0.8669448,0.06476521,-0.4939292,12.34198,-149.4798,7.125336
06.12.2023 14:48:30,0.02050062,-0.8611633,0.03460275,0.5067349,-4.610063,-150.9472,5.013794,0.01596428,0.8668633,0.06502154,-0.4940298,12.38312,-149.4944,7.113159
06.12.2023 14:48:30,0.02069202,-0.8611029,0.03454738,0.5068334,-4.615726,-150.9595,5.035431,0.01627392,0.8668483,0.06501422,-0.4940469,12.39996,-149.4953,7.08194
06.12.2023 14:48:30,0.02077277,-0.8610569,0.03441498,0.5069174,-4.607343,-150.9699,5.05069,0.01634848,0.8668454,0.06470913,-0.4940897,12.37372,-149.4977,7.057251
06.12.2023 14:48:30,0.02093348,-0.8609754,0.0345178,0.5070421,-4.626863,-150.9866,5.059937,0.01512683,0.8669564,0.06446286,-0.4939661,12.27994,-149.4841,7.164032
06.12.2023 14:48:30,0.02095292,-0.8609474,0.0346029,0.5070831,-4.636408,-150.9924,5.056671,0.01452629,0.8669268,0.06358228,-0.4941499,12.15759,-149.5025,7.174774
06.12.2023 14:48:30,0.02102848,-0.8609095,0.03478754,0.5071317,-4.659054,-150.9995,5.053101,0.0144953,0.8668147,0.06323003,-0.4943927,12.12015,-149.5314,7.159546
06.12.2023 14:48:30,0.02094413,-0.8608737,0.03486808,0.5071905,-4.662107,-151.008,5.039734,0.01487094,0.8667458,0.06318483,-0.494508,12.13675,-149.5447,7.120361
06.12.2023 14:48:30,0.02096744,-0.8608341,0.03485411,0.5072576,-4.662086,-151.0168,5.04248,0.01497922,0.8665395,0.06335576,-0.4948445,12.15912,-149.5905,7.122192
06.12.2023 14:48:30,0.02107035,-0.8607646,0.03495609,0.5073642,-4.67816,-151.0312,5.046112,0.01446427,0.8664428,0.06359559,-0.4949982,12.15323,-149.6154,7.188751
06.12.2023 14:48:30,0.02126615,-0.8607271,0.03496977,0.5074188,-4.690918,-151.0381,5.064392,0.0144801,0.8661756,0.06357364,-0.495468,12.15076,-149.6775,7.189819
06.12.2023 14:48:30,0.02127157,-0.8606755,0.03487264,0.5075127,-4.681645,-151.0501,5.070099,0.01483643,0.8660189,0.06338787,-0.4957552,12.15192,-149.7123,7.145874
06.12.2023 14:48:30,0.02132825,-0.8606024,0.03483851,0.5076365,-4.681586,-151.0663,5.077026,0.01522514,0.8657927,0.06286106,-0.4962053,12.12064,-149.7654,7.080322
06.12.2023 14:48:30,0.02128025,-0.8606041,0.03472642,0.5076433,-4.667717,-151.0668,5.078796,0.01502981,0.8656235,0.06210038,-0.496602,12.03287,-149.8117,7.05899
06.12.2023 14:48:30,0.02126019,-0.8605343,0.03469615,0.5077647,-4.66357,-151.0829,5.077911,0.01474526,0.8654801,0.06161709,-0.4969208,11.96777,-149.8507,7.061951
06.12.2023 14:48:30,0.02119226,-0.860507,0.03472579,0.5078117,-4.662542,-151.0895,5.069214,0.01435746,0.8652548,0.06115974,-0.4973807,11.89902,-149.909,7.077789
06.12.2023 14:48:30,0.02126131,-0.8604949,0.03482315,0.5078226,-4.676185,-151.0912,5.070282,0.01411971,0.8651366,0.06087181,-0.4976283,11.85617,-149.9402,7.086731
06.12.2023 14:48:31,0.0213222,-0.8604219,0.03476957,0.5079475,-4.674453,-151.1075,5.078766,0.01446375,0.8651045,0.06051638,-0.4977176,11.84039,-149.9474,7.032562
06.12.2023 14:48:31,0.02132416,-0.8603432,0.03485387,0.5080749,-4.682904,-151.1249,5.073334,0.0143384,0.8650998,0.06059586,-0.4977197,11.84109,-149.9489,7.049683
06.12.2023 14:48:31,0.02131499,-0.8601736,0.03489091,0.5083598,-4.686049,-151.1631,5.068695,0.01408634,0.8649855,0.06075798,-0.4979058,11.84229,-149.9762,7.085663
06.12.2023 14:48:31,0.02121793,-0.8600966,0.03490609,0.5084931,-4.681894,-151.1812,5.057495,0.01351959,0.8648804,0.06109081,-0.4980633,11.84247,-150.0025,7.162689
06.12.2023 14:48:31,0.02123378,-0.8599914,0.03495038,0.5086673,-4.687204,-151.2046,5.055511,0.01317132,0.8648617,0.06112617,-0.4981007,11.8259,-150.0092,7.199738
06.12.2023 14:48:31,0.02119594,-0.8599243,0.0349598,0.5087817,-4.685931,-151.22,5.050598,0.01363231,0.8648129,0.06054915,-0.4982436,11.79468,-150.0209,7.121429
06.12.2023 14:48:31,0.02105064,-0.85988,0.03494468,0.5088636,-4.675957,-151.2313,5.036682,0.01465151,0.8646846,0.05963551,-0.4985475,11.76172,-150.0489,6.969269
06.12.2023 14:48:31,0.02105157,-0.8598489,0.03490249,0.5089189,-4.671849,-151.2385,5.03894,0.01516461,0.8646263,0.0590441,-0.4987034,11.73212,-150.0623,6.88504
06.12.2023 14:48:31,0.0210786,-0.8598431,0.03488103,0.5089292,-4.67131,-151.2397,5.042816,0.0152928,0.8645815,0.05856875,-0.4988333,11.69199,-150.0748,6.845703
06.12.2023 14:48:31,0.02109896,-0.8597428,0.03495376,0.5090928,-4.679686,-151.2618,5.039673,0.01499208,0.8646406,0.05839029,-0.498761,11.65717,-150.0648,6.864716
06.12.2023 14:48:31,0.02119265,-0.8597494,0.03490836,0.5090809,-4.68068,-151.2597,5.051636,0.01458946,0.8647056,0.05813894,-0.4986897,11.60925,-150.0546,6.889648
06.12.2023 14:48:31,0.02119949,-0.8597142,0.03496109,0.5091364,-4.686286,-151.2674,5.04892,0.01426821,0.8648102,0.05773546,-0.4985643,11.55099,-150.0356,6.897247
06.12.2023 14:48:31,0.02120697,-0.8597665,0.03500425,0.5090448,-4.690978,-151.2553,5.047638,0.01349192,0.8647482,0.0576952,-0.4986981,11.50214,-150.056,6.973206
06.12.2023 14:48:31,0.02118489,-0.8598028,0.0349447,0.5089884,-4.683806,-151.2476,5.049255,0.0127737,0.8646649,0.0578823,-0.4988398,11.47916,-150.0792,7.056641
06.12.2023 14:48:31,0.02115152,-0.8598135,0.03496013,0.5089707,-4.683379,-151.2454,5.045135,0.01238055,0.8645174,0.05791625,-0.4991013,11.45932,-150.1157,7.099701
06.12.2023 14:48:31,0.02114466,-0.8597933,0.0349196,0.5090079,-4.678981,-151.2502,5.046631,0.01232477,0.8643334,0.05799628,-0.4994121,11.46329,-150.158,7.112213
06.12.2023 14:48:31,0.02110257,-0.8598385,0.03499999,0.5089278,-4.684451,-151.24,5.038208,0.01396483,0.8642027,0.05761848,-0.4996387,11.51959,-150.1786,6.928802
06.12.2023 14:48:31,0.02099317,-0.8598619,0.03510098,0.5088859,-4.688027,-151.2351,5.021698,0.01505704,0.8641802,0.0572933,-0.4996832,11.55005,-150.1775,6.801575
06.12.2023 14:48:31,0.02096377,-0.8598894,0.03519045,0.5088342,-4.695139,-151.2288,5.013855,0.01612205,0.8641657,0.05707069,-0.4997005,11.58917,-150.1738,6.6828
06.12.2023 14:48:31,0.02092549,-0.8599547,0.03521056,0.5087243,-4.694887,-151.2143,5.009491,0.01629424,0.8641999,0.0569484,-0.4996497,11.58704,-150.1654,6.658173
06.12.2023 14:48:31,0.02095981,-0.8599634,0.03524052,0.508706,-4.699848,-151.2119,5.01123,0.01595126,0.8641705,0.05679786,-0.4997289,11.55222,-150.1759,6.684143
06.12.2023 14:48:31,0.02119759,-0.8599925,0.03522921,0.5086477,-4.712614,-151.2034,5.035706,0.01549716,0.8641476,0.056439,-0.4998234,11.4903,-150.1871,6.709198
06.12.2023 14:48:31,0.02147105,-0.8599808,0.03501364,0.508671,-4.707301,-151.2048,5.075226,0.01478461,0.8641307,0.05623161,-0.4998977,11.42856,-150.1979,6.768585
06.12.2023 14:48:31,0.02174372,-0.8599362,0.03499463,0.5087361,-4.721353,-151.2127,5.102936,0.01373147,0.8641797,0.05633584,-0.4998312,11.37848,-150.1938,6.878876
06.12.2023 14:48:31,0.02187837,-0.8599543,0.03494744,0.508703,-4.724553,-151.2077,5.119171,0.01293891,0.8643084,0.05643091,-0.499619,11.34277,-150.1694,6.96167
06.12.2023 14:48:31,0.02195186,-0.8598909,0.035117,0.5087951,-4.745594,-151.2206,5.115997,0.01318835,0.8643923,0.05604226,-0.4995111,11.31879,-150.1508,6.913483
06.12.2023 14:48:31,0.02182755,-0.859884,0.03525786,0.5088025,-4.75224,-151.2226,5.095428,0.01327536,0.8644454,0.05568653,-0.4994565,11.2886,-150.1401,6.883789
06.12.2023 14:48:31,0.02158642,-0.8598592,0.03540416,0.5088445,-4.752601,-151.2295,5.062805,0.0134062,0.8644148,0.05557306,-0.4995188,11.28473,-150.147,6.864624
06.12.2023 14:48:31,0.02143278,-0.859791,0.03553708,0.5089571,-4.756752,-151.2456,5.039185,0.01339238,0.8644248,0.05592563,-0.4994624,11.31906,-150.1425,6.886047
06.12.2023 14:48:31,0.02142853,-0.8597264,0.03547927,0.5090703,-4.750804,-151.2604,5.041534,0.01350595,0.8643967,0.05625397,-0.4994711,11.35815,-150.1461,6.89389
06.12.2023 14:48:31,0.02147259,-0.8597245,0.03545332,0.5090734,-4.750817,-151.2606,5.047394,0.01384167,0.8643161,0.05621714,-0.4996055,11.3735,-150.1624,6.859344
06.12.2023 14:48:31,0.02146004,-0.859682,0.03539452,0.5091499,-4.744286,-151.2706,5.049164,0.01436879,0.8642008,0.05594271,-0.4998209,11.37613,-150.1868,6.792572
06.12.2023 14:48:31,0.02141844,-0.8597184,0.03538131,0.509091,-4.740548,-151.2628,5.046173,-0.01487452,-0.8640893,-0.05540494,0.5000589,11.35141,-150.212,6.712769
06.12.2023 14:48:31,0.02145957,-0.8597444,0.03534453,0.509048,-4.739318,-151.2567,5.052612,-0.01448571,-0.8640285,-0.05524551,0.5001929,11.31293,-150.2299,6.743164
06.12.2023 14:48:31,0.02143888,-0.8597163,0.0353261,0.5090976,-4.736295,-151.2633,5.051392,-0.01423859,-0.8640971,-0.0551019,0.5000975,11.28467,-150.2169,6.758698
06.12.2023 14:48:31,0.02160321,-0.8597295,0.03531981,0.5090689,-4.745275,-151.259,5.068146,0.01394943,0.8641694,0.0550352,-0.4999878,11.26163,-150.2028,6.782776
06.12.2023 14:48:31,0.02166068,-0.8597698,0.0354505,0.5089892,-4.761524,-151.2488,5.06662,-0.01352617,-0.864154,-0.05522823,0.5000046,11.25638,-150.2082,6.836182
06.12.2023 14:48:31,0.02178143,-0.8597755,0.03554693,0.5089678,-4.778094,-151.2461,5.072998,-0.01355984,-0.8640906,-0.05526213,0.5001097,11.26147,-150.2224,6.835571
06.12.2023 14:48:31,0.02189672,-0.8597915,0.03553438,0.5089366,-4.783588,-151.2416,5.085297,-0.01398632,-0.8639283,-0.05531818,0.5003722,11.29102,-150.2562,6.79834
06.12.2023 14:48:31,0.02192918,-0.8598298,0.03563286,0.5088636,-4.795197,-151.2322,5.08316,-0.01416133,-0.8637774,-0.05518827,0.5006419,11.28766,-150.2903,6.77536
06.12.2023 14:48:31,0.02192942,-0.8598297,0.03564974,0.5088627,-4.796878,-151.2322,5.082184,-0.01427161,-0.8635353,-0.05500048,0.5010769,11.27451,-150.3463,6.756653
06.12.2023 14:48:31,0.02181085,-0.8598399,0.03581075,0.5088391,-4.805842,-151.2301,5.061157,-0.01414461,-0.8633682,-0.05481181,0.501389,11.24783,-150.3867,6.760559
06.12.2023 14:48:31,0.02173388,-0.8598403,0.03584998,0.508839,-4.80522,-151.2305,5.05127,-0.01408552,-0.8632848,-0.05463243,0.501554,11.22632,-150.4073,6.757172
06.12.2023 14:48:31,0.0216795,-0.8598441,0.0358099,0.5088377,-4.798086,-151.2303,5.048248,-0.01392429,-0.8633899,-0.05458252,0.5013828,11.2124,-150.3847,6.769043
06.12.2023 14:48:31,0.02177855,-0.8598399,0.0357095,0.5088475,-4.793962,-151.2309,5.063873,-0.01339173,-0.8633782,-0.05471913,0.5014027,11.19519,-150.3904,6.830048
06.12.2023 14:48:31,0.02178693,-0.8598006,0.03573236,0.508912,-4.796712,-151.2395,5.062988,-0.01281717,-0.8635034,-0.05491788,0.5011802,11.18222,-150.3645,6.897095
06.12.2023 14:48:31,0.02185337,-0.8597823,0.03563635,0.508947,-4.791121,-151.2436,5.074982,-0.01267281,-0.8636159,-0.0549487,0.5009866,11.1774,-150.3395,6.911865
06.12.2023 14:48:31,0.02200514,-0.8597889,0.03563922,0.508929,-4.800269,-151.2408,5.089905,-0.01272298,-0.8636681,-0.05479395,0.5009123,11.1651,-150.3282,6.897339
06.12.2023 14:48:31,0.02197672,-0.8597617,0.03565897,0.5089748,-4.800563,-151.2471,5.085693,-0.01307952,-0.8637449,-0.05446209,0.500807,11.15298,-150.3101,6.841827
06.12.2023 14:48:31,0.02187115,-0.8597753,0.03573287,0.5089511,-4.801686,-151.2446,5.071075,-0.01336678,-0.8637754,-0.05412714,0.5007831,11.13635,-150.3031,6.79361
06.12.2023 14:48:31,0.02188483,-0.8597888,0.03594498,0.5089129,-4.823419,-151.2404,5.060211,-0.01378185,-0.8634207,-0.05373072,0.5014259,11.11969,-150.3839,6.733887
06.12.2023 14:48:31,0.02204291,-0.8597239,0.03606414,0.5090073,-4.844422,-151.2532,5.068298,-0.01379576,-0.8633255,-0.05375775,0.5015863,11.12283,-150.4054,6.735199
06.12.2023 14:48:31,0.02218074,-0.8597145,0.03612657,0.5090127,-4.858637,-151.2538,5.078217,-0.01369015,-0.8633718,-0.05384303,0.5015003,11.12537,-150.3951,6.750061
06.12.2023 14:48:31,0.02229355,-0.859702,0.03617526,0.5090254,-4.870036,-151.2555,5.086456,-0.01341477,-0.8634422,-0.05375189,0.5013965,11.10065,-150.3814,6.771362
06.12.2023 14:48:31,0.02239692,-0.8597236,0.03604207,0.508994,-4.862927,-151.2503,5.104645,-0.01274658,-0.8635479,-0.05381434,0.5012251,11.06866,-150.3615,6.840179
06.12.2023 14:48:31,0.02244523,-0.8596959,0.03611135,0.5090337,-4.872593,-151.2558,5.105133,-0.01235421,-0.8636134,-0.05377052,0.5011268,11.0419,-150.3494,6.875916
06.12.2023 14:48:31,0.02253012,-0.8596793,0.03611054,0.5090579,-4.877477,-151.2589,5.113434,-0.0123102,-0.8636323,-0.05363493,0.5011098,11.02597,-150.3462,6.872284
06.12.2023 14:48:31,0.02255378,-0.8596371,0.03600479,0.5091357,-4.868433,-151.2686,5.121521,-0.01233613,-0.8636395,-0.05349009,0.5011123,11.01309,-150.3452,6.861298
06.12.2023 14:48:31,0.02263279,-0.8596385,0.03593711,0.5091346,-4.866371,-151.2679,5.133301,-0.01224299,-0.8635012,-0.05364212,0.5013366,11.02231,-150.3766,6.880951
06.12.2023 14:48:31,0.02255664,-0.8596159,0.0359348,0.5091763,-4.861699,-151.2737,5.125702,-0.01201888,-0.8633972,-0.05377427,0.5015069,11.02209,-150.4012,6.912109
06.12.2023 14:48:31,0.02264653,-0.8596092,0.03588645,0.509187,-4.862184,-151.2747,5.13736,-0.01207825,-0.8632863,-0.0539685,0.5016755,11.0444,-150.425,6.918701
06.12.2023 14:48:31,0.02255184,-0.8596015,0.03573958,0.5092146,-4.842158,-151.2779,5.136444,-0.01244465,-0.8633481,-0.05374721,0.5015841,11.04382,-150.4097,6.868774
06.12.2023 14:48:31,0.02257391,-0.8595691,0.03574035,0.5092682,-4.843533,-151.285,5.138275,-0.0124264,-0.863421,-0.05371669,0.5014623,11.04001,-150.3933,6.86795
06.12.2023 14:48:31,0.02263981,-0.8595777,0.03567121,0.5092556,-4.84056,-151.2828,5.148926,-0.01193804,-0.8635101,-0.05409501,0.5012799,11.04974,-150.3739,6.937225
06.12.2023 14:48:31,0.02270147,-0.8595436,0.03566347,0.509311,-4.843411,-151.29,5.155151,-0.01163154,-0.8636606,-0.0543525,0.5009999,11.05823,-150.3399,6.980682
06.12.2023 14:48:31,0.02264662,-0.8595099,0.03555694,0.5093776,-4.829704,-151.2986,5.155609,-0.01177922,-0.8638028,-0.05413208,0.5007752,11.04538,-150.3076,6.95163
06.12.2023 14:48:31,0.02264145,-0.8594768,0.03555448,0.509434,-4.829169,-151.3061,5.154907,-0.01216487,-0.8638588,-0.05393225,0.5006909,11.04797,-150.2935,6.901062
06.12.2023 14:48:31,0.02263659,-0.8594556,0.0355349,0.5094714,-4.82696,-151.311,5.155365,-0.01202184,-0.8637411,-0.05406296,0.5008833,11.05228,-150.3206,6.924255
06.12.2023 14:48:31,0.02271096,-0.8594325,0.03552938,0.5095074,-4.830772,-151.3156,5.162842,-0.01147545,-0.8636394,-0.05450723,0.5010232,11.06451,-150.3449,7.005371
06.12.2023 14:48:31,0.02270175,-0.8594148,0.03560187,0.5095326,-4.837389,-151.3193,5.157532,-0.01131055,-0.8636004,-0.05480754,0.5010614,11.08469,-150.3531,7.03952
06.12.2023 14:48:31,0.02269411,-0.8593571,0.03560068,0.5096302,-4.836843,-151.3324,5.156311,-0.01159533,-0.86362,-0.05484545,0.5010171,11.10495,-150.3465,7.013123
06.12.2023 14:48:31,0.02272332,-0.8593768,0.03565637,0.5095918,-4.844039,-151.3274,5.156128,-0.01236562,-0.8637125,-0.05463195,0.5008625,11.12854,-150.3214,6.923065
06.12.2023 14:48:31,0.02275068,-0.8593662,0.0356846,0.5096065,-4.848428,-151.3295,5.157104,-0.01270282,-0.8637595,-0.05464742,0.5007713,11.14972,-150.3082,6.889801
06.12.2023 14:48:31,0.02271027,-0.859372,0.03584382,0.5095874,-4.861769,-151.3278,5.14386,-0.0125372,-0.8637608,-0.05468866,0.5007687,11.14426,-150.3088,6.90863
06.12.2023 14:48:31,0.02263604,-0.8593952,0.03585903,0.5095505,-4.858922,-151.3231,5.135864,-0.01156299,-0.8637834,-0.05463026,0.5007594,11.08237,-150.3105,7.001984
06.12.2023 14:48:31,0.02252594,-0.8594459,0.03580626,0.5094736,-4.847263,-151.3129,5.12851,-0.01131491,-0.8637784,-0.05437905,0.5008011,11.04306,-150.3148,7.012299
06.12.2023 14:48:31,0.02247191,-0.8594142,0.03586093,0.5095255,-4.849505,-151.3203,5.11969,-0.01131221,-0.8638014,-0.05390903,0.5008125,10.99628,-150.3124,6.985291
06.12.2023 14:48:31,0.02247165,-0.8594565,0.03596769,0.5094466,-4.860013,-151.3102,5.113831,-0.0116735,-0.8638119,-0.05380663,0.5007972,11.00699,-150.3082,6.943329
06.12.2023 14:48:31,0.02229907,-0.8594951,0.03603793,0.5093842,-4.856845,-151.3027,5.093018,-0.01141182,-0.8638044,-0.05448566,0.5007425,11.05936,-150.3076,7.008484
06.12.2023 14:48:31,0.02226157,-0.8595427,0.03615077,0.5092976,-4.865777,-151.2918,5.083191,-0.01097522,-0.8638322,-0.05504517,0.5006431,11.0899,-150.3006,7.08371
06.12.2023 14:48:31,0.02222075,-0.859602,0.0362647,0.5091912,-4.874623,-151.2782,5.073059,-0.01062712,-0.8637963,-0.05566292,0.5006443,11.1311,-150.3073,7.154266
06.12.2023 14:48:31,0.02226492,-0.8596143,0.03632145,0.5091645,-4.882804,-151.2748,5.074249,-0.01077301,-0.8637664,-0.05568787,0.5006901,11.14185,-150.3131,7.141541
06.12.2023 14:48:31,0.02245101,-0.8596821,0.03625942,0.509046,-4.887545,-151.2582,5.096954,-0.01108803,-0.8636321,-0.05547332,0.5009385,11.13815,-150.3432,7.099518
06.12.2023 14:48:31,0.02287158,-0.8596621,0.03616881,0.5090676,-4.903183,-151.2595,5.143707,-0.01120002,-0.8635418,-0.05543149,0.5010962,11.14008,-150.3634,7.087097
06.12.2023 14:48:31,0.02312254,-0.8596358,0.03614398,0.5091025,-4.915405,-151.2633,5.169769,-0.01085973,-0.8634038,-0.05547432,0.5013368,11.12408,-150.397,7.125092
06.12.2023 14:48:31,0.02336266,-0.8596318,0.036272,0.5090891,-4.942071,-151.2615,5.186066,-0.01022576,-0.8632939,-0.05545614,0.5015414,11.08521,-150.4263,7.188477
06.12.2023 14:48:31,0.02334177,-0.8596346,0.03641061,0.5090756,-4.954527,-151.2604,5.175934,-0.009528494,-0.8632137,-0.05555741,0.5016819,11.05463,-150.4483,7.264587
06.12.2023 14:48:31,0.02333061,-0.8595865,0.03655057,0.5091472,-4.967703,-151.2707,5.166229,-0.008690389,-0.8632156,-0.05548187,0.5017024,10.99869,-150.4533,7.343567
06.12.2023 14:48:31,0.02312877,-0.8595861,0.03675523,0.5091425,-4.976104,-151.2716,5.134308,-0.008787849,-0.8633576,-0.05527035,0.5014795,10.98395,-150.4214,7.319977
06.12.2023 14:48:32,0.02290411,-0.8595222,0.03689294,0.5092504,-4.976575,-151.2874,5.103394,-0.009284653,-0.8634809,-0.0548918,0.5012998,10.97559,-150.3925,7.247345
06.12.2023 14:48:32,0.0229147,-0.8594394,0.0369699,0.509384,-4.984805,-151.3056,5.099152,-0.009821375,-0.8635256,-0.0547203,0.5012314,10.98975,-150.3801,7.183563
06.12.2023 14:48:32,0.02290084,-0.8594163,0.03689564,0.5094291,-4.976673,-151.3112,5.101868,-0.009963974,-0.8635589,-0.05496546,0.5011443,11.02249,-150.3701,7.183075
06.12.2023 14:48:32,0.02288989,-0.8593732,0.03693347,0.5094996,-4.979772,-151.3209,5.098145,-0.009983392,-0.8636173,-0.05530749,0.5010056,11.05783,-150.3546,7.200104
06.12.2023 14:48:32,0.02281427,-0.8593709,0.03688749,0.5095101,-4.970814,-151.3223,5.093323,-0.009999727,-0.8637127,-0.05587356,0.5007778,11.11548,-150.3292,7.229828
06.12.2023 14:48:32,0.0226773,-0.8593813,0.03674285,0.5095091,-4.948531,-151.3218,5.088287,-0.01034144,-0.8638412,-0.05604541,0.5005301,11.15283,-150.2965,7.204132
06.12.2023 14:48:32,0.02256786,-0.8594106,0.03678032,0.5094618,-4.945822,-151.316,5.075562,-0.01088143,-0.8640012,-0.05606251,0.5002406,11.18637,-150.2562,7.149384
06.12.2023 14:48:32,0.02256897,-0.8594757,0.03681643,0.5093494,-4.94944,-151.3011,5.074188,0.011083,0.86419,0.05610834,-0.4999046,11.20334,-150.2112,7.129578
06.12.2023 14:48:32,0.02253684,-0.8595362,0.03677339,0.5092518,-4.943307,-151.288,5.074097,0.01081885,0.8643106,0.0562896,-0.4996815,11.2067,-150.1841,7.164764
06.12.2023 14:48:32,0.02261308,-0.8596039,0.03674427,0.5091362,-4.944879,-151.2722,5.084015,0.0101947,0.8644072,0.05637179,-0.4995182,11.17935,-150.1654,7.230438
06.12.2023 14:48:32,0.02276069,-0.8596534,0.03680646,0.5090415,-4.959634,-151.2594,5.09549,0.009625132,0.8644943,0.05641285,-0.4993742,11.15106,-150.1487,7.288452
06.12.2023 14:48:32,0.02268487,-0.8597291,0.0366596,0.5089278,-4.940695,-151.2437,5.09729,0.009310752,0.8644763,0.05625864,-0.4994288,11.11755,-150.1556,7.311157
06.12.2023 14:48:32,0.02264364,-0.8597451,0.0366656,0.5089021,-4.938876,-151.2404,5.092987,0.009300915,0.8645405,0.05610205,-0.4993355,11.10168,-150.1419,7.302368
06.12.2023 14:48:32,0.02247108,-0.859808,0.03667374,0.508803,-4.929589,-151.2277,5.07605,0.009106812,0.8644353,0.05602873,-0.4995293,11.08273,-150.1677,7.318787
06.12.2023 14:48:32,0.02223953,-0.8598491,0.03665009,0.5087453,-4.913726,-151.2206,5.054871,0.009009944,0.864344,0.05602484,-0.4996893,11.07635,-150.1893,7.329315
06.12.2023 14:48:32,0.02212412,-0.8598785,0.03659926,0.5087042,-4.901966,-151.2151,5.046692,0.009269415,0.8643717,0.05599568,-0.4996401,11.08853,-150.1815,7.301483
06.12.2023 14:48:32,0.02203097,-0.8598987,0.03652656,0.5086794,-4.889348,-151.2117,5.04187,0.009601605,0.864396,0.05580903,-0.4996126,11.08917,-150.1751,7.257385
06.12.2023 14:48:32,0.02210558,-0.8599553,0.03641955,0.5085881,-4.883135,-151.1988,5.05603,0.01008832,0.8645142,0.05565486,-0.4994157,11.10239,-150.1458,7.198639
06.12.2023 14:48:32,0.02210757,-0.859938,0.0363552,0.5086221,-4.876901,-151.203,5.059814,0.01032886,0.8646182,0.05559513,-0.4992373,11.11072,-150.1208,7.169983
06.12.2023 14:48:32,0.0221492,-0.8599257,0.03627514,0.5086465,-4.87143,-151.2057,5.068481,0.01025513,0.8647118,0.05562864,-0.4990729,11.11023,-150.0995,7.178101
06.12.2023 14:48:32,0.02212594,-0.8599123,0.03629318,0.508669,-4.871854,-151.2089,5.065002,0.009632283,0.8646125,0.05596546,-0.4992197,11.10748,-150.1241,7.260651
06.12.2023 14:48:32,0.02194674,-0.8599808,0.03636671,0.5085557,-4.868642,-151.1946,5.04361,0.009118718,0.8646989,0.0563208,-0.4990397,11.11374,-150.1052,7.331085
06.12.2023 14:48:32,0.0218461,-0.8599057,0.03644269,0.5086815,-4.870272,-151.2121,5.028503,0.009238536,0.86462,0.05618982,-0.499189,11.10721,-150.1234,7.312622
06.12.2023 14:48:32,0.02178998,-0.8599506,0.0365271,0.508602,-4.875327,-151.202,5.018463,0.009603306,0.864498,0.055913,-0.4994245,11.1001,-150.151,7.261932
06.12.2023 14:48:32,0.02187065,-0.8599575,0.03652872,0.5085868,-4.880197,-151.1998,5.026428,0.009651316,0.8643333,0.05591698,-0.499708,11.10251,-150.1885,7.259399
06.12.2023 14:48:32,0.02193457,-0.859887,0.03656582,0.5087005,-4.887595,-151.215,5.029938,0.009261158,0.8641872,0.05620946,-0.4999353,11.10846,-150.2227,7.316803
06.12.2023 14:48:32,0.02193642,-0.8599069,0.03661399,0.5086633,-4.892457,-151.2103,5.027496,-0.008787332,-0.8640429,-0.05666886,0.5001413,11.12619,-150.2558,7.39209
06.12.2023 14:48:32,0.02195831,-0.8599306,0.03650183,0.5086302,-4.882662,-151.2052,5.036407,-0.008885585,-0.863991,-0.05671538,0.5002239,11.13623,-150.2669,7.38562
06.12.2023 14:48:32,0.02192972,-0.8598759,0.03654012,0.5087213,-4.884776,-151.2177,5.030823,-0.009032235,-0.8640778,-0.05685483,0.5000555,11.15897,-150.2452,7.37796
06.12.2023 14:48:32,0.02195263,-0.8598929,0.03648829,0.5086952,-4.880995,-151.2139,5.036285,0.009573082,0.8643081,0.05657876,-0.4996788,11.16373,-150.1908,7.30545
06.12.2023 14:48:32,0.02201448,-0.8598676,0.03654501,0.5087314,-4.890208,-151.2188,5.038879,0.009540615,0.8644546,0.056591,-0.4994243,11.16376,-150.1572,7.307556
06.12.2023 14:48:32,0.0219131,-0.8598562,0.03653402,0.5087557,-4.883204,-151.2223,5.029358,0.009222555,0.8644975,0.05685654,-0.4993258,11.17209,-150.1476,7.353912
06.12.2023 14:48:32,0.0219008,-0.8598496,0.03655742,0.5087658,-4.884795,-151.2238,5.026703,0.008427792,0.8646003,0.05712137,-0.4991317,11.1532,-150.127,7.446991
06.12.2023 14:48:32,0.02187597,-0.8598299,0.03655171,0.5088006,-4.882783,-151.2284,5.024384,0.007932805,0.8644843,0.05738243,-0.4993109,11.15015,-150.1549,7.512665
06.12.2023 14:48:32,0.02187561,-0.8598713,0.03660052,0.5087271,-4.887578,-151.2189,5.021912,0.007974038,0.8645286,0.05752958,-0.4992165,11.16739,-150.1436,7.516449
06.12.2023 14:48:32,0.02191146,-0.8598496,0.03665276,0.5087584,-4.89483,-151.2232,5.022217,0.008956953,0.8644422,0.05733652,-0.4993717,11.20428,-150.159,7.408569
06.12.2023 14:48:32,0.02192809,-0.8598361,0.03671898,0.5087758,-4.902338,-151.2258,5.019867,0.01004724,0.8643933,0.05700713,-0.4994732,11.23404,-150.1656,7.281708
06.12.2023 14:48:32,0.021949,-0.859794,0.03672694,0.5088455,-4.904346,-151.2351,5.021088,0.01048915,0.8643994,0.05707294,-0.499446,11.26605,-150.1609,7.241394
06.12.2023 14:48:32,0.02193881,-0.8598554,0.03675759,0.50874,-4.906774,-151.2212,5.01889,0.01034893,0.8643585,0.05752833,-0.4994675,11.3031,-150.1684,7.281982
06.12.2023 14:48:32,0.02196028,-0.8598066,0.03675272,0.5088218,-4.907548,-151.232,5.020813,0.009841845,0.8644263,0.05811239,-0.4992927,11.33237,-150.1523,7.365082
06.12.2023 14:48:32,0.02198484,-0.8597989,0.0367025,0.5088374,-4.904027,-151.2338,5.026093,0.009486178,0.8646327,0.05834991,-0.4989144,11.33655,-150.1055,7.411499
06.12.2023 14:48:32,0.02199253,-0.8598732,0.0367797,0.508706,-4.912094,-151.2166,5.023102,0.009175178,0.8648059,0.05856477,-0.4985949,11.34088,-150.0662,7.452576
06.12.2023 14:48:32,0.02200275,-0.8598436,0.0367392,0.5087584,-4.908693,-151.2234,5.026184,0.009464876,0.8649808,0.05821281,-0.4983271,11.32333,-150.0263,7.401337
06.12.2023 14:48:32,0.02203246,-0.859875,0.03666134,0.5087098,-4.902741,-151.2164,5.033936,0.009812132,0.8651428,0.05806671,-0.4980561,11.3295,-149.9877,7.356323
06.12.2023 14:48:32,0.02204997,-0.8598999,0.03665919,0.5086671,-4.90355,-151.2107,5.036041,0.009889315,0.865106,0.05833121,-0.4980877,11.36011,-149.994,7.364197
06.12.2023 14:48:32,0.02209035,-0.8599312,0.03659346,0.508617,-4.899416,-151.2036,5.044189,0.01061381,0.8649462,0.05837387,-0.4983452,11.40521,-150.0259,7.296448
06.12.2023 14:48:32,0.02199431,-0.8599254,0.036608,0.5086299,-4.895244,-151.2056,5.033752,0.01137606,0.8648065,0.0581849,-0.4985928,11.42953,-150.0543,7.211456
06.12.2023 14:48:32,0.02198859,-0.8599344,0.03667951,0.5086097,-4.901969,-151.2033,5.029114,0.01219929,0.8645498,0.05835129,-0.4989991,11.49231,-150.1067,7.142242
06.12.2023 14:48:32,0.02195103,-0.859977,0.03671999,0.5085365,-4.90377,-151.1938,5.023468,0.01227928,0.8644537,0.0591783,-0.499066,11.57883,-150.1228,7.182861
06.12.2023 14:48:32,0.02190683,-0.8599946,0.03680943,0.5085022,-4.910019,-151.1898,5.014038,0.01200233,0.8643699,0.05993783,-0.4991273,11.63812,-150.1391,7.255066
06.12.2023 14:48:32,0.02179254,-0.8600185,0.03681778,0.5084662,-4.904173,-151.1853,0.002459976,0.01240627,0.8644917,0.06032046,-0.4988603,11.70001,-150.1056,7.235046
06.12.2023 14:48:32,0.02173231,-0.8599608,0.03682141,0.5085659,-4.901015,-151.1989,-0.004276393,0.01346503,0.8646074,0.06015446,-0.4986524,11.74487,-150.0723,7.118378
06.12.2023 14:48:32,0.02166692,-0.8599586,0.03679416,0.5085745,-4.894507,-151.2,-0.009191947,0.01454814,0.8646498,0.06009252,-0.498556,11.80115,-150.0546,7.006165
06.12.2023 14:48:32,0.02163116,-0.8599783,0.03677563,0.5085441,-4.890589,-151.196,-0.01146694,0.01514518,0.8646861,0.06062538,-0.4984107,11.8887,-150.0378,6.976532
06.12.2023 14:48:32,0.02154302,-0.8600121,0.03682452,0.5084869,-4.890273,-151.1888,-0.02271773,0.01476924,0.8649016,0.06217707,-0.4978565,12.02255,-149.9802,7.09964
06.12.2023 14:48:32,0.02138345,-0.8600549,0.03695153,0.5084123,-4.893501,-151.18,-0.04550659,0.01529893,0.8650417,0.0627631,-0.4975235,12.11197,-149.9393,7.078156
06.12.2023 14:48:32,0.02133158,-0.8600942,0.03704412,0.5083411,-4.89962,-151.1711,-0.05565233,0.0167666,0.8652362,0.06282685,-0.4971297,12.20331,-149.8815,6.932281
06.12.2023 14:48:32,0.02134633,-0.8601266,0.03710086,0.5082816,-4.906087,-151.1634,-0.05717775,0.01793773,0.8653614,0.06331686,-0.4968087,12.31979,-149.8385,6.841187
06.12.2023 14:48:32,0.02139921,-0.8601308,0.03708629,0.5082733,-4.907734,-151.162,-0.05104881,0.01815069,0.8653721,0.06427013,-0.4966599,12.42709,-149.8269,6.873962
06.12.2023 14:48:32,0.02176376,-0.8601377,0.03692697,0.5082577,-4.913275,-151.1581,-0.005587991,0.01734372,0.8652786,0.06593852,-0.4966329,12.54688,-149.8433,7.051056
06.12.2023 14:48:32,0.02231636,-0.8601623,0.03680793,0.5082009,-4.93376,-151.1484,5.056335,0.01693188,0.8654028,0.06715397,-0.4962677,12.64505,-149.8088,7.159515
06.12.2023 14:48:32,0.02266974,-0.8600563,0.03680096,0.508365,-4.953706,-151.1693,5.090729,0.01744606,0.8655929,0.06739355,-0.4958859,12.69925,-149.7581,7.118713
06.12.2023 14:48:32,0.02282655,-0.860009,0.03697647,0.5084253,-4.980195,-151.1778,5.095612,0.01846002,0.8657249,0.067471,-0.4956082,12.76559,-149.7174,7.01947
06.12.2023 14:48:32,0.02284597,-0.8599942,0.03708567,0.5084415,-4.992112,-151.1805,5.091034,0.01866287,0.8657061,0.06764603,-0.4956095,12.79459,-149.7184,7.009369
06.12.2023 14:48:32,0.02266975,-0.8599916,0.03726242,0.5084407,-4.999278,-151.1818,5.063263,0.01741484,0.8656532,0.06806292,-0.4956903,12.76456,-149.7392,7.158905
06.12.2023 14:48:32,0.02230711,-0.8598663,0.03737938,0.5086603,-4.989664,-151.2127,5.019287,0.01684497,0.8657585,0.06766137,-0.4955809,12.69229,-149.7231,7.191528
06.12.2023 14:48:32,0.02213136,-0.8597848,0.03740941,0.5088034,-4.982365,-151.2324,-0.0006706117,0.01705658,0.865904,0.06722078,-0.4953794,12.66104,-149.6908,7.143066
06.12.2023 14:48:32,0.02215257,-0.85977,0.03740961,0.5088275,-4.983623,-151.2356,0.001274379,0.01704245,0.8659719,0.06722213,-0.4952609,12.66068,-149.6751,7.143494
06.12.2023 14:48:32,0.02213576,-0.8596616,0.03732833,0.5090172,-4.974618,-151.2606,0.00327846,0.01694044,0.8661874,0.06754081,-0.4948441,12.68759,-149.6235,7.168427
06.12.2023 14:48:32,0.02217407,-0.8596801,0.03734395,0.5089833,-4.978399,-151.256,5.006348,0.01728141,0.8663146,0.06739046,-0.4946302,12.69263,-149.592,7.123749
06.12.2023 14:48:32,0.02222184,-0.8596682,0.03722613,0.5090098,-4.969562,-151.2588,5.017822,0.01806137,0.8664388,0.0668515,-0.4944579,12.68384,-149.5601,7.013092
06.12.2023 14:48:32,0.02218701,-0.8596531,0.03716007,0.5090419,-4.961008,-151.2628,5.018066,0.0182771,0.8664409,0.06664468,-0.4944741,12.67551,-149.5592,6.979706
06.12.2023 14:48:32,0.02218138,-0.8596965,0.03728526,0.5089595,-4.973032,-151.2525,5.010651,0.0182671,0.8664526,0.06642325,-0.4944838,12.65286,-149.5584,6.967987
06.12.2023 14:48:32,0.02229274,-0.8597599,0.03722379,0.5088521,-4.973471,-151.2375,5.025879,0.01820396,0.8664006,0.06640334,-0.4945798,12.64706,-149.5712,6.973999
06.12.2023 14:48:32,0.02237489,-0.8597874,0.03727548,0.5087982,-4.98337,-151.2304,5.031281,0.01766888,0.8663799,0.06634321,-0.4946436,12.61041,-149.5815,7.024567
06.12.2023 14:48:32,0.022508,-0.8598266,0.03719043,0.5087323,-4.982746,-151.2208,5.049805,0.01730798,0.8663892,0.06604669,-0.4946797,12.56021,-149.5849,7.043762
06.12.2023 14:48:32,0.0224941,-0.8598478,0.037133,0.5087013,-4.976263,-151.2164,5.051971,0.01702773,0.8663566,0.06539182,-0.4948336,12.47867,-149.6001,7.035248
06.12.2023 14:48:32,0.0225747,-0.8598663,0.0370995,0.5086688,-4.977659,-151.2117,5.062103,0.01679748,0.8663403,0.06507342,-0.4949119,12.43365,-149.6084,7.040497
06.12.2023 14:48:32,0.02234161,-0.8599467,0.03717179,0.508538,-4.971179,-151.1952,5.035583,0.01665315,0.8663301,0.06503338,-0.4949398,12.42136,-149.6123,7.052826
06.12.2023 14:48:32,0.02207441,-0.8599941,0.03711122,0.5084739,-4.949599,-151.1871,5.013092,0.01698156,0.8663386,0.06526237,-0.4948838,12.46304,-149.6057,7.032806
06.12.2023 14:48:32,0.02194044,-0.8600445,0.03718848,0.5083888,-4.949407,-151.1765,-0.004192078,0.01748756,0.8663628,0.06549539,-0.494793,12.51529,-149.5937,6.994934
06.12.2023 14:48:32,0.02187944,-0.8601181,0.03693558,0.5082852,-4.920876,-151.1616,0.005185725,0.01792376,0.866361,0.06577514,-0.4947434,12.56815,-149.588,6.967102
06.12.2023 14:48:32,0.02180992,-0.8601387,0.03690651,0.5082556,-4.913948,-151.1577,0.0001853096,0.01835709,0.8663713,0.06588542,-0.4946948,12.60394,-149.5807,6.929749
06.12.2023 14:48:32,0.02195181,-0.8601142,0.03682768,0.5082967,-4.914443,-151.1624,5.018585,0.01875808,0.8663556,0.06607798,-0.4946816,12.64603,-149.579,6.900726
06.12.2023 14:48:32,0.02197745,-0.8601421,0.03682681,0.5082483,-4.915853,-151.1558,5.021454,0.01886882,0.8663111,0.06611507,-0.4947502,12.65588,-149.588,6.892395
06.12.2023 14:48:32,0.02206671,-0.8601407,0.03691181,0.5082406,-4.929454,-151.155,5.02536,0.01908277,0.8663175,0.06605946,-0.4947383,12.66257,-149.5849,6.867706
06.12.2023 14:48:32,0.02189628,-0.8602298,0.03683304,0.5081028,-4.911729,-151.1367,5.013885,0.01909243,0.8663585,0.0658665,-0.4946918,12.64401,-149.5768,6.855164
06.12.2023 14:48:32,0.02179033,-0.8602521,0.03679885,0.5080722,-4.902172,-151.1327,0.005601394,0.018499,0.8663421,0.06582473,-0.4947488,12.6059,-149.5866,6.912537
06.12.2023 14:48:32,0.02157572,-0.8602635,0.03690254,0.5080546,-4.899895,-151.1314,-0.02158759,0.01812812,0.8663482,0.06583158,-0.4947509,12.58542,-149.5886,6.950012
06.12.2023 14:48:32,0.02159231,-0.8602369,0.03682287,0.5081047,-4.892994,-151.1377,-0.01556852,0.01828688,0.8662419,0.0661346,-0.4948908,12.62433,-149.6095,6.952911
06.12.2023 14:48:33,0.02162659,-0.8602799,0.03676552,0.5080346,-4.889331,-151.1279,-0.00842303,0.01797133,0.866193,0.0666704,-0.4949159,12.65961,-149.6196,7.015686
06.12.2023 14:48:33,0.0217577,-0.8602356,0.03668759,0.5081096,-4.889282,-151.1372,5.008667,0.01750936,0.8660719,0.06740712,-0.4950446,12.70627,-149.6462,7.105652
06.12.2023 14:48:33,0.02168492,-0.8602658,0.03657613,0.5080697,-4.874029,-151.1315,5.00824,0.01685189,0.8659543,0.06823383,-0.49516,12.75073,-149.673,7.220276
06.12.2023 14:48:33,0.02174087,-0.8602334,0.03641187,0.5081339,-4.861071,-151.1391,5.02301,0.01693322,0.8658772,0.06883609,-0.4952086,12.81519,-149.6854,7.247528
06.12.2023 14:48:33,0.02180963,-0.8601741,0.03629814,0.5082395,-4.853857,-151.1525,5.035858,0.01757971,0.8657869,0.06898773,-0.4953228,12.86691,-149.6991,7.19278
06.12.2023 14:48:33,0.02185478,-0.8601778,0.03612324,0.5082439,-4.83922,-151.1521,5.050537,0.01881079,0.8657585,0.06893789,-0.4953341,12.93228,-149.6944,7.067017
06.12.2023 14:48:33,0.02182301,-0.8601025,0.0360431,0.5083782,-4.82946,-151.1697,5.051361,0.01924301,0.8657529,0.06933343,-0.4952722,12.99649,-149.6883,7.046204
06.12.2023 14:48:33,0.02190889,-0.8600521,0.0359199,0.5084684,-4.822314,-151.1809,5.066559,0.01919346,0.8657642,0.0695378,-0.4952258,13.0141,-149.6845,7.062592
06.12.2023 14:48:33,0.0219508,-0.8600083,0.03584345,0.5085461,-4.817219,-151.1908,5.074738,0.01889867,0.8658752,0.06967921,-0.4950231,13.01184,-149.6604,7.098358
06.12.2023 14:48:33,0.02204289,-0.8599529,0.03568492,0.508647,-4.806955,-151.2032,5.09256,0.01865241,0.8659589,0.06980011,-0.4948689,13.01019,-149.6423,7.12854
06.12.2023 14:48:33,0.02203119,-0.8598573,0.03556262,0.5088177,-4.794218,-151.2255,5.097595,0.01900369,0.8661059,0.06983078,-0.4945939,13.03397,-149.6044,7.092651
06.12.2023 14:48:33,0.02206096,-0.8598195,0.03549286,0.508885,-4.789078,-151.2341,5.104248,0.01969713,0.866214,0.07017827,-0.4943282,13.10876,-149.5695,7.040985
06.12.2023 14:48:33,0.02209231,-0.8597428,0.03537643,0.5090215,-4.779436,-151.2516,5.113434,0.0201627,0.8663326,0.07040847,-0.4940689,13.15884,-149.5352,7.00531
06.12.2023 14:48:33,0.02204706,-0.8597368,0.03534355,0.5090358,-4.773549,-151.2535,5.110809,0.02055046,0.8664072,0.07046745,-0.4939135,13.18716,-149.5133,6.968475
06.12.2023 14:48:33,0.02202074,-0.859706,0.03524486,0.5090958,-4.762279,-151.2611,5.113647,0.02120526,0.8664985,0.07015128,-0.4937708,13.1933,-149.4879,6.883301
06.12.2023 14:48:33,0.02197863,-0.8596683,0.03511706,0.5091702,-4.747215,-151.2706,5.116577,0.02192912,0.8665767,0.06957209,-0.4936838,13.17697,-149.4668,6.77655
06.12.2023 14:48:33,0.02198796,-0.8596376,0.03518338,0.509217,-4.754312,-151.2771,5.113342,0.02138348,0.866615,0.06954173,-0.4936448,13.14294,-149.464,6.829041
06.12.2023 14:48:33,0.02209372,-0.8596377,0.03502213,0.5092233,-4.744583,-151.2769,5.133209,0.02052624,0.8666844,0.06971972,-0.4935342,13.11212,-149.4552,6.924042
06.12.2023 14:48:33,0.02208703,-0.8596397,0.03494997,0.5092251,-4.73707,-151.2768,5.13678,0.02019035,0.8667622,0.06965838,-0.4934201,13.08716,-149.441,6.953033
06.12.2023 14:48:33,0.02209276,-0.8596483,0.03481072,0.5092199,-4.723663,-151.2755,5.145538,0.0201583,0.8667735,0.06947533,-0.4934272,13.06705,-149.4402,6.945709
06.12.2023 14:48:33,0.02219309,-0.8596491,0.0346892,0.5092226,-4.717535,-151.275,5.162567,0.02029969,0.8667785,0.06938413,-0.4934255,13.06601,-149.4384,6.9263
06.12.2023 14:48:33,0.02226879,-0.8596529,0.0347349,0.5092098,-4.726467,-151.2733,5.167419,0.02034609,0.8668247,0.0694966,-0.4933266,13.08011,-149.4262,6.927216
06.12.2023 14:48:33,0.02232835,-0.8596331,0.03464891,0.5092464,-4.72147,-151.2776,5.178162,0.02020065,0.8668778,0.0696191,-0.4932222,13.08426,-149.4143,6.947876
06.12.2023 14:48:33,0.02235979,-0.8596375,0.03461482,0.5092399,-4.719943,-151.2765,5.183289,0.02003947,0.8668647,0.06982376,-0.4932228,13.09549,-149.4173,6.97583
06.12.2023 14:48:33,0.02243739,-0.8596414,0.03450368,0.5092375,-4.71351,-151.2755,5.197479,0.01995984,0.8668367,0.06977972,-0.4932813,13.08643,-149.425,6.981812
06.12.2023 14:48:33,0.02245926,-0.8596319,0.0345867,0.5092469,-4.722983,-151.2771,5.194733,0.02000274,0.8666747,0.06945962,-0.4936093,13.05624,-149.465,6.962067
06.12.2023 14:48:33,0.02233228,-0.8596233,0.03443697,0.5092772,-4.700792,-151.2808,5.190796,0.01982402,0.8664871,0.06925242,-0.4939748,13.02457,-149.5123,6.971375
06.12.2023 14:48:33,0.02221181,-0.8596565,0.03447201,0.509224,-4.697196,-151.2741,5.177124,0.01970794,0.8664224,0.0689931,-0.4941294,12.99176,-149.5307,6.969421
06.12.2023 14:48:33,0.02205387,-0.859652,0.03447862,0.5092381,-4.688621,-151.2765,5.161072,0.0195886,0.8664517,0.06886097,-0.4941012,12.97186,-149.5262,6.97345
06.12.2023 14:48:33,0.02190913,-0.8596103,0.03444722,0.5093168,-4.677076,-151.2872,5.148163,0.01939787,0.8665016,0.06875614,-0.4940358,12.95071,-149.5172,6.98584
06.12.2023 14:48:33,0.02179869,-0.8596458,0.03444727,0.5092617,-4.670616,-151.2801,5.137573,0.01887286,0.8664251,0.06894166,-0.4941644,12.93896,-149.5387,7.050262
06.12.2023 14:48:33,0.02171339,-0.8596445,0.03436849,0.5092728,-4.657858,-151.2815,5.133698,0.01887511,0.8662901,0.06898703,-0.4943947,12.94305,-149.5698,7.054779
06.12.2023 14:48:33,0.02166218,-0.8596723,0.03439492,0.5092262,-4.657465,-151.2755,5.12735,0.01916364,0.8660706,0.06872424,-0.4948044,12.9324,-149.6202,7.014496
06.12.2023 14:48:33,0.02153954,-0.8597203,0.03447785,0.5091447,-4.65847,-151.2654,5.110809,0.01931387,0.8659659,0.06838566,-0.4950288,12.90674,-149.6458,6.981934
06.12.2023 14:48:33,0.02143882,-0.8597248,0.03450719,0.5091394,-4.655479,-151.265,5.099152,0.01909092,0.8658789,0.06848797,-0.4951754,12.90387,-149.6674,7.011475
06.12.2023 14:48:33,0.02141115,-0.8598062,0.03447183,0.5090055,-4.650359,-151.247,5.099243,0.01871741,0.8659716,0.06871922,-0.4949954,12.90598,-149.6476,7.060547
06.12.2023 14:48:33,0.02147911,-0.85985,0.03443206,0.5089312,-4.650393,-151.2368,5.108673,0.0185192,0.8660355,0.06878419,-0.494882,12.9014,-149.6341,7.083069
06.12.2023 14:48:33,0.0217315,-0.8598312,0.0343056,0.508961,-4.652659,-151.2395,5.140869,0.01857278,0.8660142,0.06881454,-0.4949133,12.90741,-149.6383,7.079773
06.12.2023 14:48:33,0.02198645,-0.8598409,0.03423414,0.5089384,-4.660496,-151.2355,5.170349,0.01852773,0.8659523,0.06867476,-0.4950427,12.89059,-149.6543,7.077362
06.12.2023 14:48:33,0.02232184,-0.8598076,0.03426972,0.5089778,-4.683609,-151.2401,5.201202,0.01821988,0.8659203,0.0686586,-0.4951123,12.87125,-149.6648,7.107819
06.12.2023 14:48:33,0.02254811,-0.8598048,0.03438667,0.5089645,-4.708366,-151.2382,5.216766,0.01791213,0.8659054,0.06867345,-0.4951474,12.85507,-149.671,7.13974
06.12.2023 14:48:33,0.02255001,-0.8597618,0.03455664,0.5090256,-4.725268,-151.2471,5.206665,0.01768393,0.8658627,0.06847206,-0.4952581,12.82172,-149.6847,7.151855
06.12.2023 14:48:33,0.02248278,-0.8597438,0.03472277,0.5090476,-4.737741,-151.251,5.190186,0.01743075,0.8658786,0.06830581,-0.4952624,12.79068,-149.6847,7.167542
06.12.2023 14:48:33,0.0223014,-0.8597102,0.03475568,0.5091102,-4.730404,-151.26,5.169983,0.01723997,0.8658429,0.06832384,-0.4953289,12.78143,-149.6946,7.188263
06.12.2023 14:48:33,0.02222706,-0.8596399,0.03470949,0.5092353,-4.721526,-151.2767,5.164642,0.01730991,0.8659005,0.06830675,-0.4952282,12.78397,-149.6807,7.179352
06.12.2023 14:48:33,0.02213772,-0.8596035,0.03465027,0.5093046,-4.710473,-151.2859,5.158905,0.01731317,0.865939,0.06834225,-0.4951558,12.78787,-149.6715,7.18045
06.12.2023 14:48:33,0.02221329,-0.8595468,0.03444666,0.5094107,-4.69482,-151.299,5.177734,0.01717594,0.8660319,0.06856852,-0.4949668,12.80304,-149.6493,7.205566
06.12.2023 14:48:33,0.02220782,-0.8595338,0.03439775,0.5094362,-4.689679,-151.3022,5.179932,0.01698398,0.8660906,0.06876734,-0.4948432,12.81219,-149.6358,7.235138
06.12.2023 14:48:33,0.02230251,-0.8595387,0.03430271,0.5094303,-4.685838,-151.3007,5.194885,0.01680473,0.8662132,0.06855879,-0.4946635,12.78165,-149.6106,7.239349
06.12.2023 14:48:33,0.02224436,-0.8594706,0.03432238,0.5095463,-4.684404,-151.3164,5.187347,0.01685887,0.8663117,0.06826943,-0.4945292,12.75629,-149.5895,7.215973
06.12.2023 14:48:33,0.02225429,-0.8594562,0.03437208,0.509567,-4.689893,-151.3194,5.185303,0.01685046,0.8662949,0.06807696,-0.4945854,12.73651,-149.595,7.206146
06.12.2023 14:48:33,0.02233451,-0.8594995,0.03438545,0.5094894,-4.695885,-151.3089,5.192871,0.01647412,0.8663097,0.06800316,-0.4945823,12.7077,-149.5956,7.239471
06.12.2023 14:48:33,0.02251207,-0.8594995,0.03443975,0.5094781,-4.711624,-151.3071,5.207275,0.01603555,0.8663431,0.06806535,-0.4945296,12.689,-149.5912,7.286407
06.12.2023 14:48:33,0.02264493,-0.8595284,0.03439639,0.5094263,-4.715102,-151.2997,5.223236,0.01554203,0.8664145,0.0682799,-0.4943906,12.68259,-149.5772,7.346893
06.12.2023 14:48:33,0.02259162,-0.8595657,0.03433952,0.5093694,-4.706359,-151.2919,5.221619,0.01541372,0.8664032,0.06820542,-0.494425,12.66776,-149.5816,7.355713
06.12.2023 14:48:33,0.0225589,-0.8595513,0.03438066,0.5093925,-4.708512,-151.2953,5.215851,0.01557913,0.8663569,0.06776774,-0.494561,12.63327,-149.5944,7.315063
06.12.2023 14:48:33,0.02244058,-0.8595653,0.03445413,0.5093692,-4.708837,-151.2928,5.199982,0.01534438,0.8663146,0.06757474,-0.4946687,12.60037,-149.6077,7.328278
06.12.2023 14:48:33,0.02242442,-0.8595832,0.03455014,0.5093332,-4.717358,-151.2885,5.192963,0.01476025,0.866303,0.0678177,-0.4946736,12.59122,-149.6135,7.400757
06.12.2023 14:48:33,0.0223924,-0.8595943,0.03449995,0.5093192,-4.71053,-151.2865,5.19281,0.01430742,0.8662987,0.06785789,-0.4946889,12.56934,-149.618,7.448425
06.12.2023 14:48:33,0.02239156,-0.8596454,0.03453804,0.5092303,-4.71422,-151.2748,5.190979,0.01433473,0.866326,0.06782243,-0.4946453,12.56747,-149.6117,7.443268
06.12.2023 14:48:33,0.02250333,-0.8596359,0.0344005,0.5092508,-4.707185,-151.2766,5.209961,0.01465995,0.866284,0.06784699,-0.4947059,12.58832,-149.6185,7.41275
06.12.2023 14:48:33,0.02251812,-0.8596687,0.03433292,0.5091993,-4.701367,-151.2694,5.215668,0.01456982,0.8661786,0.06809033,-0.4948596,12.60696,-149.6419,7.437195
06.12.2023 14:48:33,0.02255063,-0.8597031,0.03442453,0.5091338,-4.712292,-151.261,5.213867,0.01391654,0.8660447,0.06847493,-0.4950597,12.60736,-149.6754,7.52652
06.12.2023 14:48:33,0.02254885,-0.8597284,0.03449186,0.5090864,-4.718822,-151.255,5.210022,0.01308296,0.8658478,0.06855892,-0.495415,12.56705,-149.7272,7.617737
06.12.2023 14:48:33,0.02244207,-0.8597104,0.03461677,0.5091131,-4.724916,-151.2594,5.191986,0.01233843,0.8656369,0.06842647,-0.4958209,12.51007,-149.783,7.687897
06.12.2023 14:48:33,0.02236617,-0.8597307,0.03471696,0.5090754,-4.73036,-151.255,5.178833,0.01160571,0.8655241,0.06826977,-0.4960572,12.45181,-149.8159,7.753967
06.12.2023 14:48:33,0.02241714,-0.8597504,0.03468953,0.5090415,-4.730624,-151.2502,5.185669,0.01088644,0.8654733,0.06820372,-0.496171,12.40372,-149.8335,7.822845
06.12.2023 14:48:33,0.02244823,-0.8597446,0.03475823,0.5090454,-4.739222,-151.251,5.184692,0.01108803,0.865541,0.06779906,-0.496104,12.37524,-149.8194,7.778656
06.12.2023 14:48:33,0.02253006,-0.8597236,0.03477282,0.5090762,-4.74545,-151.2549,5.191742,0.01246167,0.8658221,0.06710037,-0.4956756,12.38568,-149.7492,7.597351
06.12.2023 14:48:33,0.0226255,-0.8596978,0.03483599,0.5091112,-4.757269,-151.2597,5.197296,0.01358926,0.8660609,0.06653515,-0.4953051,12.39499,-149.6892,7.448853
06.12.2023 14:48:33,0.02264566,-0.8596968,0.03481862,0.5091132,-4.756733,-151.2598,5.200287,0.01319253,0.8661803,0.06647814,-0.4951144,12.36719,-149.6651,7.483521
06.12.2023 14:48:33,0.02268861,-0.8596593,0.03481584,0.5091748,-4.758984,-151.2679,5.204346,0.01193292,0.8661268,0.06673378,-0.4952056,12.32043,-149.6852,7.624847
06.12.2023 14:48:33,0.02259617,-0.8596166,0.03481892,0.5092509,-4.753902,-151.2783,5.194611,0.01126066,0.8659028,0.06672245,-0.4956146,12.27963,-149.7423,7.694763
06.12.2023 14:48:33,0.02266802,-0.8595733,0.03495684,0.5093114,-4.771726,-151.2868,5.193298,0.01222931,0.8657675,0.06616608,-0.4959024,12.27881,-149.7706,7.568268
06.12.2023 14:48:33,0.0226499,-0.85956,0.03496779,0.5093339,-4.771752,-151.2899,5.190735,0.01343858,0.8656968,0.06553507,-0.4960781,12.28473,-149.7824,7.412476
06.12.2023 14:48:33,0.02273285,-0.8595678,0.03508185,0.5093091,-4.787852,-151.2869,5.192383,0.01369349,0.8655655,0.06544121,-0.4963128,12.28934,-149.8115,7.383606
06.12.2023 14:48:33,0.02269227,-0.8595465,0.03499648,0.5093527,-4.777065,-151.2925,5.193115,0.01298492,0.8654339,0.06612432,-0.4964706,12.31625,-149.8425,7.49527
06.12.2023 14:48:33,0.02272217,-0.8595025,0.03513784,0.5094159,-4.792775,-151.3015,5.187439,0.01204341,0.8653019,0.06677163,-0.4966378,12.32617,-149.8754,7.628204
06.12.2023 14:48:33,0.02276117,-0.8594449,0.03515493,0.5095102,-4.796763,-151.3141,5.189758,0.01168828,0.8652147,0.06679388,-0.4967953,12.30756,-149.8981,7.666229
06.12.2023 14:48:33,0.02282267,-0.859446,0.03519161,0.5095029,-4.803977,-151.3131,5.193726,0.01171952,0.8651611,0.06653094,-0.4969232,12.28284,-149.9122,7.648926
06.12.2023 14:48:33,0.02293692,-0.8594282,0.03514837,0.5095308,-4.806399,-151.3163,5.207397,0.01212063,0.8651141,0.06612242,-0.4970498,12.26483,-149.9231,7.586243
06.12.2023 14:48:33,0.02297574,-0.8594309,0.03500396,0.5095345,-4.794422,-151.316,5.219666,0.0124401,0.8651831,0.06601542,-0.4969361,12.27286,-149.9055,7.547211
06.12.2023 14:48:33,0.02295936,-0.8593889,0.03506575,0.5096019,-4.799578,-151.3254,5.21405,0.01272601,0.8652902,0.06576466,-0.4967755,12.26477,-149.8804,7.502777
06.12.2023 14:48:33,0.02294323,-0.8594244,0.03503583,0.5095447,-4.795668,-151.3176,5.214539,0.01305015,0.8653774,0.06559941,-0.4966372,12.26733,-149.859,7.459686
06.12.2023 14:48:33,0.02287188,-0.8594459,0.03505559,0.5095104,-4.793436,-151.3133,5.206512,0.01328654,0.8654925,0.06552537,-0.4964399,12.27405,-149.831,7.430145
06.12.2023 14:48:33,0.02298495,-0.8593926,0.03504571,0.5095958,-4.799096,-151.3244,5.217804,0.01232708,0.8654311,0.06581132,-0.496534,12.24728,-149.8505,7.543243
06.12.2023 14:48:33,0.02303706,-0.8594224,0.03492779,0.5095513,-4.790497,-151.3177,5.230103,0.01210001,0.8654174,0.06578098,-0.4965674,12.23117,-149.8556,7.564392
06.12.2023 14:48:33,0.02302963,-0.8594243,0.03492303,0.5095488,-4.789593,-151.3174,5.229675,0.01207728,0.8654502,0.06555116,-0.4965411,12.20709,-149.8498,7.553101
06.12.2023 14:48:33,0.02302044,-0.8594799,0.03490977,0.5094563,-4.787722,-151.305,5.230042,0.01226472,0.8654428,0.06523332,-0.4965914,12.1861,-149.8525,7.516357
06.12.2023 14:48:33,0.023063,-0.859477,0.03489549,0.5094603,-4.788803,-151.3054,5.235077,0.01212584,0.8654687,0.06515989,-0.4965593,12.17093,-149.8481,7.525665
06.12.2023 14:48:34,0.02308222,-0.8594815,0.03487887,0.509453,-4.788285,-151.3043,5.237976,0.01200378,0.8655206,0.06514262,-0.4964741,12.16248,-149.8371,7.536133
06.12.2023 14:48:34,0.02300536,-0.8594724,0.03501086,0.5094627,-4.796817,-151.3064,5.222595,0.01228023,0.865688,0.06499395,-0.4961948,12.16434,-149.7973,7.49762
06.12.2023 14:48:34,0.02304766,-0.8594664,0.03506753,0.5094669,-4.804883,-151.3071,5.223419,0.01278141,0.8658591,0.06477148,-0.4959126,12.17169,-149.7555,7.432373
06.12.2023 14:48:34,0.02296405,-0.8594562,0.0350567,0.5094886,-4.798931,-151.3102,5.215698,0.01328282,0.8660336,0.06467183,-0.4956077,12.19128,-149.7119,7.374023
06.12.2023 14:48:34,0.02278116,-0.8594412,0.03497716,0.5095277,-4.780396,-151.3155,5.202057,0.01364971,0.8661266,0.06467448,-0.4954347,12.21295,-149.6874,7.336121
06.12.2023 14:48:34,0.02281278,-0.8594481,0.03492698,0.5095182,-4.777293,-151.3139,5.208191,0.01388182,0.86617,0.06478715,-0.4953377,12.23767,-149.6747,7.318665
06.12.2023 14:48:34,0.02270925,-0.8594493,0.03498026,0.509517,-4.776495,-151.3143,5.194855,0.01426707,0.8661996,0.06476564,-0.4952778,12.25769,-149.6649,7.278473
06.12.2023 14:48:34,0.02262966,-0.8594978,0.03516784,0.5094257,-4.790328,-151.3032,5.176483,0.01451297,0.8662747,0.06450794,-0.4951729,12.24637,-149.6473,7.238129
06.12.2023 14:48:34,0.02253508,-0.8595024,0.03530065,0.5094129,-4.7979,-151.3024,5.159424,0.0143848,0.8664783,0.0643497,-0.4948411,12.22415,-149.6023,7.238983
06.12.2023 14:48:34,0.02253752,-0.8595568,0.0353683,0.5093166,-4.8047,-151.2898,5.15625,0.01440408,0.8666971,0.06420297,-0.4944762,12.21161,-149.5523,7.225525
06.12.2023 14:48:34,0.02257028,-0.8596338,0.03547044,0.509178,-4.81667,-151.2717,5.154266,0.01446119,0.8668916,0.06423874,-0.4941288,12.2193,-149.5063,7.218994
06.12.2023 14:48:34,0.02259125,-0.859639,0.03549983,0.5091662,-4.820793,-151.2702,5.154663,0.01449111,0.8670487,0.06440178,-0.4938308,12.23801,-149.4683,7.2229
06.12.2023 14:48:34,0.02281951,-0.8596994,0.03550101,0.5090539,-4.834227,-151.2546,5.177795,0.01440458,0.867044,0.06486093,-0.4937816,12.27893,-149.4666,7.257629
06.12.2023 14:48:34,0.02304163,-0.859695,0.03548131,0.5090527,-4.845263,-151.2538,5.200897,0.01498651,0.8669736,0.06486887,-0.4938868,12.31259,-149.4782,7.200836
06.12.2023 14:48:34,0.02319857,-0.8597171,0.03548983,0.5090078,-4.855262,-151.2473,5.216156,0.01609752,0.8669437,0.06454688,-0.4939467,12.34363,-149.4782,7.071747
06.12.2023 14:48:34,0.02323311,-0.8597016,0.03561007,0.5090239,-4.869152,-151.25,5.212433,0.01664169,0.8669115,0.06442598,-0.4940009,12.36243,-149.4818,7.010834
06.12.2023 14:48:34,0.02317424,-0.8597562,0.03573636,0.5089257,-4.878155,-151.2376,5.199768,0.01651462,0.8669403,0.06438314,-0.4939601,12.35101,-149.4766,7.020721
06.12.2023 14:48:34,0.02300189,-0.8597963,0.03584087,0.5088582,-4.878389,-151.2296,5.177002,0.01604465,0.8669572,0.06461176,-0.4939162,12.34714,-149.475,7.080505
06.12.2023 14:48:34,0.02287632,-0.8598196,0.03594949,0.508817,-4.881768,-151.2249,5.158447,0.01584538,0.8670399,0.06482727,-0.4937492,12.35767,-149.4558,7.11142
06.12.2023 14:48:34,0.02268672,-0.8597924,0.03584098,0.508879,-4.859993,-151.2332,5.145721,0.01547279,0.867175,0.0651473,-0.4934814,12.36902,-149.425,7.164856
06.12.2023 14:48:34,0.02259967,-0.8597995,0.03582129,0.5088723,-4.852962,-151.2325,5.138306,0.0149579,0.8672737,0.06559981,-0.4932638,12.38538,-149.4029,7.24057
06.12.2023 14:48:34,0.02266569,-0.8598082,0.03566422,0.5088657,-4.841313,-151.2307,5.154083,0.0148437,0.8673189,0.06605529,-0.493127,12.42462,-149.3898,7.277069
06.12.2023 14:48:34,0.02263967,-0.8597845,0.03565183,0.5089077,-4.838579,-151.2363,5.152008,0.01533964,0.867284,0.06628888,-0.4931419,12.47604,-149.392,7.241089
06.12.2023 14:48:34,0.02268376,-0.8597288,0.03553213,0.5090081,-4.829358,-151.249,5.162811,0.01594976,0.867206,0.06628857,-0.4932597,12.51041,-149.4049,7.181091
06.12.2023 14:48:34,0.02253237,-0.8596938,0.03552003,0.5090748,-4.81933,-151.2583,5.148193,0.0168968,0.8671442,0.06613652,-0.4933574,12.54889,-149.4121,7.078491
06.12.2023 14:48:34,0.02250368,-0.8596582,0.03554344,0.5091348,-4.819973,-151.2664,5.143646,0.01710508,0.8670658,0.0662336,-0.4934748,12.57013,-149.4277,7.06427
06.12.2023 14:48:34,0.02252074,-0.8596423,0.03557,0.509159,-4.823597,-151.2698,5.143646,0.01668723,0.8670335,0.06655696,-0.4935024,12.57852,-149.4365,7.124969
06.12.2023 14:48:34,0.0225445,-0.8596163,0.03558252,0.5092008,-4.826228,-151.2753,5.14502,0.01596473,0.8669366,0.06658412,-0.4936928,12.53961,-149.4653,7.200439
06.12.2023 14:48:34,0.02262705,-0.8596013,0.0355381,0.5092256,-4.826674,-151.2782,5.15564,0.01551241,0.8668807,0.0662124,-0.4938554,12.47644,-149.4851,7.225586
06.12.2023 14:48:34,0.02261038,-0.8595518,0.03552461,0.5093108,-4.824383,-151.2896,5.154297,0.01527575,0.8667839,0.06597582,-0.4940643,12.43884,-149.5115,7.237366
06.12.2023 14:48:34,0.02261188,-0.8595116,0.03554589,0.5093771,-4.826583,-151.2985,5.152832,0.01503276,0.866721,0.06576719,-0.4942099,12.40384,-149.5298,7.250854
06.12.2023 14:48:34,0.02242518,-0.8595224,0.03555288,0.5093666,-4.816354,-151.2977,5.134033,0.01518569,0.8666967,0.06559785,-0.4942704,12.39554,-149.5355,7.226288
06.12.2023 14:48:34,0.02230705,-0.8595513,0.03553737,0.509324,-4.80791,-151.2922,5.123505,0.0155052,0.8666005,0.06557252,-0.4944326,12.41083,-149.5553,7.194305
06.12.2023 14:48:34,0.02229463,-0.8595338,0.03529359,0.5093712,-4.783136,-151.2974,5.136322,0.01599675,0.8665794,0.065556,-0.494456,12.43713,-149.5561,7.14444
06.12.2023 14:48:34,0.02228968,-0.8595511,0.03511428,0.5093546,-4.765152,-151.2943,5.146454,0.01612889,0.8665757,0.06561016,-0.494451,12.45007,-149.5554,7.134338
06.12.2023 14:48:34,0.02235915,-0.8595341,0.03491323,0.509394,-4.749382,-151.2985,5.164886,0.01602758,0.8665828,0.06572824,-0.4944261,12.45612,-149.5537,7.151062
06.12.2023 14:48:34,0.0223362,-0.8595565,0.03478011,0.5093663,-4.7349,-151.2942,5.170563,0.01595906,0.8665406,0.06569918,-0.4945061,12.44913,-149.5644,7.156921
06.12.2023 14:48:34,0.02236193,-0.8595885,0.0347368,0.5093142,-4.732121,-151.287,5.175934,0.01579656,0.8664896,0.06568026,-0.4946032,12.43774,-149.5778,7.172913
06.12.2023 14:48:34,0.02227976,-0.8595856,0.03470208,0.5093251,-4.723893,-151.2885,5.1698,0.01560997,0.8664404,0.06569869,-0.4946929,12.42871,-149.5907,7.19339
06.12.2023 14:48:34,0.02220593,-0.8595921,0.03473292,0.5093151,-4.722618,-151.2875,5.160736,0.0155525,0.8664955,0.06578345,-0.4945869,12.43414,-149.5777,7.203094
06.12.2023 14:48:34,0.02210029,-0.8595594,0.03474898,0.509374,-4.718037,-151.2957,5.149048,0.01551752,0.8664815,0.06584349,-0.4946046,12.43808,-149.5808,7.210236
06.12.2023 14:48:34,0.02207974,-0.8595981,0.034778,0.5093075,-4.719687,-151.287,5.145691,0.01557671,0.866451,0.06588735,-0.4946504,12.44568,-149.5871,7.207245
06.12.2023 14:48:34,0.02219914,-0.8595817,0.03479455,0.5093288,-4.728304,-151.2897,5.156403,0.01561568,0.8663879,0.06592409,-0.4947547,12.45129,-149.6011,7.20639
06.12.2023 14:48:34,0.02221399,-0.8595912,0.0347337,0.5093163,-4.723166,-151.2877,5.161499,0.01567649,0.8664056,0.06600703,-0.4947107,12.46313,-149.5959,7.204742
06.12.2023 14:48:34,0.02223388,-0.8595743,0.03468793,0.509347,-4.719818,-151.2915,5.165985,0.01593537,0.8664891,0.06579856,-0.494584,12.45746,-149.5758,7.16571
06.12.2023 14:48:34,0.02223302,-0.8595564,0.03464894,0.50938,-4.715927,-151.2957,5.167999,0.01611977,0.8664945,0.06556943,-0.494599,12.44513,-149.5747,7.134186
06.12.2023 14:48:34,0.02220669,-0.8595622,0.03464122,0.5093718,-4.713625,-151.2947,5.165894,0.01508109,0.8664975,0.06590412,-0.4945819,12.41928,-149.5803,7.257141
06.12.2023 14:48:34,0.02221025,-0.859555,0.03460341,0.5093865,-4.710105,-151.2964,5.168365,0.01436323,0.8664873,0.06612902,-0.4945911,12.4007,-149.5869,7.341919
06.12.2023 14:48:34,0.02220791,-0.8595513,0.03453213,0.5093977,-4.702938,-151.2976,5.172272,0.01386301,0.8664315,0.06607207,-0.4947108,12.36618,-149.6044,7.389618
06.12.2023 14:48:34,0.02224733,-0.859576,0.03457239,0.5093515,-4.709204,-151.2915,5.174042,0.01354738,0.8663612,0.06607492,-0.4948423,12.34808,-149.6233,7.422424
06.12.2023 14:48:34,0.02218645,-0.8595936,0.0344956,0.5093297,-4.698064,-151.2884,5.172668,0.01329236,0.8662762,0.06618463,-0.4949833,12.34406,-149.6442,7.455444
06.12.2023 14:48:34,0.02223467,-0.8595572,0.0345034,0.5093884,-4.701664,-151.2962,5.176636,0.01292199,0.8661498,0.06628592,-0.4952007,12.33237,-149.6757,7.500122
06.12.2023 14:48:34,0.0222829,-0.8595688,0.03439693,0.5093739,-4.693975,-151.2936,5.187744,0.01222379,0.8659071,0.06636494,-0.4956321,12.29907,-149.7368,7.578064
06.12.2023 14:48:34,0.02239363,-0.8595238,0.0344089,0.5094442,-4.701647,-151.3028,5.197571,0.01133291,0.8657136,0.06644282,-0.4959807,12.25482,-149.7877,7.674408
06.12.2023 14:48:34,0.02240313,-0.85957,0.03440089,0.5093664,-4.701394,-151.2923,5.199432,0.01062698,0.8655625,0.06605082,-0.4963124,12.17444,-149.8307,7.724823
06.12.2023 14:48:34,0.02251772,-0.8595642,0.03441729,0.5093701,-4.709712,-151.2926,5.209747,0.01092869,0.8655978,0.06519935,-0.4963567,12.10696,-149.8265,7.64566
06.12.2023 14:48:34,0.02269749,-0.8595354,0.03451321,0.5094042,-4.729696,-151.2971,5.22171,0.01177571,0.8657553,0.06450719,-0.4961533,12.08722,-149.789,7.519348
06.12.2023 14:48:34,0.02285963,-0.8594899,0.03464964,0.5094643,-4.752654,-151.3053,5.22937,0.01190798,0.8659149,0.0643769,-0.4958884,12.08258,-149.752,7.496429
06.12.2023 14:48:34,0.02301781,-0.8594807,0.03483726,0.50946,-4.780415,-151.3052,5.234039,0.01128146,0.8660565,0.06432564,-0.4956622,12.04236,-149.724,7.554108
06.12.2023 14:48:34,0.02324702,-0.8594712,0.03490089,0.5094613,-4.800097,-151.305,5.25293,0.01090512,0.8661391,0.06391032,-0.4955801,11.9798,-149.7105,7.566925
06.12.2023 14:48:34,0.02336798,-0.8594087,0.03505811,0.5095505,-4.822711,-151.3174,5.255157,0.01066172,0.8660926,0.06328562,-0.4957468,11.90326,-149.7274,7.556396
06.12.2023 14:48:34,0.02347063,-0.8593664,0.0350181,0.5096198,-4.824788,-151.3262,5.267242,0.01082378,0.865818,0.06210953,-0.4963713,11.79379,-149.7981,7.477051
06.12.2023 14:48:34,0.02343983,-0.8594106,0.03495026,0.5095511,-4.816272,-151.3167,5.268585,0.01099649,0.8656721,0.06180285,-0.4966602,11.77237,-149.8329,7.444336
06.12.2023 14:48:34,0.02337475,-0.8593479,0.03495143,0.5096599,-4.812613,-151.3315,5.261475,0.01083532,0.8654577,0.06207592,-0.4970033,11.78931,-149.8817,7.478943
06.12.2023 14:48:34,0.0233295,-0.8593563,0.03490613,0.5096509,-4.805495,-151.3302,5.259705,0.01074812,0.8653401,0.06257988,-0.4971467,11.83395,-149.906,7.518005
06.12.2023 14:48:34,0.02328834,-0.8593225,0.03484408,0.5097141,-4.796985,-151.3384,5.258942,0.01121333,0.8652301,0.0626275,-0.4973217,11.86484,-149.9278,7.4758
06.12.2023 14:48:34,0.02317009,-0.8593838,0.03467913,0.5096273,-4.773767,-151.3264,5.257416,0.01132512,0.865284,0.06305441,-0.4971716,11.91409,-149.9116,7.488251
06.12.2023 14:48:34,0.02300531,-0.8593331,0.03449325,0.509733,-4.745821,-151.3401,5.251465,0.01090477,0.8652877,0.06341358,-0.4971289,11.92581,-149.9112,7.550659
06.12.2023 14:48:34,0.02282861,-0.8593648,0.03422241,0.5097057,-4.708756,-151.3357,5.250061,0.01084554,0.8653621,0.06358032,-0.4969792,11.93942,-149.8932,7.565033
06.12.2023 14:48:34,0.02272853,-0.8593547,0.03395028,0.5097453,-4.676067,-151.34,5.25592,0.01131107,0.8654838,0.06348218,-0.4967694,11.95694,-149.8625,7.511261
06.12.2023 14:48:34,0.02265272,-0.8593289,0.03373242,0.5098068,-4.650159,-151.3475,5.260895,0.01184828,0.865597,0.06340469,-0.4965696,11.98056,-149.833,7.451569
06.12.2023 14:48:34,0.0225561,-0.8593507,0.03360748,0.5097826,-4.632174,-151.3439,5.258789,0.01199129,0.8656868,0.0636024,-0.4963844,12.00894,-149.8098,7.447296
06.12.2023 14:48:34,0.02238659,-0.8593034,0.03356664,0.5098725,-4.618253,-151.3562,5.243988,0.01198696,0.865739,0.06383977,-0.4962628,12.03262,-149.796,7.46048
06.12.2023 14:48:34,0.02230713,-0.8592813,0.0335356,0.5099152,-4.610554,-151.362,5.237732,0.01195608,0.8657744,0.06418417,-0.4961574,12.0654,-149.7856,7.482666
06.12.2023 14:48:34,0.0222384,-0.859222,0.03344675,0.510024,-4.597797,-151.3763,5.235565,0.01189135,0.8657562,0.06452623,-0.4961463,12.09573,-149.7878,7.508881
06.12.2023 14:48:34,0.0223048,-0.8591887,0.03333446,0.5100843,-4.590627,-151.3837,5.248383,0.01206924,0.8656556,0.06464951,-0.4963016,12.11771,-149.8089,7.499573
06.12.2023 14:48:34,0.02250153,-0.8591158,0.03309312,0.5102143,-4.578383,-151.3995,5.281281,0.01228213,0.8655488,0.06456447,-0.4964937,12.12091,-149.8327,7.474976
06.12.2023 14:48:34,0.02273185,-0.8590595,0.03302779,0.5103031,-4.585458,-151.4105,5.307373,0.01239997,0.8654695,0.06449336,-0.4966381,12.12015,-149.8507,7.460297
06.12.2023 14:48:34,0.02278207,-0.8590275,0.03303646,0.5103542,-4.589274,-151.4172,5.311554,0.01232603,0.8654141,0.06428646,-0.4967634,12.095,-149.8655,7.456696
06.12.2023 14:48:34,0.02279491,-0.8590024,0.03311101,0.5103911,-4.59739,-151.4224,5.308258,0.0121589,0.8654101,0.06416044,-0.4967906,12.07285,-149.8686,7.466278
06.12.2023 14:48:34,0.02255799,-0.859008,0.03324054,0.5103837,-4.596282,-151.4226,5.277283,0.01190119,0.8654723,0.06404503,-0.4967036,12.04688,-149.8569,7.484558
06.12.2023 14:48:34,0.02243075,-0.8590004,0.03345042,0.5103884,-4.609525,-151.4245,5.25238,0.01183547,0.8655672,0.06378093,-0.4965737,12.01721,-149.8373,7.474701
06.12.2023 14:48:34,0.02223329,-0.8589938,0.03345563,0.5104077,-4.598477,-151.4276,5.232483,0.01206344,0.8657216,0.06379505,-0.496297,12.03247,-149.7998,7.450562
06.12.2023 14:48:34,0.02212285,-0.8590261,0.03339862,0.5103619,-4.586375,-151.4215,5.225189,0.01206564,0.8658228,0.06388871,-0.4961084,12.04242,-149.7757,7.454224
06.12.2023 14:48:34,0.02215393,-0.8590105,0.03343019,0.5103848,-4.591315,-151.4246,5.226257,0.01202973,0.865895,0.06412192,-0.4959532,12.064,-149.7575,7.470032
06.12.2023 14:48:34,0.02202922,-0.8590797,0.03324636,0.5102857,-4.565858,-151.4109,5.225281,0.01173648,0.8659276,0.06417627,-0.4958962,12.05283,-149.7517,7.501984
06.12.2023 14:48:34,0.02198555,-0.8591138,0.03304286,0.5102434,-4.543222,-151.4044,5.233154,0.01175327,0.8659997,0.06417569,-0.4957701,12.05408,-149.7349,7.499237
06.12.2023 14:48:34,0.02172415,-0.8591732,0.03282523,0.5101686,-4.506436,-151.3942,5.22052,0.01245797,0.8660989,0.06379043,-0.4956292,12.05643,-149.7094,7.405457
06.12.2023 14:48:34,0.02145118,-0.8592356,0.03265823,0.5100858,-4.473967,-151.3831,5.203796,0.01326375,0.8662442,0.06343875,-0.4953994,12.06808,-149.6721,7.302826
06.12.2023 14:48:34,0.02125158,-0.8593041,0.03253196,0.5099868,-4.449808,-151.3698,5.192017,0.01406762,0.8664193,0.063271,-0.4950924,12.09805,-149.6264,7.210358
06.12.2023 14:48:35,0.0211612,-0.8594149,0.03248062,0.5098072,-4.439415,-151.3458,5.187042,0.01431981,0.8666034,0.06351573,-0.4947315,12.13773,-149.5798,7.19635
06.12.2023 14:48:35,0.02107822,-0.8594446,0.0324049,0.5097653,-4.427083,-151.3401,5.183502,0.0136981,0.8667594,0.06415173,-0.4943937,12.16647,-149.5439,7.292389
06.12.2023 14:48:35,0.02099494,-0.8594482,0.03241996,0.5097616,-4.423697,-151.3399,5.174438,0.01370794,0.8668756,0.06443433,-0.4941528,12.1958,-149.5146,7.305725
06.12.2023 14:48:35,0.02097146,-0.8594249,0.03241363,0.5098022,-4.421708,-151.3453,5.172272,0.01397901,0.8669594,0.06465146,-0.4939699,12.23337,-149.4914,7.289642
06.12.2023 14:48:35,0.02093909,-0.8594507,0.03243855,0.5097587,-4.422262,-151.3397,5.167847,0.0147152,0.8670628,0.06463,-0.4937697,12.27365,-149.4615,7.213165
06.12.2023 14:48:35,0.02076821,-0.8594584,0.03240237,0.509755,-4.408698,-151.3395,5.153107,0.01534455,0.8671129,0.06477699,-0.4936434,12.32443,-149.4435,7.157684
06.12.2023 14:48:35,0.0206734,-0.8594596,0.03237472,0.5097585,-4.400424,-151.3401,5.145355,0.0148828,0.8669257,0.0656228,-0.4938745,12.38181,-149.4845,7.254608
06.12.2023 14:48:35,0.0205763,-0.8594707,0.03208883,0.5097619,-4.366546,-151.3395,5.152527,0.01310866,0.8665571,0.06693403,-0.4943954,12.40985,-149.5747,7.512146
06.12.2023 14:48:35,0.02046041,-0.8594485,0.03188406,0.5098168,-4.339578,-151.3463,5.152802,0.01298723,0.866381,0.06721441,-0.4946692,12.43002,-149.6144,7.542847
06.12.2023 14:48:35,0.02047954,-0.8593948,0.0315905,0.5099248,-4.311765,-151.3594,5.171356,0.01624816,0.8664434,0.06575736,-0.4946593,12.47101,-149.584,7.132721
06.12.2023 14:48:35,0.02045839,-0.8593379,0.03149701,0.5100272,-4.301327,-151.3727,5.174255,0.01959964,0.8665826,0.06457591,-0.4944496,12.54489,-149.5298,6.727783
06.12.2023 14:48:35,0.02040273,-0.8593114,0.03140087,0.51008,-4.288599,-151.3795,5.174133,0.01911149,0.8665673,0.06524752,-0.4944074,12.58405,-149.5329,6.814972
06.12.2023 14:48:35,0.0204548,-0.8592559,0.0314267,0.5101698,-4.294212,-151.3915,5.177307,0.0166694,0.8665777,0.06666839,-0.494288,12.58667,-149.542,7.140106
06.12.2023 14:48:35,0.02038516,-0.8592117,0.03152318,0.5102412,-4.299663,-151.4016,5.164429,0.01613626,0.866693,0.06681535,-0.4940837,12.57144,-149.5187,7.200073
06.12.2023 14:48:35,0.0202915,-0.8592141,0.03164752,0.5102333,-4.306439,-151.4013,5.147919,0.01685478,0.8667461,0.06638383,-0.4940247,12.56952,-149.5033,7.102814
06.12.2023 14:48:35,0.02033717,-0.8591217,0.0316366,0.5103877,-4.308063,-151.4217,5.152283,0.01818451,0.8667989,0.06568949,-0.4939776,12.5762,-149.4843,6.929382
06.12.2023 14:48:35,0.02040006,-0.8591162,0.03162814,0.5103949,-4.310914,-151.4225,5.158966,0.01846166,0.8668641,0.06577504,-0.4938414,12.6008,-149.4658,6.905396
06.12.2023 14:48:35,0.0205433,-0.8590634,0.03156638,0.5104819,-4.313231,-151.4335,5.17627,0.0182501,0.8670267,0.06616842,-0.4935113,12.62869,-149.4268,6.94635
06.12.2023 14:48:35,0.02073116,-0.8590052,0.03155013,0.5105732,-4.322654,-151.4452,5.195313,0.01843813,0.8671814,0.06622504,-0.4932249,12.64566,-149.3885,6.928284
06.12.2023 14:48:35,0.02080743,-0.8589746,0.0315588,0.5106211,-4.327989,-151.4515,5.202087,0.01873267,0.8672619,0.06608046,-0.4930916,12.64832,-149.3681,6.889282
06.12.2023 14:48:35,0.02094861,-0.8588845,0.03159306,0.5107646,-4.339674,-151.4704,5.213287,0.01869406,0.8672743,0.06593904,-0.4930902,12.63202,-149.3667,6.88501
06.12.2023 14:48:35,0.02105696,-0.8588504,0.03165856,0.5108134,-4.352492,-151.477,5.219879,0.01819358,0.8671736,0.06620239,-0.4932508,12.62946,-149.3928,6.95166
06.12.2023 14:48:35,0.02117637,-0.8587873,0.03174415,0.5109093,-4.367954,-151.4899,5.226135,0.01783133,0.8671597,0.06648333,-0.4932507,12.63684,-149.3972,7.004089
06.12.2023 14:48:35,0.02127037,-0.8586853,0.03185788,0.5110698,-4.384717,-151.5115,5.227905,0.01768202,0.8671599,0.06660683,-0.4932389,12.64069,-149.3976,7.026031
06.12.2023 14:48:35,0.02139995,-0.8586597,0.03188396,0.5111056,-4.394896,-151.5161,5.238953,0.01769811,0.8671811,0.0666902,-0.4931899,12.65002,-149.3918,7.028809
06.12.2023 14:48:35,0.02144426,-0.8586653,0.03194636,0.5110905,-4.403641,-151.5143,5.239746,0.01793315,0.8672113,0.06655604,-0.4931463,12.65015,-149.3837,6.997192
06.12.2023 14:48:35,0.02166595,-0.8586265,0.03206507,0.511139,-4.428356,-151.5207,5.254395,0.01827933,0.8673013,0.06620419,-0.4930227,12.63501,-149.3622,6.941162
06.12.2023 14:48:35,0.02177338,-0.8586192,0.03222058,0.5111369,-4.449982,-151.5208,5.255829,0.01846883,0.8673152,0.06592658,-0.4930283,12.6181,-149.3593,6.90625
06.12.2023 14:48:35,0.02193396,-0.8586097,0.03232978,0.511139,-4.470162,-151.5212,5.265259,0.01849199,0.8672776,0.06566435,-0.4931286,12.59305,-149.37,6.889709
06.12.2023 14:48:35,0.02194542,-0.8586386,0.03243908,0.511083,-4.48159,-151.5141,5.260254,0.01819152,0.8671626,0.06556287,-0.4933554,12.56537,-149.4004,6.915894
06.12.2023 14:48:35,0.02193362,-0.8586692,0.03234638,0.5110381,-4.471747,-151.5078,5.264771,0.01767549,0.8671007,0.06561406,-0.4934762,12.54083,-149.4193,6.971527
06.12.2023 14:48:35,0.02183024,-0.8587078,0.03238683,0.510975,-4.469653,-151.4998,5.252533,0.01779964,0.8671526,0.06538319,-0.4934112,12.52505,-149.4078,6.945221
06.12.2023 14:48:35,0.0219473,-0.8587163,0.03248341,0.5109496,-4.486029,-151.4965,5.258514,0.0180824,0.8671914,0.0649587,-0.4933887,12.49887,-149.3995,6.892273
06.12.2023 14:48:35,0.02190617,-0.8587919,0.0325163,0.5108222,-4.486822,-151.4797,5.253204,0.01835583,0.8672473,0.06479006,-0.4933026,12.4978,-149.3852,6.854462
06.12.2023 14:48:35,0.0217761,-0.8588319,0.03252134,0.5107601,-4.479676,-151.4717,5.240387,0.01777775,0.8672499,0.06510516,-0.4932777,12.4964,-149.3875,6.930206
06.12.2023 14:48:35,0.02173679,-0.858874,0.03252473,0.510691,-4.477687,-151.4626,5.236664,0.01718135,0.8673202,0.06545654,-0.4931286,12.49783,-149.3738,7.00882
06.12.2023 14:48:35,0.02161151,-0.8589754,0.03249953,0.5105273,-4.467818,-151.441,5.226654,0.01732272,0.8673618,0.06524038,-0.4930793,12.48444,-149.3645,6.981781
06.12.2023 14:48:35,0.02149761,-0.8590287,0.0325162,0.5104413,-4.462766,-151.4298,5.214874,0.017613,0.8673862,0.06491337,-0.4930692,12.46835,-149.3587,6.933838
06.12.2023 14:48:35,0.02133201,-0.8591137,0.03248095,0.5103075,-4.44956,-151.4122,5.201294,0.01821385,0.8673497,0.06450056,-0.4931656,12.46115,-149.3649,6.8508
06.12.2023 14:48:35,0.02123201,-0.8591186,0.03244183,0.5103057,-4.439846,-151.412,5.193726,0.01815524,0.8672493,0.06442064,-0.4933548,12.44946,-149.3895,6.853699
06.12.2023 14:48:35,0.02119373,-0.8591586,0.03245192,0.5102393,-4.438584,-151.4033,5.189697,0.01752499,0.8671931,0.06484137,-0.4934214,12.45541,-149.4051,6.941528
06.12.2023 14:48:35,0.02104362,-0.8592221,0.03246382,0.5101379,-4.430947,-151.3902,5.174713,0.01732245,0.8671725,0.06506468,-0.4934353,12.46609,-149.41,6.974762
06.12.2023 14:48:35,0.02081565,-0.8592264,0.03243918,0.5101416,-4.415173,-151.3911,5.153625,0.01776305,0.8671808,0.0648029,-0.4934394,12.46506,-149.4061,6.915649
06.12.2023 14:48:35,0.02066734,-0.8592209,0.03247699,0.5101545,-4.410221,-151.3934,5.136719,0.01827698,0.8672115,0.06441831,-0.4934172,12.45602,-149.3972,6.841919
06.12.2023 14:48:35,0.02058522,-0.8592882,0.03247914,0.5100444,-4.405609,-151.3789,5.129059,0.01821713,0.8671736,0.06460024,-0.4934622,12.47064,-149.4052,6.858765
06.12.2023 14:48:35,0.02046508,-0.8593214,0.03258724,0.5099862,-4.40923,-151.3719,5.111145,0.0178926,0.8671454,0.06502801,-0.4934675,12.49481,-149.4114,6.915924
06.12.2023 14:48:35,0.02024786,-0.8593472,0.03265143,0.5099475,-4.402844,-151.3676,5.086121,0.01763901,0.8672469,0.06522456,-0.4932721,12.5004,-149.3885,6.950928
06.12.2023 14:48:35,0.0200523,-0.8593927,0.03274764,0.5098723,-4.400883,-151.3584,5.061554,0.01768463,0.8672798,0.06523421,-0.4932114,12.50409,-149.3804,6.946381
06.12.2023 14:48:35,0.02006827,-0.8594723,0.03278182,0.5097353,-4.405179,-151.3402,5.061829,0.01767461,0.8672608,0.06520427,-0.4932493,12.50046,-149.3851,6.945984
06.12.2023 14:48:35,0.02015102,-0.8594496,0.03274268,0.5097728,-4.406162,-151.3448,5.072113,0.01741967,0.867169,0.06539325,-0.4933947,12.50446,-149.4074,6.983643
06.12.2023 14:48:35,0.02034042,-0.8594982,0.03259145,0.5096929,-4.402316,-151.3331,5.100098,0.01732261,0.8671106,0.06530429,-0.4935125,12.48981,-149.4226,6.989258
06.12.2023 14:48:35,0.02069349,-0.8594653,0.0325625,0.5097361,-4.420118,-151.3378,5.136444,0.01763245,0.8669788,0.06499879,-0.4937733,12.47641,-149.4529,6.942902
06.12.2023 14:48:35,0.0210939,-0.8594596,0.03254969,0.5097301,-4.442275,-151.336,5.176758,0.01791788,0.8669212,0.06475861,-0.4938958,12.46844,-149.4655,6.901581
06.12.2023 14:48:35,0.0211587,-0.8594186,0.03268336,0.5097881,-4.459264,-151.3441,5.175018,0.01786678,0.8668322,0.06473468,-0.4940569,12.4628,-149.4869,6.906708
06.12.2023 14:48:35,0.02118564,-0.8594299,0.03291132,0.5097533,-4.483318,-151.3404,5.16449,0.01725346,0.866801,0.06495935,-0.494104,12.45016,-149.498,6.981384
06.12.2023 14:48:35,0.02109188,-0.8594294,0.03314124,0.5097432,-4.500512,-151.3403,5.141785,0.01696562,0.8667837,0.06502306,-0.4941357,12.44003,-149.5041,7.014099
06.12.2023 14:48:35,0.02080766,-0.8594114,0.03325003,0.509778,-4.49462,-151.3462,5.107147,0.01702598,0.8668504,0.06504276,-0.4940142,12.44571,-149.4879,7.008148
06.12.2023 14:48:35,0.02073601,-0.8593505,0.03333205,0.5098782,-4.498529,-151.3601,5.094727,0.01744559,0.8669821,0.06479732,-0.4938007,12.44565,-149.4554,6.950195
06.12.2023 14:48:35,0.02071384,-0.8593423,0.03330731,0.5098946,-4.494794,-151.3622,5.093903,0.01767775,0.867061,0.06486411,-0.4936451,12.46585,-149.4343,6.929504
06.12.2023 14:48:35,0.02076179,-0.8593415,0.03329466,0.5098947,-4.496352,-151.3621,5.099396,0.01778013,0.8670957,0.06482951,-0.4935849,12.46835,-149.4256,6.916748
06.12.2023 14:48:35,0.02073812,-0.8593662,0.0331258,0.5098651,-4.478309,-151.3574,5.107117,0.0175241,0.867129,0.06503792,-0.4935082,12.47473,-149.4185,6.953705
06.12.2023 14:48:35,0.02065479,-0.8593922,0.0330739,0.509828,-4.468309,-151.3524,5.102142,0.01721586,0.8671436,0.0651876,-0.4934736,12.4722,-149.4168,6.992859
06.12.2023 14:48:35,0.02050525,-0.859385,0.03295894,0.5098537,-4.448224,-151.3557,5.093994,0.01742387,0.8672447,0.06499182,-0.4933145,12.46487,-149.3928,6.959381
06.12.2023 14:48:35,0.02046552,-0.8594592,0.03293076,0.509732,-4.443107,-151.3395,5.092346,0.01763329,0.8673521,0.0649083,-0.4931292,12.46887,-149.3665,6.932037
06.12.2023 14:48:35,0.02039681,-0.8594776,0.03291807,0.5097046,-4.437833,-151.3359,5.086456,0.01771868,0.867505,0.06488448,-0.4928601,12.47195,-149.3302,6.9198
06.12.2023 14:48:35,0.02044909,-0.8594825,0.03298073,0.50969,-4.447071,-151.3341,5.088013,0.01750302,0.8676171,0.06495708,-0.4926611,12.46738,-149.3055,6.943817
06.12.2023 14:48:35,0.02054526,-0.8594838,0.03294781,0.5096862,-4.449448,-151.3332,5.099457,0.01740621,0.8677284,0.06496206,-0.4924677,12.46283,-149.2803,6.952118
06.12.2023 14:48:35,0.02054925,-0.8595375,0.03292206,0.5095971,-4.447131,-151.3212,5.101807,0.01721731,0.8677064,0.06498405,-0.4925102,12.45419,-149.287,6.972656
06.12.2023 14:48:35,0.02056802,-0.8595244,0.03292008,0.5096186,-4.448036,-151.324,5.103668,0.01718745,0.8677148,0.06488792,-0.4925091,12.44293,-149.2861,6.970093
06.12.2023 14:48:35,0.02042204,-0.8595318,0.0329999,0.5096068,-4.447371,-151.3232,5.084656,0.01711136,0.8676017,0.0648284,-0.4927188,12.43219,-149.3136,6.976074
06.12.2023 14:48:35,0.02037273,-0.8595226,0.03303071,0.5096223,-4.447528,-151.3255,5.077881,0.01711431,0.8675227,0.06488361,-0.4928506,12.43756,-149.3316,6.980103
06.12.2023 14:48:35,0.02022208,-0.859539,0.03294299,0.5096063,-4.430063,-151.3233,5.068237,0.0171382,0.8675299,0.06494607,-0.4928287,12.44519,-149.3292,6.98111
06.12.2023 14:48:35,0.02014018,-0.8595313,0.03286053,0.5096279,-4.417141,-151.3261,5.06488,0.01748343,0.8675083,0.06501054,-0.4928463,12.47119,-149.3307,6.95047
06.12.2023 14:48:35,0.02024057,-0.8595244,0.03278193,0.5096406,-4.41526,-151.3271,5.079346,0.01779792,0.8675306,0.06490441,-0.4928098,12.47855,-149.3234,6.912567
06.12.2023 14:48:35,0.02024893,-0.8594964,0.03270191,0.5096926,-4.40786,-151.3337,5.084595,0.01770366,0.8674885,0.06494553,-0.4928818,12.47714,-149.3338,6.924988
06.12.2023 14:48:35,0.02038174,-0.8594806,0.03252447,0.5097252,-4.398129,-151.337,5.107941,0.0171859,0.8673413,0.06506293,-0.4931435,12.45883,-149.3719,6.985809
06.12.2023 14:48:35,0.02036,-0.8594059,0.0324272,0.5098584,-4.387281,-151.3544,5.110809,0.01657995,0.8671783,0.06515451,-0.4934387,12.4328,-149.4146,7.05423
06.12.2023 14:48:35,0.02025765,-0.8593383,0.0323534,0.5099812,-4.374028,-151.3707,5.104431,0.01644435,0.8670719,0.06511732,-0.4936352,12.42093,-149.4409,7.067322
06.12.2023 14:48:35,0.0201528,-0.8592556,0.03239281,0.5101221,-4.371794,-151.39,5.091034,0.01672152,0.8669599,0.06499235,-0.4938391,12.42377,-149.4655,7.034149
06.12.2023 14:48:35,0.02008195,-0.859232,0.0323243,0.5101688,-4.360895,-151.3961,5.08783,0.01734864,0.8668817,0.0647981,-0.4939801,12.43979,-149.4796,6.961487
06.12.2023 14:48:35,0.02011371,-0.8591836,0.03232437,0.5102491,-4.36277,-151.4067,5.090546,0.01756111,0.8668758,0.06486526,-0.4939742,12.45859,-149.4785,6.944061
06.12.2023 14:48:35,0.02012197,-0.8591786,0.03239184,0.5102529,-4.369907,-151.4075,5.087372,0.01750832,0.8668367,0.06497514,-0.4940303,12.4664,-149.4873,6.956177
06.12.2023 14:48:35,0.0203772,-0.8591985,0.03255834,0.5101988,-4.401263,-151.4004,5.103088,0.01737017,0.8667806,0.06488354,-0.4941455,12.44916,-149.5023,6.965698
06.12.2023 14:48:35,0.02036809,-0.8591859,0.03265911,0.5102138,-4.410668,-151.4028,5.096191,0.01738506,0.8667272,0.0645327,-0.4942846,12.41473,-149.5173,6.945129
06.12.2023 14:48:35,0.02048697,-0.8591961,0.0328021,0.5101826,-4.431724,-151.399,5.09967,0.01752657,0.8667268,0.06409069,-0.4943378,12.37866,-149.5195,6.905945
06.12.2023 14:48:35,0.02071156,-0.8592381,0.03306155,0.5100861,-4.470445,-151.3867,5.107117,0.01747323,0.8666548,0.06368723,-0.494518,12.33505,-149.5398,6.889526
06.12.2023 14:48:35,0.02077273,-0.8592917,0.03329184,0.5099784,-4.496723,-151.3732,5.100189,0.01722678,0.8666776,0.06353993,-0.4945056,12.30637,-149.5378,6.905518
06.12.2023 14:48:35,0.02088301,-0.8593394,0.03350554,0.5098795,-4.524243,-151.3607,5.09906,0.01699529,0.866715,0.06346699,-0.4944575,12.28601,-149.5317,6.924042
06.12.2023 14:48:35,0.02096476,-0.8594274,0.0336068,0.5097211,-4.538995,-151.3398,5.10202,0.01686962,0.8667699,0.06339481,-0.494375,12.27185,-149.5206,6.931732
06.12.2023 14:48:35,0.02092991,-0.8595206,0.03365023,0.5095627,-4.541224,-151.3189,5.096893,0.01688896,0.8668855,0.06344668,-0.4941649,12.27859,-149.4931,6.931
06.12.2023 14:48:36,0.02103224,-0.859522,0.03362827,0.5095574,-4.54504,-151.3179,5.108307,0.0171623,0.8670937,0.06346735,-0.4937872,12.29703,-149.442,6.901703
06.12.2023 14:48:36,0.02096815,-0.8595847,0.03357973,0.5094576,-4.536492,-151.3045,5.105347,0.01752159,0.8672566,0.06338903,-0.4934986,12.3103,-149.4015,6.858826
06.12.2023 14:48:36,0.02094684,-0.8595712,0.03345339,0.5094894,-4.522785,-151.3082,5.110474,0.01764918,0.8674409,0.06350908,-0.4931546,12.33026,-149.3564,6.850067
06.12.2023 14:48:36,0.02091046,-0.8595734,0.03335115,0.5094939,-4.510571,-151.3084,5.112854,0.01737984,0.8675416,0.06378223,-0.4929518,12.34262,-149.3333,6.890991
06.12.2023 14:48:36,0.0207485,-0.8595612,0.03325088,0.5095277,-4.491213,-151.3129,5.10257,0.01724772,0.8675933,0.06378419,-0.4928651,12.33551,-149.3224,6.903595
06.12.2023 14:48:36,0.02068811,-0.8594994,0.03315982,0.5096403,-4.478712,-151.3277,5.101349,0.01739387,0.8676646,0.06360906,-0.4927571,12.32657,-149.3058,6.877991
06.12.2023 14:48:36,0.02056598,-0.8594941,0.03311794,0.509657,-4.467439,-151.33,5.091675,0.01753652,0.8677969,0.06346366,-0.4925378,12.32065,-149.2747,6.853485
06.12.2023 14:48:36,0.02043989,-0.8594601,0.03304018,0.5097245,-4.4524,-151.339,5.083435,0.017617,0.8678637,0.06335066,-0.4924317,12.31418,-149.2592,6.838043
06.12.2023 14:48:36,0.02037406,-0.8594241,0.03306637,0.509786,-4.451138,-151.3475,5.075073,0.01757572,0.8678722,0.06331088,-0.4924233,12.30786,-149.2579,6.839813
06.12.2023 14:48:36,0.02035246,-0.8593973,0.0330073,0.5098358,-4.444052,-151.354,5.076141,0.01768222,0.8678278,0.06310014,-0.4925247,12.29269,-149.2689,6.817902
06.12.2023 14:48:36,0.0202958,-0.8593954,0.03289059,0.5098488,-4.429227,-151.3553,5.077332,0.01757407,0.8676648,0.06288894,-0.4928426,12.26483,-149.3096,6.819275
06.12.2023 14:48:36,0.02021351,-0.8594315,0.03282475,0.5097955,-4.417913,-151.3481,5.073364,0.01722907,0.8673669,0.0630509,-0.4933585,12.26025,-149.3809,6.867432
06.12.2023 14:48:36,0.02015326,-0.8593899,0.03267021,0.509878,-4.399154,-151.3586,5.07605,0.01711441,0.8671842,0.06281516,-0.4937134,12.22949,-149.4263,6.868286
06.12.2023 14:48:36,0.02005774,-0.8593655,0.03260805,0.5099267,-4.387438,-151.3651,5.070007,0.01730634,0.867025,0.06255621,-0.4940192,12.21396,-149.4636,6.836731
06.12.2023 14:48:36,0.01989852,-0.8593928,0.03253596,0.5098917,-4.371009,-151.3604,5.058716,0.0174746,0.8669266,0.06212392,-0.4942403,12.18002,-149.4882,6.796844
06.12.2023 14:48:36,0.01977433,-0.8593637,0.0326243,0.5099398,-4.372457,-151.3676,5.041016,0.01733178,0.8667561,0.06192441,-0.4945695,12.15131,-149.5306,6.802338
06.12.2023 14:48:36,0.01959392,-0.8593786,0.03253397,0.5099275,-4.352991,-151.366,5.028564,0.01704556,0.8666617,0.0616855,-0.4947745,12.11078,-149.5568,6.818848
06.12.2023 14:48:36,0.01938655,-0.8594096,0.03258402,0.5098801,-4.345792,-151.3604,0.00540627,0.01683305,0.8666092,0.06169457,-0.4948728,12.09937,-149.5709,6.8414
06.12.2023 14:48:36,0.01936561,-0.8594839,0.03274256,0.5097454,-4.360203,-151.3431,-0.005279006,0.01706753,0.8665639,0.0615602,-0.4949607,12.09918,-149.5803,6.810944
06.12.2023 14:48:36,0.01932894,-0.8595619,0.03296374,0.5096011,-4.379877,-151.3249,-0.02113948,0.01722842,0.8665215,0.06154968,-0.4950307,12.10715,-149.5888,6.794861
06.12.2023 14:48:36,0.01919658,-0.8596402,0.03302949,0.5094696,-4.378628,-151.308,-0.03739344,0.01728601,0.8665927,0.06162646,-0.4948944,12.11838,-149.5712,6.792419
06.12.2023 14:48:36,0.01909414,-0.8597854,0.03326891,0.5092127,-4.396275,-151.2751,-0.06023359,0.01708028,0.8667319,0.06187596,-0.4946265,12.13205,-149.5388,6.825134
06.12.2023 14:48:36,0.01907753,-0.8599439,0.03338918,0.5089378,-4.407193,-151.239,-0.06751136,0.01671689,0.866793,0.062131,-0.4945,12.13702,-149.5259,6.875092
06.12.2023 14:48:36,0.01909452,-0.8601008,0.03337199,0.5086731,-4.406509,-151.2035,-0.06346762,0.01701371,0.86686,0.06194571,-0.4943956,12.13568,-149.5091,6.833893
06.12.2023 14:48:36,0.01926624,-0.8602279,0.03328356,0.5084574,-4.407815,-151.1739,-0.04021622,0.01733083,0.8669347,0.06176685,-0.494276,12.13617,-149.4903,6.790924
06.12.2023 14:48:36,0.01960167,-0.8603898,0.03306089,0.5081853,-4.405404,-151.1358,5.007355,0.0173138,0.8669119,0.06167598,-0.4943279,12.12604,-149.4964,6.787811
06.12.2023 14:48:36,0.01991693,-0.8604845,0.03292145,0.5080216,-4.410012,-151.1125,5.047516,0.0168853,0.8668999,0.06188292,-0.494338,12.12225,-149.5014,6.842651
06.12.2023 14:48:36,0.02005535,-0.8605718,0.03302144,0.5078617,-4.427945,-151.0913,5.056183,0.01667682,0.8669727,0.06192273,-0.4942123,12.11459,-149.486,6.864716
06.12.2023 14:48:36,0.02007628,-0.8606188,0.03302393,0.5077812,-4.429406,-151.0805,5.058502,0.0168215,0.8671222,0.06174568,-0.4939674,12.10571,-149.4512,6.838043
06.12.2023 14:48:36,0.01991655,-0.8606246,0.03317575,0.5077676,-4.435093,-151.0798,5.033905,0.01734334,0.8672565,0.06147425,-0.4937472,12.10883,-149.4174,6.768463
06.12.2023 14:48:36,0.01967378,-0.8606183,0.0333171,0.5077786,-4.434907,-151.0825,0.001598354,0.01754027,0.8673475,0.0614082,-0.4935887,12.11377,-149.3949,6.743652
06.12.2023 14:48:36,0.0196366,-0.8605657,0.03328653,0.5078711,-4.429721,-151.0948,-0.0007674872,0.01735557,0.8674046,0.0616782,-0.4934611,12.13043,-149.3813,6.776611
06.12.2023 14:48:36,0.01968576,-0.8604854,0.03327958,0.5080059,-4.431901,-151.1126,0.003802766,0.01728936,0.8674796,0.0618154,-0.4933145,12.14066,-149.3633,6.789917
06.12.2023 14:48:36,0.01969567,-0.8604224,0.03306609,0.5081261,-4.411398,-151.1277,5.016663,0.01723169,0.8675816,0.06176858,-0.4931428,12.13306,-149.3404,6.791565
06.12.2023 14:48:36,0.01972257,-0.8603112,0.03288511,0.5083252,-4.395103,-151.1534,5.02887,0.01700262,0.8676158,0.06168395,-0.4931012,12.11169,-149.3351,6.809265
06.12.2023 14:48:36,0.01966732,-0.8602268,0.03270666,0.5084815,-4.374268,-151.1736,5.033051,0.01666364,0.8675774,0.06157364,-0.4931943,12.08124,-149.3478,6.837555
06.12.2023 14:48:36,0.0197717,-0.8601469,0.03257331,0.5086212,-4.367202,-151.1913,5.050476,0.01652871,0.867556,0.0614493,-0.4932519,12.06107,-149.3549,6.844391
06.12.2023 14:48:36,0.01968599,-0.8600471,0.03245127,0.508801,-4.350163,-151.215,5.048218,0.01653145,0.8675708,0.06128116,-0.4932467,12.04446,-149.3527,6.834381
06.12.2023 14:48:36,0.01969433,-0.859998,0.03247058,0.5088823,-4.352561,-151.2259,5.047516,0.01660856,0.8675517,0.06119215,-0.4932887,12.03989,-149.3571,6.821899
06.12.2023 14:48:36,0.01981291,-0.8599184,0.03240626,0.5090165,-4.353147,-151.2433,5.062317,0.01676808,0.867518,0.06107035,-0.4933576,12.03668,-149.3644,6.79953
06.12.2023 14:48:36,0.01999635,-0.8598484,0.03235567,0.5091307,-4.358881,-151.2578,5.082825,0.01705918,0.8674558,0.06096436,-0.4934701,12.04242,-149.3772,6.765228
06.12.2023 14:48:36,0.02017029,-0.8597999,0.03228142,0.5092105,-4.361726,-151.2677,5.103943,0.01711785,0.8674545,0.06086019,-0.4934833,12.03534,-149.3777,6.753479
06.12.2023 14:48:36,0.02033865,-0.8597507,0.03231762,0.5092846,-4.375146,-151.2774,5.118073,0.0169002,0.8674111,0.06098419,-0.4935517,12.03519,-149.3888,6.782928
06.12.2023 14:48:36,0.02038133,-0.859718,0.03227494,0.5093408,-4.373437,-151.2846,5.124481,0.016451,0.8673028,0.06125531,-0.4937235,12.03632,-149.416,6.844818
06.12.2023 14:48:36,0.02055215,-0.8597046,0.03231862,0.5093536,-4.387733,-151.2861,5.138733,0.01636746,0.8672859,0.06151765,-0.4937235,12.05771,-149.4187,6.868286
06.12.2023 14:48:36,0.02063501,-0.8597363,0.03234243,0.5092954,-4.394917,-151.2782,5.145813,0.01674143,0.8673108,0.06129103,-0.4936955,12.05646,-149.4113,6.817627
06.12.2023 14:48:36,0.02088148,-0.8597937,0.03225623,0.5091938,-4.400794,-151.2636,5.175751,0.01726837,0.8672999,0.06109799,-0.4937203,12.06714,-149.4107,6.754059
06.12.2023 14:48:36,0.02092295,-0.8598176,0.03232329,0.5091475,-4.409824,-151.2577,5.176147,0.01713728,0.867337,0.06121445,-0.4936453,12.07141,-149.4023,6.773254
06.12.2023 14:48:36,0.02111752,-0.8597757,0.03230352,0.5092116,-4.419257,-151.2656,5.196198,0.0162875,0.8672723,0.06170441,-0.4937267,12.07175,-149.4212,6.887054
06.12.2023 14:48:36,0.0211879,-0.859858,0.03229447,0.5090701,-4.422442,-151.2466,5.204407,0.01589438,0.8671882,0.06189718,-0.4938631,12.0683,-149.4427,6.938568
06.12.2023 14:48:36,0.02117749,-0.8598597,0.0324041,0.5090607,-4.432652,-151.2458,5.196991,0.01624118,0.867182,0.06161092,-0.4938985,12.05942,-149.4433,6.887695
06.12.2023 14:48:36,0.02111641,-0.8599314,0.03246888,0.5089379,-4.43545,-151.2298,5.187805,0.01660585,0.8671268,0.06137343,-0.4940128,12.05627,-149.4548,6.838531
06.12.2023 14:48:36,0.02110625,-0.8599153,0.0325519,0.5089603,-4.443055,-151.2332,5.181824,0.01680374,0.8671894,0.0613261,-0.4939022,12.06305,-149.4388,6.815125
06.12.2023 14:48:36,0.02109157,-0.8599837,0.03259628,0.5088425,-4.446554,-151.2177,5.178375,0.0166495,0.867303,0.06167286,-0.4936646,12.08932,-149.4112,6.848541
06.12.2023 14:48:36,0.02109166,-0.8600055,0.03254389,0.508809,-4.44138,-151.213,5.181641,0.01628508,0.8674478,0.06195981,-0.4933865,12.09781,-149.3785,6.8992
06.12.2023 14:48:36,0.02109563,-0.8600045,0.03257182,0.5088087,-4.444369,-151.2131,5.180389,0.01606496,0.8675642,0.06206704,-0.4931754,12.09644,-149.3524,6.925659
06.12.2023 14:48:36,0.02113964,-0.8600749,0.03255071,0.5086892,-4.444829,-151.1969,5.186584,0.01626971,0.8676089,0.06177137,-0.4931272,12.0787,-149.3424,6.887787
06.12.2023 14:48:36,0.02112088,-0.8600841,0.03247997,0.508679,-4.436749,-151.1953,5.188934,0.01660922,0.867668,0.06134189,-0.4930655,12.05533,-149.3289,6.828644
06.12.2023 14:48:36,0.02114681,-0.8601102,0.0324425,0.5086362,-4.434553,-151.1894,5.193909,0.01642804,0.8676413,0.06117021,-0.4931398,12.02777,-149.3379,6.837463
06.12.2023 14:48:36,0.02110256,-0.8600895,0.03229572,0.5086823,-4.417492,-151.195,5.197906,0.01599618,0.8675737,0.0611881,-0.4932708,12.00473,-149.3572,6.882751
06.12.2023 14:48:36,0.02111863,-0.8601288,0.03219378,0.5086217,-4.408353,-151.1864,5.20575,0.01582968,0.8675544,0.06114147,-0.4933159,11.99051,-149.3634,6.897064
06.12.2023 14:48:36,0.02106835,-0.8601274,0.03204414,0.5086356,-4.39065,-151.1878,5.209473,0.01597848,0.8675569,0.06093851,-0.4933319,11.97873,-149.3631,6.870636
06.12.2023 14:48:36,0.02090126,-0.8601013,0.03186984,0.5086976,-4.363706,-151.1957,5.20285,0.01623401,0.867564,0.06084795,-0.4933221,11.98422,-149.3599,6.839813
06.12.2023 14:48:36,0.02083738,-0.8600969,0.03165628,0.5087211,-4.338902,-151.1981,5.208923,0.01638195,0.8675974,0.06107718,-0.4932301,12.01569,-149.3492,6.837463
06.12.2023 14:48:36,0.02073967,-0.8600865,0.03156992,0.5087479,-4.324679,-151.2016,5.204193,0.01632502,0.8676974,0.06133223,-0.4930246,12.0383,-149.3245,6.85614
06.12.2023 14:48:36,0.02070406,-0.8600408,0.03148735,0.5088317,-4.31447,-151.2125,5.205078,0.01604944,0.8678154,0.06167758,-0.4927827,12.05762,-149.2968,6.901581
06.12.2023 14:48:36,0.02052621,-0.8600011,0.03119976,0.5089238,-4.275724,-151.224,5.203888,0.01608551,0.8679237,0.06161095,-0.492599,12.05341,-149.2717,6.892639
06.12.2023 14:48:36,0.02046806,-0.8599567,0.03104272,0.5090109,-4.256851,-151.2351,5.206909,0.01629461,0.8679026,0.06139694,-0.492656,12.04382,-149.2764,6.859894
06.12.2023 14:48:36,0.02029051,-0.8599156,0.03090287,0.5090958,-4.232698,-151.2463,5.197144,0.01647073,0.8678178,0.06107654,-0.4928395,12.02148,-149.2971,6.825378
06.12.2023 14:48:36,0.02008258,-0.8598956,0.03075794,0.5091466,-4.206262,-151.253,5.184845,0.01652776,0.8677362,0.06101651,-0.4929886,12.01843,-149.316,6.817444
06.12.2023 14:48:36,0.01998463,-0.8598013,0.03061896,0.509318,-4.186862,-151.2755,5.182465,0.01662515,0.8675974,0.06102281,-0.4932288,12.02408,-149.3475,6.810028
06.12.2023 14:48:36,0.0198977,-0.8598139,0.03065515,0.5092979,-4.185349,-151.2732,5.171844,0.01644712,0.867482,0.06125687,-0.4934087,12.03693,-149.3742,6.842743
06.12.2023 14:48:36,0.01989509,-0.8598135,0.03058442,0.509303,-4.178219,-151.2736,5.17572,0.01643093,0.8673655,0.06133969,-0.4936037,12.04382,-149.4009,6.850708
06.12.2023 14:48:36,0.01993098,-0.8597927,0.03053248,0.5093398,-4.175199,-151.2782,5.182129,0.01659421,0.8671863,0.06137774,-0.4939082,12.05627,-149.441,6.839081
06.12.2023 14:48:36,0.01990715,-0.8598338,0.0305289,0.5092716,-4.173439,-151.2692,5.180298,0.01693424,0.8671133,0.06114453,-0.4940538,12.05206,-149.4567,6.792877
06.12.2023 14:48:36,0.01993711,-0.8599024,0.03053727,0.5091542,-4.17599,-151.2534,5.18335,0.0169445,0.867012,0.06091789,-0.4942592,12.02966,-149.4819,6.780457
06.12.2023 14:48:36,0.01994197,-0.8599284,0.03059084,0.5091068,-4.18155,-151.2473,5.180939,0.01683847,0.8670053,0.06090361,-0.4942763,12.02216,-149.4844,6.790375
06.12.2023 14:48:36,0.02001085,-0.8599907,0.03065941,0.5089946,-4.192316,-151.2325,5.184265,0.0168093,0.8670182,0.06070855,-0.4942786,12.00107,-149.4831,6.782074
06.12.2023 14:48:36,0.01988797,-0.8600637,0.03080887,0.508867,-4.199865,-151.2164,5.164001,0.01661109,0.8671094,0.06063999,-0.4941339,11.98325,-149.4641,6.796753
06.12.2023 14:48:36,0.01982492,-0.8600736,0.03080242,0.5088531,-4.195544,-151.2146,5.158203,0.01654961,0.8671786,0.0605334,-0.4940275,11.96936,-149.4493,6.795898
06.12.2023 14:48:36,0.01987008,-0.860113,0.03087433,0.5087805,-4.205265,-151.2051,5.158813,0.01632072,0.8672156,0.06060682,-0.493961,11.96378,-149.4421,6.822449
06.12.2023 14:48:36,0.01975446,-0.860193,0.03100937,0.5086415,-4.211821,-151.1874,5.140167,0.01631595,0.8672472,0.06054776,-0.493913,11.95773,-149.4352,6.819122
06.12.2023 14:48:36,0.01982435,-0.8602571,0.03117496,0.5085204,-4.232226,-151.1718,5.138,0.01651562,0.8672892,0.06053137,-0.4938347,11.96762,-149.4238,6.797607
06.12.2023 14:48:36,0.0196975,-0.8603516,0.03129892,0.5083577,-4.23704,-151.1509,5.119019,0.01681503,0.8674212,0.06046105,-0.4936014,11.97812,-149.3911,6.761749
06.12.2023 14:48:36,0.01964276,-0.8603898,0.03139284,0.5082894,-4.24311,-151.1423,5.108459,0.01673248,0.8674729,0.06034001,-0.4935281,11.96152,-149.3806,6.762451
06.12.2023 14:48:36,0.01977313,-0.8604373,0.0315075,0.5081969,-4.262022,-151.1301,5.115082,0.0163899,0.8675776,0.06056007,-0.4933284,11.96439,-149.3575,6.807739
06.12.2023 14:48:36,0.01986653,-0.8604995,0.03147075,0.5080901,-4.263824,-151.1155,5.126984,0.01615971,0.8676671,0.06060816,-0.4931726,11.95642,-149.3382,6.832245
06.12.2023 14:48:36,0.02004896,-0.860513,0.0316115,0.5080513,-4.288352,-151.1105,5.136993,0.01608105,0.8677872,0.0603599,-0.4929944,11.92758,-149.3127,6.824432
06.12.2023 14:48:36,0.02034858,-0.8604891,0.03158094,0.5080818,-4.302808,-151.1137,5.168243,0.01631006,0.8679099,0.06008404,-0.4928046,11.91348,-149.2841,6.784149
06.12.2023 14:48:36,0.02057215,-0.8604843,0.03167887,0.5080749,-4.325512,-151.1127,5.184662,0.01672538,0.8680227,0.0596909,-0.4926396,11.89819,-149.2571,6.71875
06.12.2023 14:48:37,0.02085003,-0.8604761,0.03176665,0.5080718,-4.35038,-151.112,5.207001,0.01685589,0.8680773,0.05942504,-0.4925713,11.87921,-149.2451,6.689911
06.12.2023 14:48:37,0.02073571,-0.8604911,0.03195823,0.5080392,-4.362627,-151.1087,5.184662,0.01646839,0.8681009,0.0594416,-0.4925406,11.85895,-149.2428,6.72934
06.12.2023 14:48:37,0.02069745,-0.860487,0.03206958,0.5080407,-4.371394,-151.1095,5.174377,0.01618176,0.8681067,0.05963147,-0.492517,11.86166,-149.2425,6.768707
06.12.2023 14:48:37,0.02056678,-0.8604547,0.03211667,0.5080976,-4.368436,-151.1176,5.158417,0.01615836,0.868047,0.05951014,-0.4926378,11.84799,-149.2575,6.765045
06.12.2023 14:48:37,0.020382,-0.8604228,0.03205692,0.5081629,-4.351774,-151.1265,5.143311,0.01619348,0.8680564,0.05941788,-0.4926311,11.84079,-149.2557,6.756195
06.12.2023 14:48:37,0.02028055,-0.8604533,0.03185569,0.508128,-4.325981,-151.1212,5.145233,0.0163601,0.8680404,0.05925872,-0.4926729,11.83429,-149.2592,6.730743
06.12.2023 14:48:37,0.02015492,-0.8604128,0.03168355,0.5082123,-4.301672,-151.132,5.142456,0.01646363,0.8680843,0.05903541,-0.492619,11.81799,-149.2496,6.707153
06.12.2023 14:48:37,0.02011382,-0.8604056,0.03155702,0.508234,-4.286785,-151.1345,5.14566,0.0160461,0.8680146,0.05922809,-0.4927324,11.81329,-149.268,6.760834
06.12.2023 14:48:37,0.02008666,-0.8603493,0.03139177,0.5083406,-4.268904,-151.1481,5.15213,0.01574692,0.8679944,0.05940641,-0.4927561,11.81406,-149.274,6.801178
06.12.2023 14:48:37,0.02005249,-0.8603092,0.03127957,0.5084168,-4.255847,-151.1579,5.154938,0.01600817,0.8679572,0.0595221,-0.4927993,11.84033,-149.2797,6.782043
06.12.2023 14:48:37,0.02004467,-0.860285,0.03118262,0.5084639,-4.245828,-151.1638,5.159607,0.01659216,0.8679067,0.05951631,-0.4928696,11.87274,-149.2866,6.723877
06.12.2023 14:48:37,0.02003284,-0.8602659,0.03126302,0.5084918,-4.25308,-151.1678,5.153595,0.01685622,0.8677967,0.05954573,-0.4930508,11.89032,-149.3097,6.700623
06.12.2023 14:48:37,0.02019017,-0.8602098,0.03129297,0.5085787,-4.265233,-151.1792,5.166962,0.01696517,0.867622,0.05956529,-0.493352,11.89786,-149.3494,6.693237
06.12.2023 14:48:37,0.02026382,-0.8602201,0.03138722,0.5085526,-4.27883,-151.1759,5.168854,0.0169341,0.8675079,0.05966569,-0.4935416,11.90573,-149.3755,6.703644
06.12.2023 14:48:37,0.02027123,-0.8601979,0.03139178,0.5085895,-4.27972,-151.1808,5.169128,0.01718443,0.8674199,0.0595498,-0.4937017,11.90811,-149.3947,6.673248
06.12.2023 14:48:37,0.02033532,-0.8601617,0.03158919,0.508636,-4.302956,-151.1877,5.163666,0.01734214,0.867376,0.05948044,-0.4937815,11.91,-149.404,6.654144
06.12.2023 14:48:37,0.02030012,-0.8601502,0.03171907,0.5086486,-4.313725,-151.19,5.152527,0.01727102,0.8673595,0.05942796,-0.4938194,11.90067,-149.4089,6.658508
06.12.2023 14:48:37,0.02026533,-0.8601727,0.03179405,0.5086074,-4.319089,-151.1849,5.144897,0.01685119,0.8673847,0.05962523,-0.4937657,11.89655,-149.4052,6.711395
06.12.2023 14:48:37,0.02046952,-0.8602096,0.03179891,0.5085365,-4.331471,-151.175,5.165161,0.01680457,0.8673853,0.05959154,-0.4937705,11.89053,-149.4057,6.714142
06.12.2023 14:48:37,0.02048785,-0.8602307,0.0317672,0.5085021,-4.329404,-151.1702,5.169006,0.01695235,0.8673609,0.05937506,-0.4938343,11.87723,-149.4117,6.687439
06.12.2023 14:48:37,0.02070662,-0.8602599,0.03177366,0.5084434,-4.342793,-151.1619,5.190552,0.01679205,0.8672632,0.05936304,-0.4940128,11.86658,-149.4359,6.704193
06.12.2023 14:48:37,0.02080921,-0.8602727,0.03175226,0.5084187,-4.346661,-151.1583,5.202057,0.01696158,0.8672482,0.05929494,-0.4940416,11.86938,-149.4384,6.683563
06.12.2023 14:48:37,0.02084511,-0.8603359,0.0318017,0.5083073,-4.35361,-151.1435,5.203278,0.01744132,0.8673184,0.05909865,-0.493925,11.87732,-149.4193,6.623413
06.12.2023 14:48:37,0.02094134,-0.8603939,0.03188568,0.5082,-4.367489,-151.1293,5.208405,0.01766476,0.8673524,0.05884825,-0.4938873,11.86517,-149.4112,6.586395
06.12.2023 14:48:37,0.02086992,-0.8604079,0.03205196,0.5081686,-4.379736,-151.126,5.191803,0.01761255,0.8673917,0.0588157,-0.493824,11.85907,-149.4027,6.589233
06.12.2023 14:48:37,0.02086526,-0.8604541,0.0320551,0.5080904,-4.379758,-151.1156,5.191559,0.0174311,0.8674956,0.05894061,-0.493633,11.86154,-149.3793,6.613037
06.12.2023 14:48:37,0.0209203,-0.8604766,0.03212019,0.5080459,-4.389385,-151.1098,5.19342,0.01701652,0.867648,0.05904817,-0.4933667,11.84921,-149.3466,6.658508
06.12.2023 14:48:37,0.020961,-0.8604815,0.03203561,0.5080414,-4.383403,-151.1088,5.202393,0.01662362,0.8677961,0.05912473,-0.4931105,11.83502,-149.3149,6.700165
06.12.2023 14:48:37,0.02101637,-0.8604852,0.03194795,0.5080383,-4.377974,-151.1078,5.213013,0.01652115,0.8678421,0.05902606,-0.4930448,11.81949,-149.3057,6.704224
06.12.2023 14:48:37,0.02098632,-0.8605146,0.03190487,0.5079924,-4.371955,-151.1016,5.212799,0.01670253,0.8678979,0.05871104,-0.492978,11.79852,-149.2934,6.66748
06.12.2023 14:48:37,0.02101725,-0.8604676,0.03177747,0.5080789,-4.361199,-151.1125,5.22287,0.01694302,0.8679769,0.05853042,-0.4928521,11.7944,-149.2742,6.63208
06.12.2023 14:48:37,0.02095903,-0.860458,0.03170971,0.5081016,-4.351119,-151.1154,5.220947,0.01681632,0.8679513,0.05851968,-0.492903,11.78604,-149.2813,6.644531
06.12.2023 14:48:37,0.02090982,-0.860386,0.03165845,0.5082287,-4.34322,-151.1323,5.218445,0.01673495,0.8679795,0.05856917,-0.4928502,11.78647,-149.2751,6.65509
06.12.2023 14:48:37,0.02089203,-0.8603892,0.03159253,0.5082282,-4.335674,-151.132,5.220551,0.01680282,0.8680209,0.05853237,-0.4927792,11.78677,-149.2651,6.64563
06.12.2023 14:48:37,0.02083946,-0.8603542,0.03151038,0.5082946,-4.324514,-151.1406,5.219818,0.01709021,0.8680416,0.0581972,-0.4927725,11.76968,-149.2602,6.597626
06.12.2023 14:48:37,0.02084047,-0.8602462,0.03146976,0.50848,-4.32061,-151.1652,5.221344,0.01727813,0.8680217,0.05802676,-0.4928213,11.76324,-149.2644,6.569458
06.12.2023 14:48:37,0.02077296,-0.8602249,0.03138202,0.5085242,-4.308019,-151.1709,5.219604,0.01738153,0.8680378,0.05796497,-0.4927965,11.763,-149.2602,6.555389
06.12.2023 14:48:37,0.02073563,-0.8601871,0.0314424,0.5085859,-4.311817,-151.1794,5.212067,0.01724632,0.8680242,0.05805212,-0.4928149,11.76398,-149.2639,6.574036
06.12.2023 14:48:37,0.02072716,-0.8601546,0.03141138,0.5086432,-4.308274,-151.187,5.212769,0.01686576,0.8679566,0.05826464,-0.492922,11.7634,-149.2815,6.625122
06.12.2023 14:48:37,0.02062263,-0.8601111,0.03134891,0.5087248,-4.296027,-151.1979,5.205658,0.01682375,0.8679562,0.05823383,-0.4929279,11.7579,-149.2821,6.627594
06.12.2023 14:48:37,0.02055034,-0.8601246,0.0314509,0.5086986,-4.301868,-151.195,5.192688,0.01693904,0.8678917,0.05812412,-0.4930503,11.7533,-149.297,6.610718
06.12.2023 14:48:37,0.02058801,-0.8601815,0.03130165,0.5086102,-4.289314,-151.1824,5.205597,0.01716765,0.8678707,0.0579561,-0.4930993,11.74942,-149.3011,6.578613
06.12.2023 14:48:37,0.02060985,-0.8601653,0.03125659,0.5086394,-4.286147,-151.1861,5.210236,0.01703483,0.8678467,0.05794642,-0.4931472,11.74084,-149.3079,6.591705
06.12.2023 14:48:37,0.02056816,-0.8601527,0.03118412,0.5086669,-4.276567,-151.1896,5.210236,0.01671611,0.8677261,0.05818943,-0.4933417,11.74661,-149.337,6.639038
06.12.2023 14:48:37,0.02062465,-0.8601702,0.031221,0.5086326,-4.283496,-151.185,5.213806,0.01670283,0.867699,0.05830907,-0.4933758,11.75772,-149.3426,6.647491
06.12.2023 14:48:37,0.02062564,-0.860245,0.03120616,0.5085071,-4.282058,-151.1682,5.215424,0.01694539,0.8676141,0.05816635,-0.4935336,11.75696,-149.3613,6.616302
06.12.2023 14:48:37,0.02062859,-0.8602495,0.03123167,0.5084978,-4.284746,-151.1671,5.214264,0.01716609,0.8675923,0.05807118,-0.4935754,11.75995,-149.3652,6.589111
06.12.2023 14:48:37,0.0205424,-0.860333,0.03129353,0.5083562,-4.285791,-151.1487,5.20282,0.01719124,0.8675523,0.05803046,-0.4936496,11.75717,-149.3746,6.584839
06.12.2023 14:48:37,0.02046815,-0.8603593,0.0313345,0.5083119,-4.285494,-151.1431,5.193329,0.01732593,0.8675312,0.05805016,-0.4936797,11.76675,-149.3782,6.572723
06.12.2023 14:48:37,0.02043045,-0.8603486,0.03129859,0.5083339,-4.279755,-151.146,5.191589,0.01718982,0.8675548,0.05805755,-0.4936421,11.75983,-149.3738,6.586456
06.12.2023 14:48:37,0.02042682,-0.8603538,0.03129797,0.5083253,-4.27948,-151.1448,5.191315,0.01691747,0.8675551,0.05816288,-0.4936386,11.75485,-149.3753,6.61969
06.12.2023 14:48:37,0.02047203,-0.8603709,0.03130038,0.5082943,-4.282349,-151.1406,5.19577,0.01683859,0.8676456,0.05819662,-0.4934783,11.75403,-149.3547,6.628265
06.12.2023 14:48:37,0.02039795,-0.860409,0.03138757,0.5082273,-4.286622,-151.1322,5.183685,0.01671719,0.8676711,0.05812346,-0.4934461,11.7399,-149.3503,6.635956
06.12.2023 14:48:37,0.02033759,-0.8604265,0.03144957,0.5081965,-4.289218,-151.1285,5.174255,0.01641724,0.8677105,0.05805331,-0.4933953,11.71594,-149.3441,6.661499
06.12.2023 14:48:37,0.02024437,-0.8604531,0.03154848,0.508149,-4.29354,-151.1228,5.159515,0.01618649,0.8676997,0.05802508,-0.493425,11.69998,-149.3487,6.683167
06.12.2023 14:48:37,0.02023812,-0.8604662,0.03160798,0.5081233,-4.299046,-151.1196,5.155548,0.01649849,0.8677233,0.05781602,-0.4933977,11.69693,-149.3421,6.639771
06.12.2023 14:48:37,0.02027481,-0.8604405,0.03157307,0.5081676,-4.297746,-151.1253,5.16098,0.01684395,0.8677601,0.05757251,-0.4933498,11.69235,-149.3323,6.590912
06.12.2023 14:48:37,0.02051306,-0.8604473,0.03151284,0.5081503,-4.305687,-151.1222,5.188141,0.01738503,0.8677878,0.05725319,-0.4933195,11.69131,-149.3234,6.51828
06.12.2023 14:48:37,0.020766,-0.8604065,0.0315349,0.5082078,-4.322628,-151.1293,5.211548,0.01761859,0.8678418,0.0571243,-0.4932311,11.69186,-149.3097,6.486847
06.12.2023 14:48:37,0.02101886,-0.8603469,0.03163953,0.5082917,-4.347728,-151.1403,5.230011,0.01740308,0.8678792,0.05706931,-0.4931794,11.67426,-149.3033,6.504822
06.12.2023 14:48:37,0.02116073,-0.8603345,0.031978,0.5082858,-4.389422,-151.1406,5.224274,0.01624561,0.8679314,0.05706655,-0.4931274,11.60837,-149.3009,6.619965
06.12.2023 14:48:37,0.02104812,-0.8603,0.03217944,0.5083359,-4.402755,-151.1484,5.201111,0.01634234,0.8679111,0.05672263,-0.4931996,11.57944,-149.3072,6.591125
06.12.2023 14:48:37,0.02089677,-0.8602992,0.03230686,0.5083354,-4.406508,-151.1493,5.17868,0.01656465,0.8678324,0.0565458,-0.4933511,11.57416,-149.3249,6.559906
06.12.2023 14:48:37,0.02071581,-0.8603255,0.03231854,0.5082976,-4.397098,-151.1447,5.160309,0.01674169,0.8677685,0.05669073,-0.4934408,11.59848,-149.3373,6.551208
06.12.2023 14:48:37,0.02063399,-0.8603442,0.03224576,0.5082738,-4.385135,-151.1414,5.156616,0.01677644,0.8677984,0.05673101,-0.4933822,11.60458,-149.3297,6.549622
06.12.2023 14:48:37,0.02060745,-0.8603418,0.03215621,0.5082846,-4.374747,-151.1426,5.15918,0.0169668,0.8678895,0.05673207,-0.4932155,11.61578,-149.3069,6.529358
06.12.2023 14:48:37,0.02055263,-0.8603765,0.03205767,0.5082344,-4.361811,-151.1356,5.15976,0.01720603,0.8679291,0.0566747,-0.493144,11.62378,-149.2961,6.501617
06.12.2023 14:48:37,0.02051864,-0.8604267,0.03201006,0.5081538,-4.355112,-151.1247,5.159607,0.01712891,0.8679446,0.0566543,-0.4931217,11.6174,-149.2932,6.507996
06.12.2023 14:48:37,0.02049689,-0.8604987,0.032061,0.5080295,-4.358851,-151.1084,5.15509,0.01708659,0.8679211,0.0567659,-0.4931518,11.62607,-149.2983,6.51886
06.12.2023 14:48:37,0.02053157,-0.860495,0.0321406,0.5080294,-4.368734,-151.1087,5.15387,0.01704861,0.8679953,0.05678998,-0.4930198,11.62656,-149.2812,6.52301
06.12.2023 14:48:37,0.02047901,-0.8605729,0.03220767,0.5078953,-4.372271,-151.0912,5.145447,0.01737315,0.8680676,0.0566863,-0.4928929,11.63486,-149.2622,6.483643
06.12.2023 14:48:37,0.0205253,-0.8606418,0.03225729,0.5077734,-4.379848,-151.075,5.147736,0.01761891,0.8680778,0.05665234,-0.4928704,11.64545,-149.258,6.45697
06.12.2023 14:48:37,0.02047567,-0.8606344,0.03232267,0.5077839,-4.383416,-151.0768,5.138977,0.01759902,0.8680532,0.05676151,-0.4929017,11.65515,-149.2631,6.465454
06.12.2023 14:48:37,0.02045059,-0.8606896,0.03233774,0.5076903,-4.383429,-151.0645,5.136078,0.01725422,0.8680385,0.05690246,-0.4929236,11.6496,-149.2686,6.508179
06.12.2023 14:48:37,0.02028468,-0.8607091,0.03240995,0.5076593,-4.380891,-151.0611,5.115631,0.01671357,0.8678988,0.05705355,-0.4931707,11.63354,-149.3047,6.572784
06.12.2023 14:48:37,0.0201606,-0.8607759,0.03230888,0.5075575,-4.363666,-151.0474,5.109772,0.0164656,0.8678025,0.05713189,-0.4933393,11.62695,-149.3286,6.603333
06.12.2023 14:48:37,0.02009964,-0.8608103,0.03230585,0.5075017,-4.359809,-151.0401,5.104187,0.01663062,0.8677863,0.05697377,-0.4933806,11.62051,-149.3321,6.578094
06.12.2023 14:48:37,0.02012997,-0.8608252,0.03217543,0.5074835,-4.348689,-151.037,5.114899,0.01682183,0.8678538,0.05683638,-0.4932711,11.61786,-149.3157,6.550262
06.12.2023 14:48:37,0.02006277,-0.8608435,0.03193083,0.5074706,-4.320611,-151.0344,5.12262,0.01711746,0.8679675,0.05686441,-0.4930577,11.63782,-149.2865,6.520691
06.12.2023 14:48:37,0.02002605,-0.8608637,0.0319105,0.5074391,-4.316459,-151.0302,5.120331,0.01718571,0.8680722,0.05692755,-0.4928636,11.64832,-149.2611,6.515991
06.12.2023 14:48:37,0.02006567,-0.8608516,0.03174631,0.5074683,-4.30255,-151.0333,5.133698,0.01716208,0.8681085,0.05695126,-0.4927979,11.64948,-149.2527,6.519226
06.12.2023 14:48:37,0.01995959,-0.8608348,0.03174895,0.5075009,-4.296638,-151.0379,5.122864,0.01723008,0.8680903,0.05673256,-0.4928528,11.63141,-149.2579,6.500305
06.12.2023 14:48:37,0.01985071,-0.8608622,0.0316929,0.5074621,-4.284756,-151.0328,5.11557,0.01745259,0.8680437,0.05653889,-0.4929493,11.62457,-149.2682,6.467712
06.12.2023 14:48:37,0.01966645,-0.8608612,0.03165174,0.5074735,-4.269961,-151.0346,5.099701,0.01776021,0.8679419,0.05623505,-0.4931521,11.61139,-149.2913,6.421082
06.12.2023 14:48:37,0.0196436,-0.8608538,0.03149024,0.5074971,-4.25268,-151.0371,5.10675,0.01803171,0.8678609,0.05600681,-0.4933108,11.60379,-149.3094,6.38208
06.12.2023 14:48:37,0.01969264,-0.860779,0.03140406,0.5076274,-4.247039,-151.054,5.115997,0.01796141,0.8678233,0.05592134,-0.4933892,11.59116,-149.3194,6.384796
06.12.2023 14:48:37,0.01975301,-0.8607318,0.03138911,0.507706,-4.249089,-151.0642,5.122437,0.0175353,0.8678172,0.05594611,-0.4934126,11.56937,-149.3243,6.428986
06.12.2023 14:48:37,0.01982404,-0.8606759,0.03141677,0.5077963,-4.255974,-151.0762,5.127411,0.01720378,0.8677867,0.05602578,-0.4934687,11.55841,-149.3337,6.467102
06.12.2023 14:48:37,0.0198591,-0.8606709,0.03131223,0.5078099,-4.247693,-151.0775,5.136902,0.01693817,0.8678795,0.0560877,-0.4933077,11.54977,-149.3139,6.495972
06.12.2023 14:48:38,0.01984496,-0.860589,0.03138465,0.5079445,-4.254044,-151.0958,5.130615,0.01685801,0.8678911,0.05620537,-0.4932765,11.55701,-149.3111,6.510498
06.12.2023 14:48:38,0.01981986,-0.8605517,0.03134247,0.5080116,-4.248424,-151.1046,5.13028,0.01725585,0.8679591,0.05617702,-0.4931463,11.57697,-149.292,6.46814
06.12.2023 14:48:38,0.0198739,-0.860469,0.03134418,0.5081491,-4.251764,-151.1229,5.134827,0.01756471,0.8680279,0.05611167,-0.4930218,11.5882,-149.2738,6.432556
06.12.2023 14:48:38,0.01988168,-0.860387,0.03132653,0.508289,-4.250498,-151.1414,5.135925,0.01766848,0.8679881,0.05619637,-0.4930786,11.60245,-149.2816,6.42749
06.12.2023 14:48:38,0.01978,-0.860369,0.0313113,0.5083243,-4.243069,-151.1463,5.126617,0.01761895,0.8680017,0.05636205,-0.4930375,11.61621,-149.2777,6.44162
06.12.2023 14:48:38,0.01986943,-0.8603243,0.03124281,0.5084008,-4.241535,-151.156,5.139069,0.01763622,0.8680456,0.05644325,-0.4929502,11.62543,-149.2668,6.443878
06.12.2023 14:48:38,0.01975671,-0.8603122,0.03124063,0.5084258,-4.234748,-151.1596,5.12793,0.01775595,0.8681394,0.0563475,-0.4927918,11.62296,-149.2445,6.425201
06.12.2023 14:48:38,0.01971417,-0.8602485,0.03126531,0.5085337,-4.234718,-151.1742,5.121765,0.01781722,0.8682156,0.05640459,-0.4926488,11.63235,-149.2258,6.421234
06.12.2023 14:48:38,0.01973738,-0.8602078,0.03140598,0.5085928,-4.249967,-151.1826,5.11554,0.01771778,0.8682563,0.05650386,-0.4925691,11.63675,-149.2165,6.436279
06.12.2023 14:48:38,0.01972791,-0.8602398,0.03134674,0.5085428,-4.24356,-151.1757,5.118317,0.01756138,0.8682926,0.05673089,-0.4924848,11.65067,-149.2078,6.464264
06.12.2023 14:48:38,0.01976492,-0.8602427,0.03142155,0.5085319,-4.253103,-151.1745,5.117645,0.01752533,0.8682346,0.05686587,-0.4925726,11.66193,-149.2207,6.476257
06.12.2023 14:48:38,0.01972606,-0.8602949,0.03139428,0.5084466,-4.248132,-151.1631,5.115814,0.01774349,0.8681961,0.05680956,-0.4926393,11.66858,-149.2282,6.451752
06.12.2023 14:48:38,0.01984639,-0.8603181,0.03139181,0.5084028,-4.254902,-151.157,5.128082,0.01815266,0.8681166,0.0566342,-0.4927847,11.67404,-149.2444,6.401917
06.12.2023 14:48:38,0.01986452,-0.8603422,0.03138046,0.5083621,-4.254833,-151.1514,5.130737,0.01844179,0.8680668,0.05668602,-0.4928555,11.6955,-149.2531,6.376526
06.12.2023 14:48:38,0.01991589,-0.8603812,0.031532,0.5082847,-4.272779,-151.1416,5.127319,0.01858616,0.8680647,0.05672203,-0.4928498,11.70731,-149.252,6.364105
06.12.2023 14:48:38,0.01991752,-0.860396,0.03154239,0.5082589,-4.273897,-151.1382,5.127014,0.01869125,0.8681028,0.05672016,-0.492779,11.71317,-149.2422,6.352936
06.12.2023 14:48:38,0.01993702,-0.86042,0.03155516,0.5082167,-4.276289,-151.1326,5.128387,0.01877306,0.868104,0.05659847,-0.4927876,11.70566,-149.242,6.33786
06.12.2023 14:48:38,0.01983193,-0.8604748,0.03149067,0.5081322,-4.263781,-151.1213,5.122192,0.01865819,0.8680929,0.05636068,-0.4928388,11.67535,-149.2473,6.336121
06.12.2023 14:48:38,0.01977269,-0.8604909,0.03144085,0.5081102,-4.255404,-151.1183,5.119354,0.01840562,0.8680818,0.05637844,-0.4928658,11.66275,-149.252,6.362579
06.12.2023 14:48:38,0.01960398,-0.8604381,0.03140431,0.5082084,-4.241971,-151.1317,5.10434,0.01780645,0.8680422,0.05660756,-0.4929313,11.65152,-149.265,6.436127
06.12.2023 14:48:38,0.0195596,-0.8604768,0.03136962,0.5081467,-4.23595,-151.1234,5.102295,0.0173463,0.8680007,0.05686308,-0.4929915,11.65079,-149.2769,6.497223
06.12.2023 14:48:38,0.0194847,-0.8605208,0.03131861,0.5080782,-4.226539,-151.1142,5.098206,0.01726084,0.8679211,0.05712987,-0.4931036,11.67233,-149.2943,6.521942
06.12.2023 14:48:38,0.01939341,-0.8605079,0.03134665,0.5081019,-4.223988,-151.1177,5.087433,0.01733968,0.8678617,0.05712879,-0.4932056,11.67651,-149.3075,6.514771
06.12.2023 14:48:38,0.01925983,-0.8604712,0.0314543,0.5081624,-4.226834,-151.1266,5.067627,0.01742032,0.8678218,0.0571734,-0.4932678,11.68546,-149.3158,6.509766
06.12.2023 14:48:38,0.01920629,-0.8605378,0.03146502,0.5080512,-4.224764,-151.1119,5.062256,0.01718017,0.8677803,0.0572239,-0.4933434,11.6767,-149.3272,6.537231
06.12.2023 14:48:38,0.01917052,-0.8605034,0.03145502,0.5081113,-4.221694,-151.12,5.059021,0.01695457,0.8677714,0.05731211,-0.4933566,11.67267,-149.3305,6.564941
06.12.2023 14:48:38,0.0194619,-0.8604786,0.03126176,0.508154,-4.219605,-151.1241,5.098907,0.01698476,0.8677676,0.05722014,-0.493373,11.66519,-149.3318,6.556793
06.12.2023 14:48:38,0.01971083,-0.8604801,0.03119763,0.5081458,-4.227786,-151.1222,5.127289,0.01744769,0.8677855,0.05675147,-0.4933794,11.64474,-149.3269,6.483673
06.12.2023 14:48:38,0.01995121,-0.8605032,0.03134728,0.5080882,-4.256569,-151.1146,5.142578,0.01797187,0.8678066,0.05640823,-0.4933628,11.64032,-149.3198,6.411469
06.12.2023 14:48:38,0.01999495,-0.8604934,0.03143033,0.5080979,-4.267321,-151.1161,5.141998,0.01780127,0.8677806,0.05645196,-0.4934098,11.63492,-149.3271,6.431396
06.12.2023 14:48:38,0.01996198,-0.8604592,0.03158497,0.5081475,-4.280676,-151.1234,5.129456,0.01729362,0.8677542,0.05657005,-0.4934607,11.61777,-149.3368,6.489288
06.12.2023 14:48:38,0.01986454,-0.860467,0.03180882,0.5081242,-4.297095,-151.1215,5.106873,0.01702881,0.8677133,0.05658172,-0.4935405,11.60376,-149.3485,6.517029
06.12.2023 14:48:38,0.01971861,-0.8604867,0.03186073,0.5080932,-4.29371,-151.118,5.089569,0.0170521,0.8676567,0.05646873,-0.4936521,11.59363,-149.3622,6.509064
06.12.2023 14:48:38,0.01952435,-0.8604296,0.03186352,0.5081971,-4.282668,-151.1323,5.069672,0.01710289,0.8676342,0.05641255,-0.4936964,11.59082,-149.3674,6.501099
06.12.2023 14:48:38,0.01951071,-0.860467,0.0317998,0.5081384,-4.275577,-151.1242,5.072357,0.01727815,0.867707,0.05641135,-0.4935624,11.60089,-149.349,6.482513
06.12.2023 14:48:38,0.01959903,-0.8604536,0.03172832,0.5081622,-4.27367,-151.1269,5.085144,0.01751222,0.8677698,0.05650289,-0.4934333,11.62354,-149.3317,6.463379
06.12.2023 14:48:38,0.01958686,-0.8604777,0.03166253,0.508126,-4.266461,-151.1218,5.087952,0.01771093,0.8678267,0.05654355,-0.4933214,11.63907,-149.3165,6.445007
06.12.2023 14:48:38,0.01957415,-0.8605018,0.03167303,0.5080851,-4.266752,-151.1164,5.086304,0.01785811,0.8679078,0.05643474,-0.493186,11.63678,-149.2971,6.423004
06.12.2023 14:48:38,0.01961346,-0.8605285,0.03173343,0.5080346,-4.275003,-151.1098,5.086914,0.01798969,0.8678828,0.05641583,-0.4932272,11.6423,-149.3018,6.409088
06.12.2023 14:48:38,0.01968825,-0.8605471,0.0317846,0.507997,-4.284412,-151.1049,5.091492,0.01825301,0.8679451,0.0563369,-0.493117,11.64957,-149.2856,6.377411
06.12.2023 14:48:38,0.01972501,-0.8605442,0.03184551,0.5079966,-4.29257,-151.105,5.091553,0.01856115,0.867989,0.05621214,-0.4930423,11.65472,-149.2734,6.338867
06.12.2023 14:48:38,0.01987891,-0.8605794,0.03195242,0.5079243,-4.31209,-151.0954,5.100891,0.01839868,0.8679678,0.05626461,-0.4930797,11.65067,-149.2795,6.358398
06.12.2023 14:48:38,0.02002664,-0.860526,0.03203051,0.5080039,-4.328424,-151.106,5.110535,0.01762928,0.8679354,0.05664086,-0.4931219,11.64447,-149.2912,6.457214
06.12.2023 14:48:38,0.0200402,-0.8605499,0.0321774,0.5079537,-4.343714,-151.0999,5.103546,0.01708101,0.8679191,0.05668833,-0.4931643,11.61801,-149.2993,6.515045
06.12.2023 14:48:38,0.02001785,-0.8605316,0.03230266,0.5079776,-4.354784,-151.1037,5.093903,0.0172387,0.8678744,0.0563672,-0.4932744,11.59476,-149.3106,6.48172
06.12.2023 14:48:38,0.0199359,-0.8605195,0.03233583,0.5079992,-4.353285,-151.1069,5.08374,0.01756154,0.8679053,0.05619599,-0.4932282,11.5961,-149.3018,6.439301
06.12.2023 14:48:38,0.01985486,-0.8605202,0.03234965,0.5080003,-4.349926,-151.1073,5.074921,0.01781736,0.8679118,0.05628772,-0.4931971,11.61981,-149.2975,6.418732
06.12.2023 14:48:38,0.01981217,-0.8605155,0.03221888,0.5080181,-4.334525,-151.1093,5.078247,0.01762897,0.8679217,0.05663432,-0.4931467,11.64374,-149.2944,6.457062
06.12.2023 14:48:38,0.01989052,-0.860465,0.032047,0.5081115,-4.322128,-151.1208,5.095581,0.01768263,0.8679444,0.05671536,-0.4930956,11.65497,-149.2881,6.455933
06.12.2023 14:48:38,0.01988697,-0.860406,0.03207135,0.5082102,-4.324337,-151.1341,5.093292,0.01775919,0.8679684,0.05674803,-0.4930468,11.66266,-149.2816,6.449799
06.12.2023 14:48:38,0.01995127,-0.8604482,0.03193932,0.5081444,-4.315042,-151.1246,5.107697,0.01764171,0.8679308,0.05675016,-0.4931169,11.65607,-149.2914,6.462189
06.12.2023 14:48:38,0.01992777,-0.8604258,0.03185152,0.5081887,-4.305007,-151.1301,5.110291,0.0169963,0.8678597,0.0567372,-0.4932662,11.61789,-149.3136,6.5271
06.12.2023 14:48:38,0.01987604,-0.8604081,0.03188306,0.5082188,-4.30511,-151.1344,5.10318,0.01632985,0.8677884,0.0568887,-0.4933968,11.59491,-149.3347,6.603394
06.12.2023 14:48:38,0.01978028,-0.8604435,0.03203185,0.5081532,-4.314209,-151.1265,5.085358,0.01611002,0.8678207,0.05701303,-0.4933327,11.59494,-149.3282,6.632019
06.12.2023 14:48:38,0.01963295,-0.8604543,0.03191993,0.5081476,-4.294566,-151.1257,5.077362,0.01603563,0.8678948,0.05693804,-0.4932136,11.58347,-149.312,6.634216
06.12.2023 14:48:38,0.01965038,-0.8604816,0.03189193,0.5081025,-4.292814,-151.1195,5.080933,0.01660687,0.8679924,0.0567433,-0.4930453,11.59677,-149.2859,6.564697
06.12.2023 14:48:38,0.0197002,-0.8604748,0.03185285,0.5081146,-4.291861,-151.1208,5.088104,0.01706628,0.8680517,0.05658244,-0.4929438,11.60699,-149.2693,6.508759
06.12.2023 14:48:38,0.0197125,-0.8604832,0.0317422,0.5081069,-4.281651,-151.1193,5.095825,0.01759717,0.8680111,0.0563688,-0.493021,11.61569,-149.2757,6.444061
06.12.2023 14:48:38,0.01984839,-0.8605115,0.03176554,0.5080521,-4.291872,-151.1118,5.108154,0.0179101,0.8680445,0.05628346,-0.4929607,11.62503,-149.2658,6.40741
06.12.2023 14:48:38,0.01981223,-0.8605424,0.03162618,0.5080099,-4.275996,-151.1056,5.112946,0.01802894,0.8680111,0.05617702,-0.4930274,11.62103,-149.2733,6.389954
06.12.2023 14:48:38,0.01982805,-0.8604648,0.03156894,0.5081444,-4.271284,-151.1233,5.117188,0.01790689,0.8679775,0.05618263,-0.4930903,11.61459,-149.2821,6.402954
06.12.2023 14:48:38,0.01981358,-0.8604932,0.03145519,0.5081038,-4.259202,-151.1174,5.122589,0.0175867,0.867947,0.05628319,-0.4931439,11.60635,-149.2913,6.441132
06.12.2023 14:48:38,0.01979618,-0.8605115,0.03146723,0.5080728,-4.259373,-151.1134,5.120331,0.01735773,0.8679934,0.05633654,-0.4930642,11.59882,-149.2821,6.466461
06.12.2023 14:48:38,0.01979427,-0.8604832,0.03130786,0.5081306,-4.243534,-151.1204,5.129181,0.01705949,0.8680115,0.05630846,-0.493046,11.5791,-149.2806,6.494537
06.12.2023 14:48:38,0.01970377,-0.8604825,0.0311677,0.508144,-4.224418,-151.1218,5.128357,0.01702771,0.8681053,0.05637321,-0.4928747,11.58405,-149.2586,6.500122
06.12.2023 14:48:38,0.01966815,-0.8604515,0.03106512,0.508204,-4.21222,-151.1295,5.130524,0.01709453,0.8681158,0.05637132,-0.4928539,11.58771,-149.2556,6.493164
06.12.2023 14:48:38,0.01959459,-0.8604107,0.03098354,0.5082809,-4.199889,-151.1396,5.127655,0.01748477,0.8681005,0.05632143,-0.4928729,11.60483,-149.2561,6.451447
06.12.2023 14:48:38,0.01962457,-0.8603801,0.03095331,0.5083336,-4.19866,-151.1464,5.132141,0.017679,0.8680741,0.05645358,-0.4928973,11.629,-149.2597,6.439789
06.12.2023 14:48:38,0.01958302,-0.8603076,0.03092721,0.5084593,-4.193679,-151.1632,5.128937,0.01758297,0.868046,0.05665473,-0.4929271,11.64355,-149.2657,6.461121
06.12.2023 14:48:38,0.01958321,-0.8603458,0.0309429,0.5083936,-4.195229,-151.1545,5.128357,0.01741924,0.8680925,0.05679255,-0.4928352,11.64816,-149.2553,6.48468
06.12.2023 14:48:38,0.01962909,-0.8602782,0.03102568,0.5085014,-4.206094,-151.1691,5.127533,0.01757572,0.8681021,0.05664541,-0.4928297,11.64236,-149.2527,6.460571
06.12.2023 14:48:38,0.01964216,-0.8602545,0.03093171,0.5085467,-4.197587,-151.1747,5.134094,0.0176851,0.8681504,0.05653549,-0.4927534,11.63773,-149.2413,6.442749
06.12.2023 14:48:38,0.01962123,-0.8602591,0.03101277,0.5085347,-4.204366,-151.1735,5.12735,0.01750329,0.8680116,0.05650413,-0.4930079,11.62387,-149.2754,6.46109
06.12.2023 14:48:38,0.01967161,-0.8602098,0.03101325,0.5086161,-4.207365,-151.1842,5.131897,0.01723802,0.8679387,0.05642281,-0.4931549,11.60046,-149.2953,6.48407
06.12.2023 14:48:38,0.01978642,-0.8602625,0.03112526,0.5085158,-4.225106,-151.1711,5.137177,0.0173018,0.8679091,0.05631496,-0.493217,11.59323,-149.3024,6.471985
06.12.2023 14:48:38,0.01977858,-0.8602586,0.03114329,0.5085214,-4.226429,-151.1719,5.135315,0.01760652,0.8679143,0.05583995,-0.4932511,11.56311,-149.3018,6.414551
06.12.2023 14:48:38,0.019816,-0.860289,0.03114969,0.5084682,-4.229236,-151.1647,5.138916,0.0176639,0.8679148,0.05566001,-0.4932685,11.5484,-149.3024,6.398651
06.12.2023 14:48:38,0.01977761,-0.8603229,0.03111348,0.5084146,-4.223413,-151.1575,5.137482,0.01748994,0.8679124,0.05566899,-0.4932781,11.5394,-149.3044,6.416595
06.12.2023 14:48:38,0.01970477,-0.860354,0.03119747,0.5083596,-4.227448,-151.1507,5.125641,0.0175706,0.8679297,0.05567707,-0.4932438,11.54483,-149.2996,6.408752
06.12.2023 14:48:38,0.01967048,-0.8603652,0.03122286,0.5083405,-4.227952,-151.1483,5.12088,0.01747289,0.8679895,0.055888,-0.493118,11.56052,-149.2851,6.429657
06.12.2023 14:48:38,0.01963289,-0.8603855,0.03130105,0.5083026,-4.233473,-151.1437,5.112762,0.01754873,0.8680114,0.05577942,-0.4930891,11.55405,-149.2801,6.415619
06.12.2023 14:48:38,0.01955578,-0.8604375,0.03144781,0.5082087,-4.243456,-151.132,5.097046,0.01770798,0.8681126,0.05557837,-0.4929279,11.5433,-149.2565,6.386963
06.12.2023 14:48:38,0.01951025,-0.8604752,0.03151431,0.5081424,-4.24736,-151.1236,5.088989,0.01757511,0.8681794,0.05530743,-0.4928455,11.50888,-149.2439,6.384125
06.12.2023 14:48:38,0.01946595,-0.8605289,0.03150987,0.5080533,-4.244329,-151.1118,5.085297,0.01738812,0.868191,0.05534357,-0.4928277,11.50189,-149.2425,6.404755
06.12.2023 14:48:38,0.01966628,-0.8605613,0.0314324,0.5079956,-4.248351,-151.1032,5.109924,0.01753224,0.8682423,0.05516887,-0.4927519,11.49277,-149.2305,6.379761
06.12.2023 14:48:38,0.01974913,-0.8605578,0.03138526,0.5080012,-4.248526,-151.1036,5.120819,0.01773871,0.8682657,0.05503926,-0.4927176,11.49161,-149.2242,6.35144
06.12.2023 14:48:38,0.02008386,-0.8606028,0.0314274,0.5079092,-4.272182,-151.0907,5.151917,0.01766276,0.8683408,0.0551375,-0.492577,11.49731,-149.2066,6.363617
06.12.2023 14:48:38,0.02021823,-0.8606302,0.03147162,0.5078548,-4.284371,-151.0833,5.162872,0.01750099,0.868386,0.05514254,-0.4925026,11.48877,-149.1974,6.379517
06.12.2023 14:48:38,0.02021572,-0.8605789,0.03178116,0.5079226,-4.314807,-151.0937,5.144196,0.01710275,0.8684658,0.05502676,-0.4923889,11.45483,-149.183,6.411865
06.12.2023 14:48:38,0.02000984,-0.8605768,0.03194718,0.5079238,-4.319203,-151.095,5.114136,0.01699442,0.8684823,0.05485822,-0.4923822,11.43192,-149.1812,6.412994
06.12.2023 14:48:39,0.01982442,-0.8606088,0.03215132,0.5078641,-4.328553,-151.0884,5.084198,0.01691853,0.8684733,0.05476864,-0.4924107,11.41861,-149.1845,6.41568
06.12.2023 14:48:39,0.01971431,-0.8605914,0.03229116,0.5078889,-4.335948,-151.0926,5.065002,0.01685809,0.8685186,0.05483258,-0.4923257,11.42172,-149.174,6.424744
06.12.2023 14:48:39,0.01960544,-0.8606294,0.03222713,0.5078328,-4.323275,-151.0851,5.058258,0.01691742,0.8685511,0.05486751,-0.4922625,11.42868,-149.1657,6.420349
06.12.2023 14:48:39,0.01953917,-0.8606132,0.03215861,0.5078671,-4.312648,-151.0895,5.055542,0.0173095,0.8685522,0.05489338,-0.4922441,11.45349,-149.162,6.382477
06.12.2023 14:48:39,0.01948786,-0.8606581,0.03213596,0.5077944,-4.307416,-151.0799,5.052155,0.01765955,0.8685637,0.05478244,-0.4922237,11.46228,-149.157,6.340973
06.12.2023 14:48:39,0.01954841,-0.860676,0.03200779,0.5077698,-4.298285,-151.0759,5.065765,0.01789357,0.8685141,0.05472257,-0.4923095,11.46942,-149.167,6.314789
06.12.2023 14:48:39,0.01945904,-0.8606995,0.03197053,0.5077358,-4.289394,-151.0714,5.059265,0.01778788,0.8684731,0.05495583,-0.4923595,11.48663,-149.1759,6.339081
06.12.2023 14:48:39,0.01955153,-0.8607225,0.0318763,0.5076992,-4.285473,-151.0659,5.074097,0.01755907,0.8684437,0.05519054,-0.4923933,11.49704,-149.1831,6.375641
06.12.2023 14:48:39,0.01956159,-0.8607612,0.0319496,0.5076286,-4.293293,-151.0568,5.071167,0.01772893,0.8684618,0.05503062,-0.4923731,11.49072,-149.1785,6.349335
06.12.2023 14:48:39,0.01958016,-0.8608174,0.0319296,0.5075337,-4.292391,-151.044,5.074646,0.01809354,0.8684623,0.05486576,-0.4923775,11.49493,-149.1764,6.303497
06.12.2023 14:48:39,0.01966636,-0.8608306,0.03193217,0.5075079,-4.297663,-151.0403,5.08316,0.01829428,0.8683904,0.05458973,-0.4925275,11.47855,-149.1933,6.268768
06.12.2023 14:48:39,0.01971032,-0.8608353,0.03192701,0.5074986,-4.299712,-151.039,5.08783,0.01784894,0.8683645,0.05467474,-0.4925801,11.4617,-149.2026,6.318542
06.12.2023 14:48:39,0.01965583,-0.8608037,0.03192348,0.5075545,-4.296196,-151.0465,5.082397,0.01692503,0.868284,0.05504376,-0.4927135,11.44592,-149.2267,6.433014
06.12.2023 14:48:39,0.01945473,-0.8608003,0.03194652,0.5075666,-4.286759,-151.0487,5.061096,0.01687705,0.8682502,0.05496275,-0.4927839,11.43503,-149.2356,6.433685
06.12.2023 14:48:39,0.0194117,-0.8607399,0.03195253,0.5076701,-4.284854,-151.0627,5.055969,0.01729937,0.8682246,0.05478924,-0.4928336,11.44159,-149.2392,6.381927
06.12.2023 14:48:39,0.01921334,-0.8607507,0.03181366,0.5076683,-4.259582,-151.0623,5.044495,0.01784893,0.8683077,0.05471978,-0.4926753,11.46606,-149.2156,6.321838
06.12.2023 14:48:39,0.01927894,-0.8607231,0.03164823,0.5077229,-4.247067,-151.0687,5.060364,0.01833533,0.8683929,0.05477359,-0.4925013,11.49927,-149.1911,6.274963
06.12.2023 14:48:39,0.01933727,-0.8606454,0.03141091,0.5078672,-4.227038,-151.0868,5.079285,0.01856017,0.8684626,0.05474433,-0.4923733,11.50928,-149.173,6.249847
06.12.2023 14:48:39,0.01941614,-0.8606254,0.03133097,0.5079029,-4.223744,-151.091,5.091583,0.01847659,0.8685009,0.05481935,-0.4923004,11.51212,-149.1643,6.261963
06.12.2023 14:48:39,0.01943235,-0.8605371,0.03129518,0.5080541,-4.221171,-151.111,5.094513,0.01811854,0.8685359,0.05476509,-0.492258,11.48648,-149.1597,6.294342
06.12.2023 14:48:39,0.01945964,-0.8605589,0.03129068,0.5080163,-4.222313,-151.1059,5.097656,0.01783064,0.8685673,0.05476844,-0.4922126,11.47058,-149.1548,6.322968
06.12.2023 14:48:39,0.0193439,-0.8605728,0.03138522,0.5079914,-4.224899,-151.1033,5.080811,0.01743671,0.8685479,0.05475751,-0.4922622,11.44711,-149.1628,6.362122
06.12.2023 14:48:39,0.0192208,-0.8605677,0.03130668,0.5080095,-4.20997,-151.1056,5.073151,0.01721021,0.8685632,0.05486895,-0.4922308,11.44543,-149.1604,6.3909
06.12.2023 14:48:39,0.01919757,-0.8605587,0.03132971,0.5080243,-4.210892,-151.1078,5.069458,0.0172288,0.8685455,0.05482447,-0.4922664,11.44202,-149.1647,6.38678
06.12.2023 14:48:39,0.01931584,-0.8605085,0.03122187,0.5081114,-4.207145,-151.1187,5.087006,0.01740873,0.8685455,0.05466345,-0.492278,11.4361,-149.1642,6.35965
06.12.2023 14:48:39,0.01942428,-0.8604673,0.03119968,0.5081785,-4.211284,-151.1272,5.098694,0.01776974,0.8685026,0.05462502,-0.4923451,11.45264,-149.1714,6.321869
06.12.2023 14:48:39,0.01948764,-0.8604744,0.03114016,0.5081677,-4.2091,-151.1254,5.10849,0.01791176,0.8684784,0.05457336,-0.4923884,11.45544,-149.1762,6.305023
06.12.2023 14:48:39,0.0194445,-0.8604636,0.0311539,0.5081868,-4.207944,-151.1281,5.103333,0.01805608,0.8684609,0.05447185,-0.4924251,11.45346,-149.1797,6.285065
06.12.2023 14:48:39,0.01948174,-0.8604921,0.03124947,0.5081313,-4.219545,-151.121,5.101685,0.0182328,0.8684769,0.05409016,-0.4924324,11.42535,-149.177,6.245636
06.12.2023 14:48:39,0.01941686,-0.8605175,0.0312781,0.5080889,-4.218585,-151.1156,5.093811,0.01831003,0.8685088,0.0538778,-0.4923966,11.4086,-149.1703,6.225494
06.12.2023 14:48:39,0.01943089,-0.8605407,0.03130919,0.5080472,-4.222468,-151.1102,5.093597,0.0177674,0.8685215,0.05391263,-0.4923903,11.38135,-149.1718,6.281708
06.12.2023 14:48:39,0.01940553,-0.8605292,0.03127387,0.5080697,-4.217505,-151.1131,5.093048,0.01732948,0.8685446,0.05400432,-0.4923551,11.36575,-149.1695,6.330475
06.12.2023 14:48:39,0.01940345,-0.8605667,0.03120419,0.5080106,-4.210496,-151.1049,5.097198,0.01709168,0.8685736,0.05416856,-0.4922943,11.36874,-149.1637,6.36319
06.12.2023 14:48:39,0.01930781,-0.8605736,0.03122014,0.5080016,-4.206495,-151.104,5.086853,0.01703854,0.8686022,0.05419613,-0.4922426,11.36859,-149.1572,6.36969
06.12.2023 14:48:39,0.01926055,-0.8605837,0.03114093,0.5079911,-4.195917,-151.1024,5.086853,0.01721802,0.8685963,0.05412295,-0.4922547,11.37143,-149.1576,6.347656
06.12.2023 14:48:39,0.01924027,-0.8606204,0.03102745,0.5079368,-4.183523,-151.0947,5.091766,0.01763232,0.8685569,0.05411537,-0.4923105,11.39404,-149.1633,6.306213
06.12.2023 14:48:39,0.01919357,-0.8606389,0.03104521,0.5079062,-4.182552,-151.0908,5.086243,0.01793465,0.868544,0.0541891,-0.4923142,11.41852,-149.1633,6.280212
06.12.2023 14:48:39,0.01917513,-0.8605979,0.03098816,0.5079797,-4.175851,-151.1004,5.087402,0.01844842,0.8685675,0.05415331,-0.4922577,11.44412,-149.1535,6.226379
06.12.2023 14:48:39,0.01916463,-0.8606066,0.0310375,0.5079624,-4.18011,-151.0984,5.083557,0.01878921,0.8686345,0.05391262,-0.4921529,11.43954,-149.1365,6.177765
06.12.2023 14:48:39,0.01911538,-0.8606042,0.03098338,0.5079715,-4.171896,-151.0995,5.081818,0.01842418,0.8686395,0.05393825,-0.4921552,11.42145,-149.1384,6.215759
06.12.2023 14:48:39,0.01914467,-0.8606026,0.03102524,0.5079708,-4.177737,-151.0995,5.082275,0.01822009,0.8685997,0.05400649,-0.4922255,11.4166,-149.149,6.24057
06.12.2023 14:48:39,0.01909672,-0.8606178,0.0309801,0.5079495,-4.170483,-151.0966,5.080261,0.01748906,0.8685355,0.05412573,-0.4923523,11.3869,-149.1695,6.321442
06.12.2023 14:48:39,0.01905798,-0.8605902,0.0310122,0.5079958,-4.171398,-151.103,5.074341,0.01728083,0.8685294,0.05412301,-0.4923705,11.37482,-149.1727,6.342224
06.12.2023 14:48:39,0.01911496,-0.8605696,0.03108028,0.5080243,-4.181445,-151.1069,5.075867,0.01717315,0.8685313,0.05408232,-0.4923754,11.36465,-149.1734,6.350708
06.12.2023 14:48:39,0.01908747,-0.8605727,0.0310091,0.5080245,-4.172814,-151.1067,5.077301,0.01743244,0.8685473,0.05413305,-0.4923325,11.38446,-149.1671,6.327362
06.12.2023 14:48:39,0.0190173,-0.8605727,0.0310558,0.5080242,-4.173334,-151.107,5.067627,0.01755788,0.8685073,0.05399277,-0.4924142,11.37744,-149.1764,6.307404
06.12.2023 14:48:39,0.01891287,-0.8605447,0.03100211,0.5080789,-4.16195,-151.1143,5.060181,0.01779794,0.8684078,0.05407407,-0.4925719,11.39893,-149.197,6.289215
06.12.2023 14:48:39,0.01888314,-0.8605912,0.0310305,0.5079993,-4.163014,-151.1039,5.055969,0.0179386,0.8683564,0.05412487,-0.4926518,11.41183,-149.2074,6.278656
06.12.2023 14:48:39,0.01884947,-0.8605865,0.03101549,0.5080095,-4.159571,-151.1053,5.053467,0.01836643,0.8683347,0.05413237,-0.4926736,11.4368,-149.2087,6.236481
06.12.2023 14:48:39,0.01879244,-0.8605735,0.03102218,0.5080333,-4.156908,-151.1086,5.047333,0.01871073,0.868355,0.05411198,-0.492627,11.45435,-149.2011,6.200531
06.12.2023 14:48:39,0.01877945,-0.8605921,0.03107465,0.507999,-4.161331,-151.1043,5.043152,0.01878902,0.8682581,0.05415643,-0.4927901,11.46301,-149.2227,6.196472
06.12.2023 14:48:39,0.01869929,-0.8606009,0.03107376,0.5079871,-4.15657,-151.1029,5.035339,0.01843599,0.8681646,0.0541423,-0.4929696,11.44131,-149.2477,6.2323
06.12.2023 14:48:39,0.01876801,-0.8606613,0.03108029,0.5078818,-4.161215,-151.0887,5.042267,0.01829758,0.8680893,0.05404368,-0.4931181,11.42343,-149.2672,6.241577
06.12.2023 14:48:39,0.01900813,-0.8606034,0.03088732,0.5079829,-4.156159,-151.1008,5.076782,0.01793281,0.8681483,0.05390912,-0.4930423,11.38943,-149.2574,6.269775
06.12.2023 14:48:39,0.01926045,-0.8606544,0.03074631,0.5078954,-4.156929,-151.088,5.110382,0.01764305,0.8681372,0.0539316,-0.49307,11.37518,-149.2624,6.300232
06.12.2023 14:48:39,0.01959187,-0.8605937,0.0306877,0.5079892,-4.170471,-151.0995,5.146118,0.01739592,0.8682262,0.05394809,-0.4929202,11.36304,-149.2436,6.324768
06.12.2023 14:48:39,0.01978724,-0.8605782,0.03073981,0.5080048,-4.187007,-151.1013,5.162292,0.01741125,0.8682067,0.0539491,-0.4929538,11.36395,-149.248,6.323547
06.12.2023 14:48:39,0.01977461,-0.8605628,0.03096879,0.5080174,-4.208887,-151.104,5.147614,0.01759984,0.868221,0.05389484,-0.4929279,11.36929,-149.2434,6.301392
06.12.2023 14:48:39,0.01963697,-0.8605275,0.0311394,0.5080721,-4.217719,-151.1123,5.123749,0.01783301,0.8682297,0.05400785,-0.4928918,11.39383,-149.2387,6.284302
06.12.2023 14:48:39,0.01940085,-0.8605299,0.0313291,0.5080654,-4.222685,-151.1128,5.089355,0.01790384,0.8681597,0.05417554,-0.4929941,11.41443,-149.2533,6.287567
06.12.2023 14:48:39,0.0192809,-0.860476,0.03145744,0.5081533,-4.228373,-151.1253,5.06958,0.01781613,0.8681627,0.05447447,-0.4929591,11.4393,-149.2513,6.313171
06.12.2023 14:48:39,0.01917264,-0.8604593,0.03139372,0.5081896,-4.21577,-151.1301,5.062439,0.01780907,0.8682002,0.0547195,-0.4928662,11.46347,-149.241,6.327209
06.12.2023 14:48:39,0.01910149,-0.8604178,0.03138557,0.5082631,-4.210822,-151.1401,5.055511,0.01811876,0.8682704,0.05460035,-0.4927444,11.46933,-149.2227,6.288544
06.12.2023 14:48:39,0.01912209,-0.860454,0.03129764,0.5082065,-4.203338,-151.1321,5.062958,0.01803332,0.8683338,0.05455739,-0.4926406,11.46036,-149.209,6.293854
06.12.2023 14:48:39,0.019072,-0.8604908,0.03124129,0.5081495,-4.194849,-151.1244,5.061584,0.01756523,0.8683794,0.05477465,-0.4925529,11.45563,-149.2009,6.352417
06.12.2023 14:48:39,0.01894278,-0.8605267,0.03127021,0.5080917,-4.190167,-151.1171,5.047424,0.01727792,0.868455,0.05499598,-0.4924052,11.46167,-149.1842,6.3927
06.12.2023 14:48:39,0.01880987,-0.8606128,0.03119759,0.5079554,-4.175241,-151.0989,5.039185,0.01745332,0.8684963,0.05496581,-0.4923295,11.46872,-149.1733,6.372864
06.12.2023 14:48:39,0.01882159,-0.860616,0.03127348,0.5079447,-4.183418,-151.0978,5.03595,0.01805704,0.8685018,0.05490543,-0.4923047,11.49695,-149.1672,6.308868
06.12.2023 14:48:39,0.01885247,-0.8606944,0.03126742,0.5078111,-4.184613,-151.0799,5.040009,0.01868417,0.8684142,0.05489011,-0.4924375,11.53073,-149.1823,6.246277
06.12.2023 14:48:39,0.01883673,-0.8607745,0.03122959,0.5076783,-4.179955,-151.062,5.041321,0.01912399,0.8683823,0.05488114,-0.492478,11.55472,-149.1858,6.202087
06.12.2023 14:48:39,0.01884073,-0.8608017,0.03130606,0.5076272,-4.187737,-151.0556,5.037506,0.01916657,0.8682403,0.05508684,-0.4927037,11.57733,-149.2172,6.211304
06.12.2023 14:48:39,0.018809,-0.8608428,0.03131514,0.5075582,-4.186784,-151.0465,5.034149,0.01859351,0.8681978,0.05541247,-0.492764,11.57724,-149.23,6.287689
06.12.2023 14:48:39,0.01878246,-0.8608981,0.03134714,0.5074634,-4.188396,-151.034,5.030121,0.01818601,0.8681935,0.05556019,-0.4927701,11.56885,-149.2336,6.336945
06.12.2023 14:48:39,0.01872979,-0.8609325,0.03144635,0.5074008,-4.195128,-151.0262,5.01944,0.01790982,0.8682582,0.05524752,-0.4927013,11.52209,-149.223,6.34613
06.12.2023 14:48:39,0.01846898,-0.8609448,0.03137396,0.507394,-4.172791,-151.0256,-0.002089387,0.01773196,0.8682859,0.05521007,-0.4926633,11.50836,-149.2184,6.361481
06.12.2023 14:48:39,0.01847959,-0.8609958,0.03137099,0.5073074,-4.173116,-151.0141,-0.0004468545,0.01738598,0.8682552,0.05528065,-0.4927218,11.49567,-149.228,6.400574
06.12.2023 14:48:39,0.01845046,-0.8610246,0.0312363,0.5072678,-4.158114,-151.0083,0.004725911,0.01762701,0.8682233,0.05540387,-0.4927555,11.52158,-149.2325,6.383759
06.12.2023 14:48:39,0.0184274,-0.8610408,0.03114467,0.5072467,-4.147718,-151.0051,5.007904,0.01787787,0.8681477,0.05551288,-0.4928674,11.54651,-149.2473,6.365784
06.12.2023 14:48:39,0.01849648,-0.8610661,0.03105019,0.507207,-4.142405,-150.9993,5.020416,0.01836883,0.8680686,0.05561841,-0.4929767,11.58472,-149.2607,6.323578
06.12.2023 14:48:39,0.01849125,-0.8610453,0.03105661,0.5072421,-4.142735,-151.004,5.019379,0.0188696,0.8680109,0.05563223,-0.493058,11.61438,-149.2696,6.274933
06.12.2023 14:48:39,0.01836017,-0.8610213,0.03099601,0.5072914,-4.129119,-151.0106,5.009705,0.0188639,0.8679606,0.05582834,-0.4931246,11.63351,-149.28,6.287262
06.12.2023 14:48:39,0.01824762,-0.8610688,0.03091382,0.5072199,-4.114448,-151.001,0.003716878,0.01857542,0.8679571,0.05602175,-0.4931197,11.63644,-149.2821,6.327118
06.12.2023 14:48:39,0.01816042,-0.8610633,0.03092029,0.5072318,-4.110012,-151.0028,-0.005340214,0.0183158,0.8679689,0.05617511,-0.4930912,11.63702,-149.2806,6.361664
06.12.2023 14:48:39,0.01801603,-0.8610161,0.0308308,0.5073226,-4.092765,-151.0149,-0.01482784,0.01805406,0.8680162,0.05624629,-0.4930094,11.62939,-149.2713,6.391266
06.12.2023 14:48:39,0.01813618,-0.8609796,0.03082964,0.5073804,-4.099646,-151.0223,-0.003156901,0.01792637,0.8680193,0.05625998,-0.4930071,11.62354,-149.2717,6.404785
06.12.2023 14:48:39,0.01821964,-0.8609605,0.03079675,0.5074118,-4.101255,-151.0262,5.006866,0.01779693,0.8680068,0.05642412,-0.493015,11.63254,-149.2746,6.427216
06.12.2023 14:48:39,0.01834473,-0.8609384,0.03072958,0.5074487,-4.101903,-151.0305,5.02298,0.01800497,0.8679047,0.05651108,-0.4931772,11.65274,-149.296,6.412628
06.12.2023 14:48:39,0.01835357,-0.8609242,0.03064134,0.507478,-4.093702,-151.034,5.02887,0.01833883,0.8678612,0.05669348,-0.4932206,11.68982,-149.3019,6.390076
06.12.2023 14:48:39,0.0183595,-0.8609237,0.03049403,0.5074874,-4.079496,-151.0347,5.037994,0.0188686,0.867791,0.05672224,-0.4933207,11.7226,-149.3133,6.339539
06.12.2023 14:48:39,0.01827102,-0.860905,0.0303947,0.5075283,-4.064534,-151.0399,5.034851,0.01919488,0.8678076,0.05681724,-0.4932681,11.75067,-149.3058,6.311951
06.12.2023 14:48:40,0.01836026,-0.860858,0.03028121,0.5076116,-4.058526,-151.0504,5.049927,0.01908558,0.8678169,0.05687948,-0.4932489,11.75073,-149.3042,6.326294
06.12.2023 14:48:40,0.01840742,-0.8608471,0.03018402,0.5076342,-4.051673,-151.0529,5.06015,0.01890885,0.86786,0.05701417,-0.4931641,11.75424,-149.2948,6.351044
06.12.2023 14:48:40,0.01840477,-0.8608045,0.03016974,0.5077073,-4.050115,-151.0625,5.060364,0.01839224,0.8678495,0.05711253,-0.4931908,11.73468,-149.3012,6.408539
06.12.2023 14:48:40,0.01839826,-0.8607728,0.03010998,0.5077648,-4.043837,-151.07,5.062958,0.01797154,0.8678605,0.05732363,-0.4931625,11.7319,-149.3009,6.462463
06.12.2023 14:48:40,0.01837024,-0.8607568,0.03011953,0.5077925,-4.04315,-151.0738,5.059479,0.01778237,0.8678048,0.05741921,-0.4932562,11.73053,-149.3149,6.487579
06.12.2023 14:48:40,0.01843576,-0.8607138,0.03010844,0.5078634,-4.045876,-151.083,5.066284,0.01791821,0.8677642,0.0575561,-0.4933068,11.7518,-149.3222,6.482269
06.12.2023 14:48:40,0.01834054,-0.8606578,0.0301501,0.5079595,-4.044449,-151.0962,5.053986,0.01813933,0.8677219,0.05784965,-0.4933388,11.79358,-149.328,6.477264
06.12.2023 14:48:40,0.01838779,-0.8606086,0.03003812,0.5080476,-4.036151,-151.1074,5.064789,0.01855298,0.8676597,0.05796304,-0.4934194,11.82822,-149.338,6.443054
06.12.2023 14:48:40,0.01841392,-0.8605626,0.03007429,0.5081226,-4.041251,-151.1175,5.06488,0.01875209,0.8675583,0.05826022,-0.4935552,11.86893,-149.3577,6.441284
06.12.2023 14:48:40,0.0183855,-0.8605753,0.02999495,0.5081068,-4.031759,-151.1151,5.066803,0.01883961,0.8674828,0.05848769,-0.4936575,11.89642,-149.3729,6.446442
06.12.2023 14:48:40,0.01836591,-0.8605763,0.02993878,0.5081092,-4.025073,-151.1153,5.068146,0.01913846,0.8674037,0.05861529,-0.49377,11.92593,-149.3877,6.424805
06.12.2023 14:48:40,0.01841654,-0.8605356,0.02993026,0.5081767,-4.027188,-151.1241,5.073303,0.01934374,0.8673689,0.05868703,-0.4938145,11.94467,-149.3933,6.408752
06.12.2023 14:48:40,0.01838023,-0.8605782,0.02987602,0.508109,-4.01971,-151.115,5.073212,0.01953545,0.8673816,0.05865462,-0.4937886,11.95239,-149.3889,6.387543
06.12.2023 14:48:40,0.01845343,-0.8605955,0.02979324,0.5080819,-4.0158,-151.1109,5.085419,0.01927378,0.867429,0.05860129,-0.4937219,11.93231,-149.3806,6.410095
06.12.2023 14:48:40,0.01854884,-0.860582,0.02972038,0.5081057,-4.014171,-151.1135,5.098999,0.01894049,0.8674384,0.05868398,-0.4937085,11.92163,-149.3809,6.448029
06.12.2023 14:48:40,0.01852906,-0.8605469,0.02963876,0.5081706,-4.004966,-151.1219,5.101501,0.01866222,0.8674632,0.05871698,-0.4936715,11.90918,-149.3774,6.477448
06.12.2023 14:48:40,0.01854702,-0.8605547,0.02958324,0.5081599,-4.00053,-151.1202,5.106567,0.01839748,0.8673825,0.05870261,-0.493825,11.89243,-149.3987,6.504303
06.12.2023 14:48:40,0.01851215,-0.8605301,0.02954698,0.5082049,-3.994923,-151.1261,5.105042,0.01864729,0.8672114,0.05857437,-0.4941313,11.89331,-149.4372,6.474426
06.12.2023 14:48:40,0.01860928,-0.8605246,0.02957394,0.5082092,-4.003248,-151.1266,5.113037,0.01879587,0.8671395,0.05862786,-0.4942456,11.90692,-149.4522,6.463562
06.12.2023 14:48:40,0.01861747,-0.8604858,0.02948902,0.5082794,-3.99535,-151.1356,5.118469,0.01913295,0.866986,0.05862252,-0.4945023,11.92514,-149.4848,6.431641
06.12.2023 14:48:40,0.01860864,-0.8604891,0.02956285,0.5082699,-4.002123,-151.1346,5.113342,0.01925392,0.8669565,0.05877458,-0.4945313,11.94711,-149.4895,6.428528
06.12.2023 14:48:40,0.01859909,-0.8604406,0.02957373,0.5083519,-4.002651,-151.1457,5.111389,0.01935324,0.8669813,0.05880744,-0.4944802,11.95615,-149.4826,6.420105
06.12.2023 14:48:40,0.01858882,-0.8604349,0.0295942,0.5083605,-4.004075,-151.1469,5.109131,0.01909544,0.8671369,0.05870586,-0.4942293,11.93176,-149.4495,6.437988
06.12.2023 14:48:40,0.01879652,-0.8604615,0.02948044,0.5083145,-4.00495,-151.1399,5.136505,0.01890917,0.8672046,0.05866664,-0.4941223,11.91742,-149.4357,6.453491
06.12.2023 14:48:40,0.01904078,-0.8603982,0.02938148,0.5084183,-4.009444,-151.1528,5.165955,0.01866651,0.8672457,0.05860017,-0.4940674,11.89709,-149.4289,6.47348
06.12.2023 14:48:40,0.01941888,-0.8603155,0.02919062,0.5085548,-4.01269,-151.1694,5.213806,0.01861374,0.8672473,0.05847755,-0.494081,11.88187,-149.4299,6.471802
06.12.2023 14:48:40,0.0198308,-0.860207,0.02909617,0.5087278,-4.027452,-151.1912,5.259216,0.01872934,0.8672814,0.05836506,-0.4940301,11.87732,-149.4217,6.453369
06.12.2023 14:48:40,0.02014837,-0.8601775,0.0291027,0.508765,-4.046643,-151.1954,5.290039,0.01871792,0.8672214,0.05842327,-0.4941292,11.88229,-149.4353,6.458649
06.12.2023 14:48:40,0.02020932,-0.8601362,0.02911338,0.5088319,-4.051278,-151.2042,5.295105,0.01889822,0.8671302,0.05832508,-0.4942937,11.88248,-149.4556,6.43631
06.12.2023 14:48:40,0.02016348,-0.8600168,0.02926754,0.5090266,-4.063881,-151.2309,5.28064,0.01921397,0.8671242,0.05818312,-0.4943088,11.88629,-149.4551,6.396729
06.12.2023 14:48:40,0.01995141,-0.859964,0.02933611,0.5091201,-4.058291,-151.2441,5.255249,0.0194013,0.8671173,0.05815296,-0.4943171,11.89392,-149.4552,6.376343
06.12.2023 14:48:40,0.01983695,-0.8598567,0.02938953,0.5093029,-4.056927,-151.269,5.23996,0.01928738,0.8671895,0.05824916,-0.4941837,11.89725,-149.4388,6.392181
06.12.2023 14:48:40,0.01976679,-0.8597794,0.0293791,0.5094367,-4.051836,-151.287,5.233002,0.01892684,0.8672734,0.05849975,-0.4940207,11.90198,-149.4208,6.441315
06.12.2023 14:48:40,0.01972505,-0.8597212,0.02938608,0.509536,-4.05011,-151.3003,5.227997,0.01875963,0.8673713,0.05872703,-0.4938282,11.91544,-149.3979,6.469543
06.12.2023 14:48:40,0.01974817,-0.8596694,0.02929669,0.5096275,-4.042669,-151.3122,5.235107,0.01867981,0.867438,0.05877384,-0.4937086,11.91577,-149.3828,6.479248
06.12.2023 14:48:40,0.01972047,-0.8596548,0.02930387,0.5096529,-4.041765,-151.3156,5.231812,0.01904246,0.8674795,0.0585883,-0.4936438,11.918,-149.3711,6.431824
06.12.2023 14:48:40,0.01967812,-0.8596541,0.02936531,0.5096522,-4.045349,-151.3159,5.22403,0.01922224,0.8674923,0.05855572,-0.4936182,11.92502,-149.3667,6.411774
06.12.2023 14:48:40,0.01958496,-0.8596884,0.02934565,0.5095991,-4.03795,-151.3089,5.216248,0.01923878,0.8674703,0.05862081,-0.4936484,11.9324,-149.3712,6.414124
06.12.2023 14:48:40,0.019519,-0.859678,0.02934273,0.5096192,-4.03381,-151.3117,5.209808,0.01911108,0.8674351,0.05877936,-0.4936964,11.94086,-149.3794,6.436371
06.12.2023 14:48:40,0.01952337,-0.8597709,0.02948099,0.5094544,-4.047665,-151.2903,5.202911,0.01878867,0.8673262,0.05887648,-0.4938886,11.93188,-149.407,6.475708
06.12.2023 14:48:40,0.01958352,-0.859772,0.02958431,0.5094443,-4.061371,-151.2892,5.20285,0.0187614,0.8672055,0.05886666,-0.4941026,11.92899,-149.4355,6.479584
06.12.2023 14:48:40,0.01961185,-0.8598416,0.02972026,0.5093176,-4.076409,-151.2728,5.198303,0.01889932,0.8670725,0.05872612,-0.4943475,11.92242,-149.4662,6.459686
06.12.2023 14:48:40,0.01960645,-0.8599105,0.02972985,0.5092009,-4.077013,-151.2572,5.197754,0.01876719,0.8669637,0.05878647,-0.4945359,11.92059,-149.4922,6.477875
06.12.2023 14:48:40,0.01954799,-0.8599218,0.02985253,0.5091771,-4.085698,-151.2547,5.184906,0.0185507,0.866863,0.05904211,-0.4946904,11.93347,-149.5158,6.515472
06.12.2023 14:48:40,0.0193645,-0.8600251,0.02980588,0.5090123,-4.070343,-151.2329,5.170288,0.01844802,0.8667628,0.05936235,-0.4948314,11.95926,-149.5377,6.545288
06.12.2023 14:48:40,0.01916455,-0.8600404,0.02985073,0.5089915,-4.063089,-151.2308,5.148041,0.01839443,0.866694,0.05961477,-0.4949234,11.98117,-149.5524,6.565948
06.12.2023 14:48:40,0.01904363,-0.8600923,0.02984556,0.5089085,-4.055504,-151.22,5.13678,0.01857199,0.8667053,0.05965318,-0.4948925,11.99518,-149.5479,6.550171
06.12.2023 14:48:40,0.01893717,-0.8600843,0.02973563,0.5089324,-4.038443,-151.223,5.132599,0.01874713,0.8666845,0.05957438,-0.4949317,11.99722,-149.5517,6.528473
06.12.2023 14:48:40,0.01898089,-0.8601149,0.02969672,0.5088813,-4.037148,-151.2159,5.139404,0.01875282,0.8666612,0.05948011,-0.4949836,11.98807,-149.5577,6.522888
06.12.2023 14:48:40,0.01894625,-0.8601061,0.02966061,0.5088998,-4.031564,-151.2183,5.138031,0.01837832,0.8665773,0.05961659,-0.4951282,11.98007,-149.5796,6.569305
06.12.2023 14:48:40,0.01893857,-0.8600807,0.02978831,0.5089355,-4.043724,-151.2236,5.129639,0.01768167,0.8664831,0.0596751,-0.4953113,11.94583,-149.6073,6.643707
06.12.2023 14:48:40,0.01884509,-0.8600637,0.02975811,0.5089693,-4.03529,-151.2282,5.122009,0.01715969,0.866506,0.05976121,-0.4952791,11.92468,-149.6059,6.700531
06.12.2023 14:48:40,0.018709,-0.8600675,0.02984661,0.5089628,-4.036076,-151.228,5.103424,0.01693651,0.8664063,0.05992135,-0.495442,11.92758,-149.6298,6.733368
06.12.2023 14:48:40,0.01864453,-0.8600993,0.02982523,0.5089127,-4.030195,-151.2213,5.098541,0.0175463,0.866369,0.05954919,-0.4955308,11.92514,-149.6358,6.651733
06.12.2023 14:48:40,0.01858771,-0.8600587,0.02998723,0.5089739,-4.042871,-151.2303,5.08316,0.01779185,0.8662703,0.05937143,-0.4957159,11.92111,-149.6579,6.618439
06.12.2023 14:48:40,0.01863395,-0.8600804,0.03000057,0.5089347,-4.046884,-151.225,5.087128,0.01786822,0.8662369,0.0593063,-0.4957794,11.91888,-149.6654,6.607574
06.12.2023 14:48:40,0.01860794,-0.860077,0.03002048,0.5089402,-4.04733,-151.2259,5.083374,0.01744623,0.8662205,0.05947717,-0.4958026,11.91174,-149.6717,6.659729
06.12.2023 14:48:40,0.01865131,-0.8600991,0.03003325,0.5089006,-4.051119,-151.2206,5.087067,0.01721969,0.866212,0.05955853,-0.4958156,11.90689,-149.675,6.687134
06.12.2023 14:48:40,0.01861796,-0.8601324,0.02996626,0.5088493,-4.042556,-151.2135,5.087952,0.01716912,0.8662271,0.059304,-0.4958214,11.87866,-149.6738,6.677551
06.12.2023 14:48:40,0.01862649,-0.8601471,0.03001838,0.5088212,-4.048195,-151.21,5.085876,0.0170513,0.8662986,0.05907699,-0.4957277,11.84952,-149.6598,6.675446
06.12.2023 14:48:40,0.01852216,-0.8601733,0.02997006,0.5087835,-4.037332,-151.205,5.078583,0.0168206,0.8663208,0.05898585,-0.4957075,11.82733,-149.6572,6.693054
06.12.2023 14:48:40,0.01852673,-0.8602242,0.0299848,0.5086964,-4.039045,-151.1934,5.078583,0.01628085,0.8662847,0.05899397,-0.4957878,11.79718,-149.6701,6.748016
06.12.2023 14:48:40,0.01841979,-0.8602727,0.03003762,0.5086152,-4.038011,-151.183,5.065308,0.01622345,0.8662347,0.05907008,-0.4958679,11.8013,-149.6817,6.758759
06.12.2023 14:48:40,0.01843674,-0.8602637,0.03003286,0.50863,-4.038532,-151.185,5.0672,0.01639015,0.8662047,0.05894805,-0.4959294,11.79855,-149.6881,6.735565
06.12.2023 14:48:40,0.01841835,-0.8602507,0.03004266,0.5086522,-4.038427,-151.188,5.064697,0.01669866,0.8661103,0.05886225,-0.4960941,11.80731,-149.7079,6.701141
06.12.2023 14:48:40,0.01835559,-0.8603436,0.03012074,0.5084925,-4.042461,-151.1671,5.054688,0.01681409,0.8660045,0.05909773,-0.4962469,11.83704,-149.7299,6.704437
06.12.2023 14:48:40,0.01839758,-0.8603222,0.03018229,0.5085236,-4.050988,-151.1714,5.055084,0.01650857,0.8660293,0.05934874,-0.496184,11.84467,-149.725,6.748901
06.12.2023 14:48:40,0.0183305,-0.860379,0.03010338,0.5084347,-4.03928,-151.1594,5.053497,0.01626887,0.8660343,0.05955956,-0.4961579,11.85199,-149.7243,6.78479
06.12.2023 14:48:40,0.01825676,-0.8603729,0.03018052,0.508443,-4.042594,-151.161,5.041656,0.01627356,0.8659827,0.05938217,-0.4962691,11.83438,-149.7375,6.774963
06.12.2023 14:48:40,0.01814228,-0.8603819,0.03026573,0.5084268,-4.044327,-151.1595,5.025421,0.01627314,0.8658989,0.05929393,-0.4964257,11.82526,-149.7575,6.771149
06.12.2023 14:48:40,0.01813702,-0.860415,0.03029029,0.5083696,-4.046443,-151.1519,5.023743,0.01617,0.8657084,0.05943163,-0.4967448,11.8324,-149.8015,6.791931
06.12.2023 14:48:40,0.01806743,-0.8604189,0.0302349,0.5083687,-4.036916,-151.1518,5.020111,0.01611273,0.8655952,0.05953665,-0.4969313,11.8392,-149.8275,6.805176
06.12.2023 14:48:40,0.01804361,-0.8604558,0.030268,0.5083051,-4.038794,-151.1435,5.016113,0.01587193,0.8654866,0.05979889,-0.4970967,11.85114,-149.8528,6.845703
06.12.2023 14:48:40,0.01799928,-0.8604822,0.03025535,0.5082628,-4.034959,-151.1379,5.012695,0.01584746,0.8654041,0.05997457,-0.4972201,11.86694,-149.8708,6.859283
06.12.2023 14:48:40,0.01803684,-0.8604748,0.03026001,0.5082736,-4.037609,-151.1393,5.016083,0.01577703,0.8653417,0.06015594,-0.4973088,11.88074,-149.8845,6.877533
06.12.2023 14:48:40,0.01797169,-0.8604622,0.03035955,0.5082913,-4.043636,-151.1422,0.003728961,0.0157483,0.8653019,0.06032512,-0.4973586,11.89578,-149.8928,6.890594
06.12.2023 14:48:40,0.01799419,-0.8604714,0.03042508,0.5082713,-4.051418,-151.1397,0.002216278,0.01571048,0.8652747,0.06041991,-0.4973955,11.90298,-149.8987,6.900146
06.12.2023 14:48:40,0.01787611,-0.860445,0.03045459,0.5083184,-4.047445,-151.1464,-0.01139738,0.01562031,0.8653071,0.06043519,-0.4973402,11.89944,-149.8919,6.909576
06.12.2023 14:48:40,0.01776783,-0.860442,0.03050566,0.508324,-4.046172,-151.1476,-0.02510878,0.01561072,0.8653263,0.06055203,-0.4972929,11.91061,-149.8867,6.916931
06.12.2023 14:48:40,0.01763362,-0.8605028,0.03040296,0.5082319,-4.028209,-151.1352,-0.03193222,0.01556745,0.8652577,0.06048064,-0.4974221,11.90076,-149.9034,6.918152
06.12.2023 14:48:40,0.0177588,-0.8604596,0.03040087,0.5083007,-4.0353,-151.1441,-0.01976509,0.01533399,0.8652154,0.0606324,-0.4974846,11.90231,-149.914,6.950714
06.12.2023 14:48:40,0.01770888,-0.8604974,0.03053004,0.5082308,-4.045144,-151.1354,-0.03191994,0.01508578,0.8651676,0.06079676,-0.4975554,11.90427,-149.926,6.985535
06.12.2023 14:48:40,0.01762265,-0.8604868,0.03062142,0.5082462,-4.049136,-151.138,-0.04585507,0.01501735,0.8651729,0.06077396,-0.4975509,11.8981,-149.9254,6.990997
06.12.2023 14:48:40,0.01763223,-0.8605319,0.03073075,0.5081631,-4.060494,-151.1274,-0.05090715,0.01539925,0.8651659,0.06066884,-0.4975641,11.90952,-149.9247,6.94696
06.12.2023 14:48:40,0.01773018,-0.860589,0.03077406,0.5080603,-4.070486,-151.1136,-0.04327329,0.01578365,0.8652765,0.06055515,-0.4973737,11.92065,-149.8968,6.900513
06.12.2023 14:48:40,0.01787586,-0.8605875,0.0307561,0.5080588,-4.077205,-151.113,-0.02782083,0.01571166,0.8652804,0.06051519,-0.497374,11.91257,-149.8968,6.905396
06.12.2023 14:48:40,0.01824501,-0.8605309,0.03055627,0.5081536,-4.078995,-151.124,5.019897,0.01557009,0.8652417,0.06065967,-0.4974283,11.91867,-149.9059,6.928314
06.12.2023 14:48:40,0.01864794,-0.860538,0.03042527,0.5081348,-4.08955,-151.12,5.067444,0.01554072,0.865221,0.06070598,-0.4974594,11.92154,-149.9105,6.934174
06.12.2023 14:48:40,0.01906813,-0.8604631,0.03043464,0.5082454,-4.114987,-151.1338,5.10791,0.0151818,0.8651554,0.06061723,-0.4975955,11.89185,-149.9292,6.965881
06.12.2023 14:48:41,0.01925592,-0.8604289,0.03040076,0.5082982,-4.122601,-151.1403,5.128174,0.01519169,0.8651047,0.06048373,-0.4976995,11.87891,-149.9418,6.957977
06.12.2023 14:48:41,0.01919321,-0.860323,0.03050913,0.5084733,-4.129667,-151.1642,5.114807,0.01559874,0.8651443,0.06014105,-0.4976596,11.86829,-149.9317,6.897217
06.12.2023 14:48:41,0.01911175,-0.8602781,0.03068419,0.5085419,-4.142203,-151.1743,5.096191,0.01588667,0.8652122,0.05981607,-0.4975717,11.85266,-149.9159,6.848999
06.12.2023 14:48:41,0.01891812,-0.8601836,0.03079371,0.5087023,-4.141729,-151.1966,5.069885,0.01599943,0.8653743,0.05977632,-0.4972908,11.85577,-149.8778,6.833221
06.12.2023 14:48:41,0.01886048,-0.8601094,0.03078613,0.5088303,-4.137626,-151.2138,5.064026,0.0157825,0.8654889,0.05993141,-0.4970796,11.85922,-149.852,6.862152
06.12.2023 14:48:41,0.01888065,-0.859966,0.03072296,0.5090756,-4.132589,-151.2462,5.068512,0.01533792,0.8656019,0.06005342,-0.496882,11.84634,-149.8287,6.911957
06.12.2023 14:48:41,0.01904392,-0.859875,0.03064714,0.509228,-4.134659,-151.2658,5.088348,0.01498468,0.8656142,0.06031051,-0.4968402,11.85178,-149.8269,6.961731
06.12.2023 14:48:41,0.01923037,-0.8597963,0.0304658,0.5093646,-4.127681,-151.2829,5.11673,0.01485896,0.8655791,0.06035694,-0.4968995,11.84906,-149.8357,6.977417
06.12.2023 14:48:41,0.01932909,-0.8597649,0.03045008,0.509415,-4.131906,-151.2893,5.127167,0.01493686,0.8655382,0.06034909,-0.4969694,11.85257,-149.8446,6.969757
06.12.2023 14:48:41,0.01950751,-0.8597129,0.0303156,0.5095038,-4.129083,-151.3002,5.152222,0.01545701,0.8655523,0.06011675,-0.496957,11.85928,-149.8387,6.904358
06.12.2023 14:48:41,0.01966283,-0.8596835,0.03033496,0.5095463,-4.140081,-151.3056,5.166229,0.01583199,0.8656169,0.05983227,-0.4968671,11.85266,-149.8227,6.849762
06.12.2023 14:48:41,0.01994814,-0.8596826,0.03032934,0.5095372,-4.156204,-151.3037,5.194763,0.01576808,0.8656704,0.05960993,-0.4968025,11.82703,-149.8124,6.842773
06.12.2023 14:48:41,0.02015041,-0.8596885,0.03045459,0.5095118,-4.180379,-151.3003,5.20752,0.01528633,0.8657596,0.05967808,-0.4966541,11.80658,-149.7952,6.893585
06.12.2023 14:48:41,0.02036362,-0.8596994,0.03044101,0.5094857,-4.191496,-151.2963,5.229492,0.01472659,0.8658018,0.0596067,-0.496606,11.76758,-149.7904,6.944885
06.12.2023 14:48:41,0.02046882,-0.8596462,0.03038865,0.5095743,-4.192505,-151.3077,5.242523,0.01440137,0.8658118,0.05958689,-0.4966004,11.74701,-149.7908,6.976105
06.12.2023 14:48:41,0.02057201,-0.8596351,0.03033689,0.509592,-4.193438,-151.3096,5.255646,0.01433477,0.8657764,0.05956521,-0.4966667,11.74091,-149.7996,6.982025
06.12.2023 14:48:41,0.02051994,-0.8596721,0.03024762,0.5095371,-4.181571,-151.302,5.256012,0.01438348,0.8657961,0.0595808,-0.496629,11.7453,-149.7946,6.977753
06.12.2023 14:48:41,0.02046415,-0.8596724,0.03012229,0.5095462,-4.165947,-151.3029,5.257813,0.01455035,0.8657784,0.05963485,-0.4966484,11.76019,-149.797,6.964417
06.12.2023 14:48:41,0.02045551,-0.8596328,0.03000932,0.50962,-4.154321,-151.3123,5.263214,0.01460867,0.8657296,0.05967777,-0.4967268,11.76761,-149.8075,6.9617
06.12.2023 14:48:41,0.02050413,-0.8595805,0.02986685,0.5097146,-4.14314,-151.3242,5.275909,0.01467959,0.8657612,0.0596076,-0.496678,11.7648,-149.8001,6.950165
06.12.2023 14:48:41,0.02059011,-0.8595105,0.02973352,0.509837,-4.135058,-151.3399,5.291626,0.01486308,0.865756,0.05942021,-0.496704,11.75659,-149.8012,6.921234
06.12.2023 14:48:41,0.02062885,-0.859473,0.02969891,0.5099005,-4.133933,-151.3481,5.29715,0.01476789,0.8658383,0.0592484,-0.4965841,11.73434,-149.7841,6.919861
06.12.2023 14:48:41,0.02065617,-0.8594269,0.02966477,0.5099792,-4.132192,-151.3585,5.301483,0.0145168,0.8658211,0.05921853,-0.4966249,11.71692,-149.7902,6.943481
06.12.2023 14:48:41,0.02056898,-0.859391,0.02970175,0.510041,-4.130757,-151.367,5.290405,0.01428211,0.8657509,0.05924682,-0.4967507,11.70602,-149.8081,6.969482
06.12.2023 14:48:41,0.02058207,-0.8593846,0.02964801,0.5100545,-4.126229,-151.3686,5.2948,0.01408078,0.8656645,0.05926188,-0.4969052,11.69565,-149.8295,6.991638
06.12.2023 14:48:41,0.02052503,-0.8593593,0.02958531,0.5101029,-4.116724,-151.375,5.292603,0.0140669,0.8656088,0.05917287,-0.4970133,11.68576,-149.8431,6.988708
06.12.2023 14:48:41,0.02063446,-0.8593023,0.02951511,0.5101988,-4.11624,-151.3872,5.307068,0.01418757,0.8655527,0.05915102,-0.49711,11.69028,-149.8553,6.976166
06.12.2023 14:48:41,0.02064047,-0.8593229,0.02954492,0.510162,-4.119518,-151.3824,5.306091,0.01440432,0.8655732,0.05910989,-0.497073,11.69867,-149.8492,6.951904
06.12.2023 14:48:41,0.02082314,-0.8592989,0.0295001,0.5101976,-4.125803,-151.3866,5.326569,0.01458217,0.8656093,0.0588394,-0.497037,11.68204,-149.8413,6.918243
06.12.2023 14:48:41,0.02091825,-0.8592616,0.02936445,0.5102644,-4.118021,-151.3948,5.343597,0.01462012,0.8656574,0.05858025,-0.4969829,11.65857,-149.8316,6.899017
06.12.2023 14:48:41,0.02101894,-0.8592829,0.02921134,0.5102332,-4.108806,-151.3898,5.362671,0.01406752,0.8656505,0.0584916,-0.4970212,11.61807,-149.8381,6.94928
06.12.2023 14:48:41,0.02102509,-0.8593121,0.02915747,0.5101869,-4.103833,-151.3834,5.366638,0.01351998,0.8656281,0.05852347,-0.4970717,11.58978,-149.8472,7.006073
06.12.2023 14:48:41,0.02101578,-0.8592969,0.02904691,0.5102192,-4.092401,-151.3873,5.37207,0.01309676,0.8655738,0.05861108,-0.4971672,11.57404,-149.8623,7.054047
06.12.2023 14:48:41,0.02102805,-0.8592982,0.02896645,0.5102209,-4.085185,-151.3872,5.377991,0.01302862,0.8656162,0.05850714,-0.4971074,11.55994,-149.8537,7.054382
06.12.2023 14:48:41,0.02109015,-0.8592647,0.02876456,0.5102863,-4.068943,-151.395,5.39563,0.01344186,0.8656083,0.05829722,-0.497135,11.56268,-149.8539,7.001251
06.12.2023 14:48:41,0.02097114,-0.8592504,0.02874358,0.5103163,-4.05992,-151.3992,5.384979,0.01391579,0.8656833,0.05825378,-0.4969962,11.58578,-149.8333,6.950439
06.12.2023 14:48:41,0.02102912,-0.8591751,0.02871182,0.5104424,-4.060241,-151.4158,5.391968,0.01430329,0.8657515,0.05817603,-0.4968756,11.60049,-149.815,6.906403
06.12.2023 14:48:41,0.0209551,-0.8591469,0.02881066,0.5104874,-4.065671,-151.4224,5.378662,0.01451465,0.8657884,0.05806386,-0.4968183,11.60156,-149.8056,6.878418
06.12.2023 14:48:41,0.0209784,-0.8591571,0.02885679,0.5104667,-4.071574,-151.4197,5.378357,0.01454102,0.8658209,0.0581098,-0.4967554,11.60779,-149.7976,6.87796
06.12.2023 14:48:41,0.02094481,-0.859131,0.02893046,0.5105079,-4.076889,-151.4256,5.370514,0.01413517,0.8657633,0.05822195,-0.4968545,11.59549,-149.8133,6.925659
06.12.2023 14:48:41,0.02104438,-0.8591686,0.02887988,0.5104434,-4.077705,-151.4166,5.383606,0.0139735,0.8658273,0.0581713,-0.4967534,11.58145,-149.8,6.93808
06.12.2023 14:48:41,0.02103404,-0.8591602,0.02884212,0.5104601,-4.073383,-151.4187,5.384735,0.01391257,0.8658604,0.05807854,-0.4967083,11.56885,-149.7935,6.938446
06.12.2023 14:48:41,0.02091318,-0.859171,0.02887931,0.5104448,-4.069965,-151.417,5.370697,0.01370051,0.8658987,0.05795737,-0.4966617,11.54477,-149.787,6.952209
06.12.2023 14:48:41,0.02099017,-0.8592035,0.02889616,0.5103859,-4.07611,-151.4091,5.377563,0.01337486,0.865865,0.05789652,-0.4967363,11.51993,-149.7976,6.98172
06.12.2023 14:48:41,0.02081587,-0.8592304,0.02886883,0.5103493,-4.063194,-151.4045,5.362152,0.01329688,0.865849,0.05781096,-0.4967763,11.50687,-149.8025,6.984833
06.12.2023 14:48:41,0.02075415,-0.8592668,0.02888608,0.5102896,-4.061256,-151.3967,5.355347,0.01339069,0.8657737,0.05768734,-0.4969193,11.4996,-149.82,6.969421
06.12.2023 14:48:41,0.02081202,-0.8592736,0.02888677,0.5102759,-4.064707,-151.3947,5.361084,0.01358317,0.8656794,0.05752941,-0.4970967,11.49454,-149.8415,6.942444
06.12.2023 14:48:41,0.02077372,-0.8593485,0.02890112,0.5101503,-4.063827,-151.3781,5.357056,0.01384991,0.8656439,0.05749734,-0.4971549,11.50647,-149.8479,6.914459
06.12.2023 14:48:41,0.0207888,-0.8594024,0.02887665,0.5100603,-4.062258,-151.366,5.360382,0.01400473,0.865584,0.05736549,-0.49727,11.50198,-149.8614,6.892242
06.12.2023 14:48:41,0.0207495,-0.8594427,0.02887685,0.509994,-4.059952,-151.3572,5.356812,0.01389643,0.8655955,0.05742813,-0.4972457,11.50208,-149.8592,6.906494
06.12.2023 14:48:41,0.02076909,-0.8594574,0.02887328,0.5099686,-4.060735,-151.3538,5.35907,0.01343498,0.8655962,0.05741788,-0.4972583,11.47461,-149.8625,6.951965
06.12.2023 14:48:41,0.02070694,-0.8594626,0.02896656,0.5099573,-4.066293,-151.3527,5.347534,0.01316491,0.8657178,0.0573015,-0.4970674,11.448,-149.8371,6.970734
06.12.2023 14:48:41,0.0206166,-0.8594936,0.0289846,0.5099075,-4.062768,-151.3464,5.337799,0.01299402,0.8657874,0.05687681,-0.4969994,11.39618,-149.825,6.962677
06.12.2023 14:48:41,0.02043554,-0.8595167,0.02911846,0.5098683,-4.065364,-151.342,5.312256,0.01285558,0.8658489,0.05659778,-0.4969277,11.36069,-149.8136,6.959808
06.12.2023 14:48:41,0.02037567,-0.8595509,0.02913342,0.5098121,-4.063317,-151.3347,5.305725,0.01246969,0.8658457,0.05669314,-0.4969322,11.34808,-149.8165,7.003815
06.12.2023 14:48:41,0.02026548,-0.8595523,0.0291328,0.5098143,-4.056813,-151.3353,5.294891,0.01240265,0.865883,0.05663629,-0.4968754,11.33871,-149.8087,7.006805
06.12.2023 14:48:41,0.02021905,-0.8596515,0.02925993,0.5096414,-4.066578,-151.3128,5.283661,0.01286693,0.8659495,0.05648737,-0.4967646,11.35071,-149.791,6.951111
06.12.2023 14:48:41,0.02005344,-0.8596705,0.02943112,0.5096062,-4.073771,-151.3091,5.257446,0.01332888,0.8659681,0.056258,-0.4967461,11.35437,-149.7849,6.891663
06.12.2023 14:48:41,0.02002454,-0.8597383,0.02947035,0.5094906,-4.075918,-151.2939,5.252869,0.01339005,0.8660004,0.0560474,-0.4967119,11.33701,-149.7783,6.873169
06.12.2023 14:48:41,0.0200049,-0.8597538,0.029599,0.5094577,-4.087453,-151.2901,5.24353,0.01334672,0.8660762,0.05581264,-0.4966074,11.3114,-149.7626,6.863159
06.12.2023 14:48:41,0.01996384,-0.8597449,0.02963135,0.5094725,-4.088248,-151.2923,5.237518,0.01331627,0.8661331,0.05569011,-0.4965227,11.29767,-149.7504,6.85849
06.12.2023 14:48:41,0.02016697,-0.8598418,0.0295826,0.5093037,-4.095261,-151.2691,5.26123,0.01276956,0.8662447,0.05579226,-0.4963307,11.27701,-149.7278,6.91748
06.12.2023 14:48:41,0.02041759,-0.859878,0.02958539,0.5092325,-4.110157,-151.259,5.286163,0.01249556,0.8662822,0.05576185,-0.4962758,11.25845,-149.7213,6.942657
06.12.2023 14:48:41,0.02067797,-0.8598673,0.02970518,0.5092331,-4.137189,-151.259,5.304871,0.01236059,0.8664328,0.05547645,-0.4960482,11.22287,-149.6892,6.937988
06.12.2023 14:48:41,0.0207751,-0.859908,0.02979479,0.5091551,-4.151678,-151.2487,5.30957,0.01253417,0.8665614,0.05512033,-0.4958589,11.19778,-149.6604,6.898804
06.12.2023 14:48:41,0.02066411,-0.8599297,0.03006411,0.5091071,-4.171754,-151.2436,5.283081,0.01265153,0.8666508,0.05485373,-0.4957291,11.17822,-149.6406,6.870789
06.12.2023 14:48:41,0.02047233,-0.8599819,0.03025788,0.5090154,-4.179647,-151.2326,5.253235,0.01255215,0.8666292,0.05480735,-0.4957746,11.16785,-149.6466,6.878357
06.12.2023 14:48:41,0.0202192,-0.8599786,0.03038711,0.5090232,-4.177619,-151.2347,5.220642,0.01257889,0.8666451,0.05492923,-0.4957326,11.18158,-149.6419,6.882416
06.12.2023 14:48:41,0.02011567,-0.8600106,0.03046897,0.5089685,-4.179637,-151.228,5.205902,0.01268787,0.8666905,0.05508044,-0.4956338,11.20306,-149.6297,6.879547
06.12.2023 14:48:41,0.01992733,-0.8600554,0.03039566,0.5089045,-4.16139,-151.2196,5.191895,0.01282551,0.8667532,0.055091,-0.4955193,11.21222,-149.6141,6.865601
06.12.2023 14:48:41,0.01990401,-0.860074,0.03029801,0.5088797,-4.150385,-151.2159,5.195404,0.01302638,0.8668131,0.05508959,-0.4954094,11.22375,-149.5988,6.844696
06.12.2023 14:48:41,0.01983036,-0.8601338,0.03026363,0.5087836,-4.142671,-151.2032,5.190613,0.01290107,0.8669201,0.05507773,-0.4952267,11.21582,-149.5749,6.855225
06.12.2023 14:48:41,0.01972465,-0.8601548,0.0302279,0.5087544,-4.132967,-151.1994,5.182404,0.01271164,0.8670002,0.05535042,-0.4950611,11.23251,-149.556,6.888611
06.12.2023 14:48:41,0.01968378,-0.8602091,0.03031671,0.5086588,-4.139328,-151.1871,5.173645,0.01239186,0.8669822,0.05558981,-0.4950739,11.2381,-149.5609,6.934387
06.12.2023 14:48:41,0.01976763,-0.8602329,0.03039273,0.5086107,-4.151716,-151.1808,5.177704,0.01216422,0.866941,0.05566763,-0.4951429,11.23273,-149.5715,6.962067
06.12.2023 14:48:41,0.01982513,-0.8603112,0.03052556,0.5084681,-4.168154,-151.1621,5.1763,0.01232521,0.8668163,0.05558934,-0.495366,11.23361,-149.5998,6.943115
06.12.2023 14:48:41,0.01993335,-0.8603078,0.03065029,0.5084622,-4.186779,-151.1616,5.179749,0.01244808,0.8667512,0.05553789,-0.4954826,11.23523,-149.6144,6.928741
06.12.2023 14:48:41,0.01996838,-0.8603729,0.0307104,0.508347,-4.194734,-151.1464,5.180237,0.01233635,0.8667003,0.0555465,-0.4955734,11.22952,-149.6269,6.94104
06.12.2023 14:48:41,0.01995628,-0.8603411,0.0308621,0.5083921,-4.209014,-151.1531,5.169952,0.01192299,0.8665844,0.05559942,-0.4957803,11.21072,-149.6563,6.986786
06.12.2023 14:48:41,0.01996401,-0.8603652,0.03097597,0.5083442,-4.220698,-151.1471,5.164307,0.01202681,0.8666366,0.05545822,-0.4957023,11.20279,-149.6444,6.967743
06.12.2023 14:48:41,0.01982474,-0.8603742,0.031089,0.5083275,-4.223731,-151.1457,5.144012,0.01209703,0.8666244,0.05530627,-0.4957389,11.19159,-149.6477,6.95224
06.12.2023 14:48:41,0.01979545,-0.8603702,0.03121544,0.5083275,-4.234507,-151.1463,5.133728,0.01206351,0.8666129,0.05533189,-0.4957571,11.1922,-149.6504,6.957184
06.12.2023 14:48:41,0.01985129,-0.8604008,0.03111659,0.5082797,-4.227995,-151.1394,5.145264,0.01182769,0.8665789,0.0554615,-0.4958076,11.1915,-149.6591,6.988525
06.12.2023 14:48:41,0.01997546,-0.8604307,0.03114138,0.5082226,-4.237675,-151.1316,5.156372,0.01189594,0.8666086,0.05539614,-0.4957614,11.189,-149.6521,6.977631
06.12.2023 14:48:41,0.02010019,-0.8603548,0.03111727,0.5083476,-4.242592,-151.1479,5.169464,0.01223886,0.8666291,0.05505908,-0.4957547,11.17505,-149.6472,6.923981
06.12.2023 14:48:41,0.02022838,-0.8603176,0.03117838,0.5084016,-4.256114,-151.155,5.178314,0.01244395,0.8666146,0.05484298,-0.495799,11.16516,-149.6505,6.891388
06.12.2023 14:48:41,0.02016476,-0.8603571,0.03137629,0.5083252,-4.271928,-151.1458,5.160828,0.01240135,0.8665907,0.05472624,-0.4958547,11.151,-149.657,6.889313
06.12.2023 14:48:41,0.02014991,-0.8603211,0.03150053,0.5083791,-4.283337,-151.1535,5.151825,0.01214454,0.8665983,0.05481536,-0.4958379,11.14523,-149.6565,6.919922
06.12.2023 14:48:41,0.02008206,-0.8603689,0.03161533,0.5082938,-4.2907,-151.1428,5.138824,0.01189025,0.8666838,0.05494858,-0.4956799,11.14435,-149.6376,6.951843
06.12.2023 14:48:41,0.02015358,-0.8603525,0.03162462,0.5083181,-4.295793,-151.1459,5.145233,0.0116274,0.866684,0.05508709,-0.4956704,11.14316,-149.6384,6.985962
06.12.2023 14:48:42,0.02029245,-0.86028,0.03163487,0.5084347,-4.304926,-151.1611,5.157776,0.01173541,0.8667917,0.05512185,-0.4954755,11.15323,-149.6125,6.9758
06.12.2023 14:48:42,0.02051237,-0.8602746,0.03174162,0.5084283,-4.328295,-151.1602,5.173279,0.01173501,0.8667525,0.05514527,-0.4955415,11.15536,-149.6215,6.977661
06.12.2023 14:48:42,0.02074033,-0.8602846,0.03172781,0.5084029,-4.340224,-151.1562,5.196747,0.01177645,0.8666661,0.05502988,-0.4957045,11.14587,-149.6419,6.968048
06.12.2023 14:48:42,0.02079852,-0.8602518,0.03171846,0.5084568,-4.342709,-151.1632,5.202789,0.01181629,0.8665704,0.05493602,-0.4958812,11.13843,-149.6644,6.9599
06.12.2023 14:48:42,0.02092188,-0.8602102,0.03171348,0.5085222,-4.349431,-151.1716,5.214935,0.01195979,0.8664761,0.05484926,-0.4960522,11.1376,-149.6859,6.941833
06.12.2023 14:48:42,0.02093886,-0.8602129,0.03169274,0.5085185,-4.348374,-151.171,5.217834,0.01196503,0.8665019,0.05484028,-0.4960079,11.13712,-149.6799,6.94046
06.12.2023 14:48:42,0.02095952,-0.860174,0.03165806,0.5085853,-4.346174,-151.1797,5.221558,0.01194977,0.8665056,0.05482691,-0.4960032,11.13492,-149.6792,6.941193
06.12.2023 14:48:42,0.02090509,-0.8601738,0.03169474,0.5085859,-4.346617,-151.1801,5.21405,0.0118618,0.8665978,0.0547422,-0.4958536,11.1218,-149.659,6.944
06.12.2023 14:48:42,0.02081763,-0.8601535,0.03158949,0.5086303,-4.331134,-151.1858,5.211334,0.01173146,0.8666681,0.05462404,-0.4957469,11.10284,-149.6443,6.949432
06.12.2023 14:48:42,0.02093396,-0.8601542,0.03145626,0.5086325,-4.324772,-151.1852,5.230621,0.01149571,0.8667242,0.05457002,-0.4956603,11.08423,-149.6332,6.969238
06.12.2023 14:48:42,0.02083333,-0.8600839,0.03134147,0.5087625,-4.307601,-151.2024,5.226746,0.01156513,0.8667589,0.05459964,-0.4955947,11.09128,-149.6245,6.963562
06.12.2023 14:48:42,0.02086462,-0.8600755,0.03127233,0.5087798,-4.302608,-151.2043,5.233795,0.01151401,0.8667434,0.05460465,-0.4956224,11.08881,-149.6284,6.969116
06.12.2023 14:48:42,0.02085028,-0.8600412,0.03121363,0.5088421,-4.295994,-151.2124,5.235504,0.01120045,0.8666576,0.05479052,-0.4957592,11.08908,-149.6492,7.012054
06.12.2023 14:48:42,0.02088033,-0.8600282,0.03112714,0.508868,-4.28922,-151.2154,5.243408,0.01124587,0.8665938,0.05487898,-0.4958598,11.10025,-149.6631,7.013336
06.12.2023 14:48:42,0.02085416,-0.8599858,0.03108181,0.5089436,-4.283238,-151.2254,5.243073,0.01151854,0.8665101,0.05474822,-0.4960144,11.10245,-149.6816,6.979706
06.12.2023 14:48:42,0.02079347,-0.8599839,0.03102683,0.5089524,-4.27427,-151.2265,5.240265,0.01167065,0.8664704,0.0545099,-0.4961064,11.08722,-149.6912,6.951477
06.12.2023 14:48:42,0.02078877,-0.8599726,0.03091581,0.5089786,-4.263047,-151.2296,5.246155,0.01177245,0.8664855,0.0544536,-0.4960838,11.08746,-149.6874,6.937897
06.12.2023 14:48:42,0.02082397,-0.8600094,0.03096727,0.508912,-4.270162,-151.2208,5.246979,0.01190518,0.86656,0.05432387,-0.4959647,11.08243,-149.6701,6.916351
06.12.2023 14:48:42,0.02089315,-0.8600008,0.03081804,0.5089325,-4.25948,-151.2228,5.262421,0.01154233,0.8666584,0.05445543,-0.4957869,11.0752,-149.6489,6.958862
06.12.2023 14:48:42,0.02093582,-0.8599824,0.0309154,0.5089561,-4.271588,-151.2262,5.260834,0.01093769,0.8667017,0.0546891,-0.4956993,11.06415,-149.6414,7.032013
06.12.2023 14:48:42,0.0210376,-0.8599339,0.03088998,0.5090353,-4.275047,-151.2364,5.271973,0.01055085,0.866649,0.05478093,-0.4957896,11.05099,-149.6555,7.076508
06.12.2023 14:48:42,0.02090362,-0.8599458,0.03090586,0.5090197,-4.268785,-151.2347,5.257904,0.01035603,0.8666286,0.05471565,-0.4958364,11.03326,-149.6618,7.092468
06.12.2023 14:48:42,0.02090836,-0.8599667,0.03093336,0.5089826,-4.271764,-151.2299,5.256927,0.01016123,0.8664966,0.05472945,-0.4960697,11.02298,-149.6936,7.114319
06.12.2023 14:48:42,0.02078792,-0.8599816,0.03091376,0.5089635,-4.262791,-151.2275,5.246277,0.01017661,0.8664455,0.05479683,-0.4961511,11.03033,-149.7049,7.117249
06.12.2023 14:48:42,0.02071575,-0.8599795,0.03082581,0.5089755,-4.2499,-151.2289,5.244232,0.01036451,0.8664653,0.05478502,-0.496114,11.03998,-149.6992,7.097565
06.12.2023 14:48:42,0.02060369,-0.8599632,0.03075219,0.5090119,-4.2361,-151.2338,5.237305,0.01071012,0.8665792,0.05485773,-0.4958996,11.06747,-149.6702,7.065826
06.12.2023 14:48:42,0.02055335,-0.8599492,0.03068293,0.5090418,-4.226332,-151.2376,5.236237,0.01090762,0.8667322,0.05487131,-0.4956264,11.08072,-149.6334,7.044983
06.12.2023 14:48:42,0.02057987,-0.8600339,0.03069968,0.5088966,-4.229495,-151.2182,5.238586,0.01119645,0.8669749,0.0550796,-0.4951721,11.11899,-149.5739,7.024963
06.12.2023 14:48:42,0.02043151,-0.8600333,0.03080035,0.5088975,-4.230767,-151.2191,5.218048,0.0112942,0.8672044,0.05518009,-0.4947566,11.13553,-149.5193,7.018066
06.12.2023 14:48:42,0.02038546,-0.8600444,0.0309681,0.5088705,-4.244629,-151.2163,5.203796,0.01123505,0.8673036,0.05525983,-0.4945752,11.14053,-149.4962,7.027252
06.12.2023 14:48:42,0.02037958,-0.86006,0.03109111,0.5088369,-4.256419,-151.2123,5.196198,0.01112306,0.8673759,0.05540605,-0.4944346,11.14905,-149.4792,7.045837
06.12.2023 14:48:42,0.02040557,-0.8601468,0.0310992,0.5086884,-4.2587,-151.1925,5.199005,0.01085139,0.8672981,0.05553896,-0.494562,11.14651,-149.4982,7.081482
06.12.2023 14:48:42,0.02042692,-0.8601102,0.03114871,0.5087464,-4.264846,-151.2004,5.197937,0.01093581,0.8673668,0.05559392,-0.4944336,11.15707,-149.4814,7.075317
06.12.2023 14:48:42,0.0206787,-0.8601251,0.03112667,0.5087126,-4.27736,-151.1952,5.224274,0.01109703,0.86733,0.05546698,-0.4945087,11.15344,-149.4897,7.05246
06.12.2023 14:48:42,0.02090772,-0.8601646,0.03114018,0.5086356,-4.29204,-151.1844,5.24649,0.01107098,0.8672589,0.05548979,-0.4946315,11.15393,-149.5062,7.057251
06.12.2023 14:48:42,0.0210938,-0.860164,0.03128549,0.5086198,-4.317239,-151.1824,5.25647,0.01118331,0.8671732,0.05531875,-0.4947984,11.14291,-149.5264,7.037384
06.12.2023 14:48:42,0.02107107,-0.8601644,0.03146674,0.5086089,-4.333802,-151.1818,5.243683,0.01121578,0.8670911,0.05510283,-0.4949657,11.12289,-149.5467,7.022919
06.12.2023 14:48:42,0.02094642,-0.8601793,0.03147381,0.5085886,-4.32722,-151.1794,5.231049,0.01128122,0.8670378,0.05491773,-0.495078,11.10794,-149.5597,7.006531
06.12.2023 14:48:42,0.02077635,-0.8602253,0.03155072,0.5085129,-4.324868,-151.1701,5.210114,0.01115181,0.8670371,0.05491149,-0.4950829,11.09991,-149.5608,7.019104
06.12.2023 14:48:42,0.02058641,-0.8601928,0.03144868,0.5085818,-4.303728,-151.1793,5.19696,0.01084935,0.866998,0.05489451,-0.4951601,11.08081,-149.572,7.048859
06.12.2023 14:48:42,0.02049569,-0.860215,0.03129792,0.5085574,-4.283545,-151.1756,5.19696,0.01080321,0.8670205,0.05495507,-0.4951147,11.08432,-149.5666,7.05661
06.12.2023 14:48:42,0.02033067,-0.8602509,0.03115383,0.508512,-4.259682,-151.1694,5.189301,0.01084207,0.8669718,0.05480646,-0.4952158,11.0715,-149.5786,7.044891
06.12.2023 14:48:42,0.02028427,-0.8602492,0.03101487,0.5085254,-4.243258,-151.1707,5.19278,0.01108879,0.8668548,0.05460074,-0.4954378,11.06458,-149.6054,7.01001
06.12.2023 14:48:42,0.02015079,-0.8602164,0.03103465,0.5085849,-4.237436,-151.179,5.178131,0.01149601,0.8666351,0.05449036,-0.4958248,11.07593,-149.6544,6.965759
06.12.2023 14:48:42,0.02014425,-0.8602441,0.03091878,0.5085453,-4.225607,-151.1733,5.184448,0.01176326,0.8664631,0.05448174,-0.4961202,11.08966,-149.6925,6.940704
06.12.2023 14:48:42,0.02009568,-0.8602397,0.03098638,0.5085505,-4.229447,-151.1744,5.17569,0.011688,0.8662688,0.05460026,-0.496448,11.09644,-149.7372,6.957367
06.12.2023 14:48:42,0.02001067,-0.8602849,0.03080485,0.5084885,-4.206554,-151.1656,5.178223,0.01133788,0.8661161,0.05492917,-0.4966862,11.10858,-149.7728,7.012909
06.12.2023 14:48:42,0.02012921,-0.8602882,0.03089359,0.5084728,-4.222228,-151.1636,5.184814,0.01109553,0.8660024,0.05501675,-0.4968803,11.10297,-149.8002,7.043488
06.12.2023 14:48:42,0.02009664,-0.8602543,0.03087216,0.5085327,-4.218225,-151.1715,5.182556,0.010746,0.8659626,0.0550989,-0.4969483,11.09097,-149.8111,7.083527
06.12.2023 14:48:42,0.01999246,-0.8602701,0.03091524,0.5085077,-4.216393,-151.1686,5.169861,0.01048444,0.8660103,0.05513138,-0.4968669,11.07944,-149.8016,7.110901
06.12.2023 14:48:42,0.01991959,-0.8602766,0.03093545,0.5084982,-4.214136,-151.1676,5.16153,0.01020331,0.8660561,0.05525605,-0.496779,11.07599,-149.792,7.145477
06.12.2023 14:48:42,0.01979249,-0.8602393,0.03103035,0.5085606,-4.216099,-151.1766,5.143097,0.009960929,0.8660588,0.05542717,-0.4967603,11.07919,-149.7918,7.179382
06.12.2023 14:48:42,0.01959252,-0.860279,0.03099118,0.5085034,-4.200554,-151.1693,5.125916,0.01004453,0.8660427,0.0555455,-0.4967733,11.0957,-149.7943,7.177979
06.12.2023 14:48:42,0.01962059,-0.8603471,0.03088013,0.5083939,-4.191213,-151.1542,5.135712,0.01049808,0.8659431,0.05547202,-0.4969459,11.11389,-149.8149,7.129791
06.12.2023 14:48:42,0.01961389,-0.8603309,0.03092726,0.5084187,-4.195478,-151.1577,5.132172,0.01087845,0.8658605,0.05533003,-0.4970974,11.12119,-149.8324,7.084747
06.12.2023 14:48:42,0.01965745,-0.8603229,0.03077623,0.5084397,-4.183112,-151.1598,5.145233,0.01137388,0.8658614,0.05522239,-0.4970968,11.13882,-149.8297,7.029175
06.12.2023 14:48:42,0.01968057,-0.8603301,0.03077594,0.5084267,-4.184432,-151.158,5.147583,0.01140588,0.8658461,0.05524406,-0.4971204,11.14276,-149.8329,7.027405
06.12.2023 14:48:42,0.0196373,-0.8603588,0.03077119,0.5083801,-4.181429,-151.1518,5.143799,0.01099491,0.8659307,0.05537792,-0.4969673,11.1329,-149.8152,7.074982
06.12.2023 14:48:42,0.01962776,-0.8604099,0.03092033,0.5082849,-4.195583,-151.1398,5.134613,0.01037967,0.8660533,0.05551624,-0.4967515,11.112,-149.7899,7.142761
06.12.2023 14:48:42,0.01955813,-0.860411,0.03093546,0.5082847,-4.193016,-151.14,5.126862,0.01003988,0.8661698,0.05543585,-0.4965642,11.08505,-149.7656,7.170654
06.12.2023 14:48:42,0.01960607,-0.8604153,0.03088284,0.5082789,-4.190615,-151.1389,5.134705,0.009972341,0.8662499,0.05530493,-0.4964404,11.06848,-149.7483,7.168945
06.12.2023 14:48:42,0.01962592,-0.8603926,0.03076758,0.5083234,-4.1804,-151.1443,5.143188,0.01005153,0.8662831,0.05513854,-0.4963993,11.05658,-149.7411,7.151154
06.12.2023 14:48:42,0.01975931,-0.8604051,0.03080375,0.5082951,-4.191747,-151.1404,5.154388,0.01028959,0.8663342,0.05501059,-0.4963195,11.05765,-149.7286,7.119507
06.12.2023 14:48:42,0.01980566,-0.8603718,0.03077729,0.5083511,-4.191848,-151.1476,5.160248,0.01046243,0.8663729,0.05487641,-0.4962632,11.05432,-149.7194,7.094116
06.12.2023 14:48:42,0.0198568,-0.8603794,0.03091807,0.5083278,-4.208724,-151.145,5.157166,0.01066522,0.8664929,0.05475613,-0.4960626,11.05441,-149.6911,7.065582
06.12.2023 14:48:42,0.0199013,-0.8603318,0.03083879,0.5084113,-4.20351,-151.1557,5.165802,0.01065913,0.8665602,0.05463527,-0.4959584,11.0423,-149.6763,7.058472
06.12.2023 14:48:42,0.01995371,-0.8603131,0.03087011,0.5084391,-4.209664,-151.1594,5.169006,0.01058216,0.8666088,0.05449939,-0.4958901,11.02454,-149.6663,7.057861
06.12.2023 14:48:42,0.01996741,-0.8602901,0.03093345,0.5084738,-4.216723,-151.1642,5.166473,0.01052795,0.8666839,0.05421798,-0.4957909,10.99368,-149.651,7.046356
06.12.2023 14:48:42,0.02011519,-0.8602664,0.03090401,0.5085096,-4.222446,-151.1685,5.182617,0.01058525,0.8666663,0.05392162,-0.4958528,10.96735,-149.6565,7.023987
06.12.2023 14:48:42,0.02016146,-0.8602112,0.03079614,0.5086077,-4.214519,-151.1811,5.193024,0.01064298,0.8666609,0.05383007,-0.4958709,10.96149,-149.658,7.013092
06.12.2023 14:48:42,0.02024708,-0.8602221,0.0307721,0.5085874,-4.217138,-151.1781,5.203003,0.01085151,0.8667445,0.05362367,-0.4957427,10.95316,-149.6385,6.979523
06.12.2023 14:48:42,0.02034822,-0.8602075,0.03075178,0.5086092,-4.221039,-151.1807,5.214081,0.0110417,0.8669115,0.05363573,-0.495445,10.96588,-149.5985,6.959198
06.12.2023 14:48:42,0.02033455,-0.8602143,0.03073474,0.5085992,-4.218557,-151.1793,5.213776,0.01100758,0.8670028,0.0538334,-0.4952645,10.98401,-149.5764,6.972748
06.12.2023 14:48:42,0.0203705,-0.860168,0.03071778,0.5086772,-4.219001,-151.1895,5.217926,0.01088982,0.8670592,0.05388255,-0.4951631,10.98242,-149.5638,6.986603
06.12.2023 14:48:42,0.02036289,-0.8601606,0.03066215,0.5086934,-4.21307,-151.1915,5.220337,0.01078784,0.8670921,0.05395058,-0.4951002,10.98352,-149.5564,7.000244
06.12.2023 14:48:42,0.02031384,-0.8601351,0.03058059,0.5087434,-4.202168,-151.1979,5.220032,0.01096875,0.8671349,0.05373558,-0.4950446,10.97256,-149.5466,6.969452
06.12.2023 14:48:42,0.02033464,-0.860123,0.03060651,0.5087614,-4.205945,-151.2004,5.22049,0.01120016,0.8671799,0.05358729,-0.4949769,10.97113,-149.5356,6.937378
06.12.2023 14:48:42,0.02029278,-0.8600993,0.03054262,0.5088071,-4.197207,-151.2063,5.219849,0.01117905,0.8672253,0.05356582,-0.4948999,10.96796,-149.5253,6.937714
06.12.2023 14:48:42,0.02034523,-0.8601445,0.03060735,0.5087247,-4.206637,-151.1955,5.221649,0.01106435,0.8672028,0.05355901,-0.4949427,10.96066,-149.5313,6.949066
06.12.2023 14:48:42,0.02040213,-0.8601108,0.03072397,0.5087723,-4.221482,-151.2022,5.220215,0.01092657,0.867122,0.0535787,-0.4950853,10.95444,-149.5508,6.964935
06.12.2023 14:48:42,0.02034447,-0.8601161,0.03075135,0.508764,-4.220816,-151.2013,5.212952,0.01081282,0.8670704,0.05361742,-0.495174,10.95163,-149.5633,6.979095
06.12.2023 14:48:42,0.02044096,-0.8601413,0.03083541,0.5087125,-4.234733,-151.1945,5.217834,0.01087354,0.8670431,0.05353456,-0.4952293,10.94672,-149.5697,6.968658
06.12.2023 14:48:42,0.02036675,-0.8601215,0.03087076,0.5087465,-4.233899,-151.1994,5.208252,0.011239,0.8671261,0.05329454,-0.4951017,10.94391,-149.5496,6.917542
06.12.2023 14:48:42,0.020349,-0.8601385,0.03089507,0.5087172,-4.235255,-151.1956,5.205231,0.01156442,0.8671561,0.053188,-0.4950531,10.95197,-149.5411,6.878632
06.12.2023 14:48:42,0.02025815,-0.8601295,0.03087324,0.5087374,-4.227802,-151.1985,5.197449,0.01174835,0.8672451,0.05320171,-0.4948914,10.96414,-149.5192,6.859955
06.12.2023 14:48:42,0.02026641,-0.8601839,0.03081206,0.5086488,-4.222225,-151.1864,5.202271,0.01144196,0.8672119,0.05363962,-0.4949096,10.99026,-149.5262,6.915802
06.12.2023 14:48:42,0.02017326,-0.8601949,0.03077794,0.5086359,-4.213418,-151.1847,5.195129,0.01150013,0.8671739,0.05375347,-0.4949624,11.00479,-149.534,6.916901
06.12.2023 14:48:42,0.02020811,-0.8602306,0.03085799,0.5085692,-4.223338,-151.1761,5.194214,0.01167113,0.8671584,0.0537908,-0.4949814,11.01819,-149.5362,6.90213
06.12.2023 14:48:42,0.02016113,-0.8602701,0.03098007,0.508497,-4.232633,-151.1671,5.18277,0.01177151,0.8671702,0.0539231,-0.4949441,11.03717,-149.532,6.899475
06.12.2023 14:48:42,0.02005919,-0.8603013,0.03110755,0.5084404,-4.239259,-151.1603,5.165527,0.01175665,0.8672116,0.05380062,-0.4948851,11.02426,-149.5232,6.893494
06.12.2023 14:48:43,0.02015204,-0.8603138,0.03107067,0.5084178,-4.24103,-151.1569,5.176971,0.01194685,0.8672822,0.05365527,-0.4947726,11.02084,-149.5064,6.865387
06.12.2023 14:48:43,0.0202707,-0.8603631,0.03099719,0.5083343,-4.240679,-151.1452,5.19342,0.01203839,0.8672785,0.05351271,-0.4947926,11.01184,-149.5076,6.848206
06.12.2023 14:48:43,0.02052641,-0.86033,0.0310115,0.5083792,-4.257019,-151.1506,5.217621,0.01217852,0.8673249,0.0533985,-0.49472,11.00861,-149.4966,6.827148
06.12.2023 14:48:43,0.02084763,-0.8603244,0.03091169,0.5083817,-4.265902,-151.1498,5.255188,0.01242826,0.8673607,0.05312954,-0.4946799,10.99612,-149.4882,6.786499
06.12.2023 14:48:43,0.02093116,-0.860309,0.03092186,0.5084035,-4.271785,-151.1525,5.262756,0.01282201,0.8674166,0.05277228,-0.4946101,10.98309,-149.4747,6.726196
06.12.2023 14:48:43,0.02092704,-0.8602825,0.03106437,0.5084399,-4.285626,-151.158,5.253815,0.01291912,0.8675494,0.05248965,-0.4944046,10.96088,-149.4449,6.698883
06.12.2023 14:48:43,0.02082952,-0.8603123,0.03116174,0.5083875,-4.289535,-151.1516,5.238739,0.01273808,0.8676226,0.05238581,-0.4942921,10.94046,-149.4298,6.710205
06.12.2023 14:48:43,0.0205204,-0.8603121,0.03117037,0.5083998,-4.272357,-151.154,5.207642,0.01250774,0.8677451,0.05252162,-0.4940683,10.94135,-149.4021,6.739441
06.12.2023 14:48:43,0.02040354,-0.8602895,0.03110752,0.5084466,-4.259347,-151.1603,5.199524,0.01262176,0.8678583,0.05241572,-0.4938778,10.93765,-149.3756,6.720703
06.12.2023 14:48:43,0.02021923,-0.8602601,0.03100587,0.50851,-4.238573,-151.1687,5.186951,0.01298513,0.8680533,0.05202535,-0.4935668,10.91998,-149.3301,6.659912
06.12.2023 14:48:43,0.02006738,-0.8602539,0.03085065,0.5085359,-4.214394,-151.1719,5.180908,0.01306999,0.868041,0.05207386,-0.4935811,10.92963,-149.3321,6.654327
06.12.2023 14:48:43,0.02010912,-0.8602907,0.03066524,0.5084833,-4.198515,-151.1641,5.196136,0.01289093,0.8681072,0.05222496,-0.4934534,10.93475,-149.317,6.679962
06.12.2023 14:48:43,0.02004991,-0.8603069,0.0305199,0.508467,-4.180708,-151.1614,5.198853,0.01279837,0.8681546,0.05227784,-0.4933668,10.93494,-149.3063,6.69165
06.12.2023 14:48:43,0.02006007,-0.8603143,0.03049488,0.5084554,-4.178828,-151.1598,5.201385,0.01313731,0.8681977,0.05229415,-0.4932803,10.95596,-149.2938,6.658142
06.12.2023 14:48:43,0.02000707,-0.8603116,0.0304594,0.5084643,-4.172235,-151.1609,5.198181,0.01379501,0.8682119,0.05198732,-0.4932698,10.96271,-149.2877,6.574829
06.12.2023 14:48:43,0.01999755,-0.8603311,0.03041003,0.5084348,-4.1668,-151.1568,5.200256,0.01423066,0.8682625,0.05187289,-0.4931805,10.9762,-149.2734,6.524139
06.12.2023 14:48:43,0.02014693,-0.8603486,0.0305229,0.5083922,-4.186646,-151.1513,5.208618,0.01425019,0.8682858,0.05195894,-0.4931299,10.98596,-149.2673,6.526764
06.12.2023 14:48:43,0.02012857,-0.8603688,0.03053591,0.5083582,-4.186852,-151.1468,5.206207,0.01418296,0.8683745,0.0519501,-0.4929764,10.98154,-149.2472,6.531921
06.12.2023 14:48:43,0.02005663,-0.8604193,0.03054948,0.5082747,-4.183976,-151.1359,5.19873,0.01415014,0.868439,0.05185226,-0.4928742,10.97009,-149.2331,6.5289
06.12.2023 14:48:43,0.02000837,-0.8603851,0.03063817,0.508329,-4.189931,-151.1436,5.188507,0.01412049,0.868449,0.05173261,-0.4928699,10.95651,-149.2317,6.524963
06.12.2023 14:48:43,0.01978551,-0.8603696,0.03067216,0.5083621,-4.180295,-151.1487,5.164337,0.01393185,0.8684863,0.05170183,-0.4928128,10.94284,-149.2245,6.541656
06.12.2023 14:48:43,0.01966301,-0.8604269,0.03059963,0.5082742,-4.165973,-151.137,5.156891,0.01387617,0.8684216,0.05176936,-0.4929212,10.94623,-149.2396,6.551849
06.12.2023 14:48:43,0.01959396,-0.8604353,0.03055388,0.5082654,-4.157427,-151.1358,5.152802,0.01407364,0.8683626,0.05187668,-0.4930083,10.96796,-149.2513,6.538849
06.12.2023 14:48:43,0.01963217,-0.8604431,0.03042179,0.5082586,-4.146612,-151.1342,5.164337,0.01424181,0.8683276,0.05205541,-0.4930463,10.99524,-149.2571,6.532532
06.12.2023 14:48:43,0.01961295,-0.8604468,0.03026795,0.5082623,-4.130302,-151.1342,5.171387,0.01441558,0.8682731,0.0523222,-0.4931088,11.03159,-149.2668,6.530884
06.12.2023 14:48:43,0.01971914,-0.8604284,0.03025056,0.5082904,-4.134784,-151.1376,5.18277,0.01424376,0.8682632,0.05259915,-0.4931018,11.04947,-149.2686,6.563843
06.12.2023 14:48:43,0.01976692,-0.8604414,0.03022383,0.5082681,-4.134927,-151.1344,5.189178,0.01424909,0.868268,0.05279543,-0.4930724,11.0694,-149.2663,6.574341
06.12.2023 14:48:43,0.01981632,-0.8604544,0.03035473,0.5082362,-4.150726,-151.1306,5.186554,0.01437856,0.868331,0.05272269,-0.4929656,11.06967,-149.2511,6.556488
06.12.2023 14:48:43,0.01975939,-0.8604615,0.03038363,0.5082248,-4.150257,-151.1293,5.179291,0.01464588,0.8683288,0.05235528,-0.4930007,11.04816,-149.2519,6.509003
06.12.2023 14:48:43,0.01971235,-0.8603809,0.03042858,0.5083603,-4.151978,-151.1476,5.171356,0.01470537,0.8682796,0.05214218,-0.493108,11.03009,-149.2643,6.491608
06.12.2023 14:48:43,0.01974238,-0.8603786,0.03044955,0.5083619,-4.155801,-151.1479,5.173096,0.01462362,0.868175,0.052153,-0.4932933,11.02621,-149.2892,6.501709
06.12.2023 14:48:43,0.01981603,-0.8603454,0.03043821,0.508416,-4.158988,-151.1548,5.180756,0.01467333,0.8681528,0.05216279,-0.4933299,11.02994,-149.2939,6.497559
06.12.2023 14:48:43,0.01995855,-0.8602832,0.03043733,0.5085155,-4.167238,-151.1678,5.194427,0.01491055,0.8680836,0.05204555,-0.4934571,11.03149,-149.309,6.468018
06.12.2023 14:48:43,0.02000525,-0.8602654,0.03045264,0.5085428,-4.171481,-151.1714,5.197998,0.01518219,0.868086,0.05183009,-0.4934671,11.02542,-149.3077,6.428619
06.12.2023 14:48:43,0.02015508,-0.8601872,0.03055828,0.5086629,-4.190681,-151.1875,5.206055,0.01542432,0.8681071,0.0517353,-0.4934326,11.02979,-149.3015,6.398773
06.12.2023 14:48:43,0.02014505,-0.8602079,0.03067273,0.5086214,-4.201383,-151.1824,5.198578,0.0154557,0.868121,0.05164184,-0.4934169,11.02228,-149.2986,6.390198
06.12.2023 14:48:43,0.02021982,-0.8601605,0.03075776,0.5086935,-4.214156,-151.1922,5.200623,0.01510488,0.8681608,0.05155988,-0.4933663,10.99426,-149.2925,6.420197
06.12.2023 14:48:43,0.02041264,-0.8601672,0.03081959,0.5086707,-4.231508,-151.189,5.216156,0.01495883,0.8681467,0.05142905,-0.4934092,10.97287,-149.2977,6.427582
06.12.2023 14:48:43,0.02046511,-0.8601783,0.03079666,0.5086513,-4.232302,-151.1862,5.222778,0.01475812,0.8681604,0.05131599,-0.4934029,10.95023,-149.2968,6.441132
06.12.2023 14:48:43,0.02052461,-0.8601999,0.03073527,0.508616,-4.229705,-151.1811,5.232422,0.01458572,0.8681894,0.05124127,-0.4933649,10.93304,-149.2918,6.453796
06.12.2023 14:48:43,0.0205469,-0.8601582,0.03078083,0.5086828,-4.235521,-151.1901,5.231628,0.01460681,0.8682451,0.0512147,-0.4932689,10.93176,-149.2788,6.449524
06.12.2023 14:48:43,0.02047622,-0.8601649,0.03063235,0.5086834,-4.21674,-151.1898,5.233337,0.01473793,0.8683451,0.05111358,-0.4930994,10.92941,-149.2552,6.429474
06.12.2023 14:48:43,0.02052994,-0.860179,0.03066937,0.5086552,-4.223521,-151.186,5.236633,0.01506801,0.8684217,0.05085838,-0.4929809,10.92288,-149.2364,6.381104
06.12.2023 14:48:43,0.02049506,-0.8601917,0.030581,0.5086403,-4.212759,-151.1838,5.238403,0.01496011,0.868376,0.05110817,-0.4930389,10.94156,-149.2463,6.406555
06.12.2023 14:48:43,0.02046983,-0.8602066,0.0305823,0.5086162,-4.211408,-151.1806,5.235962,0.01489862,0.8683683,0.05119471,-0.4930453,10.94669,-149.248,6.417694
06.12.2023 14:48:43,0.02051345,-0.8601804,0.03052433,0.5086621,-4.208244,-151.1864,5.243439,0.01490514,0.8682926,0.05135925,-0.4931613,10.96329,-149.2646,6.427246
06.12.2023 14:48:43,0.02046466,-0.8601777,0.03055919,0.5086666,-4.208839,-151.1873,5.236572,0.0152586,0.8681694,0.05122829,-0.493381,10.96991,-149.2914,6.385956
06.12.2023 14:48:43,0.02044594,-0.8601927,0.03058732,0.5086403,-4.210515,-151.1839,5.233185,0.01562195,0.8680449,0.05109941,-0.493602,10.97736,-149.3184,6.343811
06.12.2023 14:48:43,0.02052647,-0.860203,0.0306452,0.508616,-4.220922,-151.1807,5.237885,0.01580675,0.8679181,0.05104853,-0.4938242,10.98242,-149.3468,6.323975
06.12.2023 14:48:43,0.02049947,-0.8601865,0.03073071,0.5086399,-4.227794,-151.1843,5.230103,0.01588396,0.8677461,0.05091524,-0.4941377,10.97305,-149.3871,6.310822
06.12.2023 14:48:43,0.02048545,-0.8602358,0.03071181,0.5085582,-4.225089,-151.1734,5.230225,0.0158177,0.8676847,0.0508755,-0.4942517,10.96515,-149.4021,6.315948
06.12.2023 14:48:43,0.02040418,-0.8602707,0.03068915,0.5085039,-4.218095,-151.1662,5.223785,0.01576305,0.8676584,0.05084166,-0.4943032,10.95859,-149.4088,6.319794
06.12.2023 14:48:43,0.02038895,-0.8602573,0.03065281,0.5085294,-4.213626,-151.1695,5.224274,0.01534344,0.8677362,0.05073923,-0.4941904,10.92471,-149.3946,6.355042
06.12.2023 14:48:43,0.02021433,-0.8602368,0.03057236,0.5085759,-4.195507,-151.1758,5.211487,0.01492057,0.867677,0.05079193,-0.4943018,10.90576,-149.4112,6.401031
06.12.2023 14:48:43,0.02018701,-0.8602496,0.03054093,0.5085573,-4.190805,-151.1732,5.210724,0.01442716,0.8676215,0.05105242,-0.494387,10.9035,-149.4262,6.46582
06.12.2023 14:48:43,0.02008943,-0.8602487,0.03061954,0.5085577,-4.192871,-151.1739,5.196503,0.01416422,0.8675578,0.05113998,-0.4944973,10.89709,-149.4424,6.497833
06.12.2023 14:48:43,0.01999952,-0.8603168,0.03065257,0.5084442,-4.190861,-151.1591,5.186218,0.01475602,0.867518,0.05107504,-0.4945566,10.92419,-149.4477,6.435455
06.12.2023 14:48:43,0.01990371,-0.8603056,0.03073012,0.5084622,-4.192931,-151.162,5.17215,0.01523387,0.8674557,0.05102988,-0.494656,10.94672,-149.4588,6.385834
06.12.2023 14:48:43,0.01990934,-0.8603601,0.03084964,0.5083625,-4.20504,-151.1492,5.166199,0.01555224,0.8674185,0.05110335,-0.4947036,10.97205,-149.4646,6.358612
06.12.2023 14:48:43,0.01996036,-0.8603832,0.03088546,0.5083193,-4.211544,-151.1434,5.169342,0.01556086,0.8674133,0.05143043,-0.4946787,11.00516,-149.4637,6.376343
06.12.2023 14:48:43,0.02012771,-0.8603726,0.03075858,0.5083383,-4.208781,-151.1451,5.193207,0.01552663,0.8674552,0.05156838,-0.4945919,11.01709,-149.4534,6.387085
06.12.2023 14:48:43,0.02047348,-0.8603969,0.0307071,0.5082865,-4.223853,-151.1371,5.230652,0.01552825,0.8675678,0.05147963,-0.4944035,11.00864,-149.4278,6.380524
06.12.2023 14:48:43,0.02066946,-0.8604206,0.03069247,0.5082393,-4.233824,-151.1303,5.251099,0.0154369,0.8676168,0.05123385,-0.4943459,10.97906,-149.4186,6.375153
06.12.2023 14:48:43,0.02077675,-0.8603367,0.03079942,0.5083703,-4.250679,-151.1479,5.254822,0.01515012,0.8677129,0.05118344,-0.4941914,10.95798,-149.3988,6.399811
06.12.2023 14:48:43,0.02074714,-0.8604118,0.03109449,0.5082266,-4.278046,-151.1301,5.235352,0.01462264,0.867761,0.0510915,-0.4941322,10.91895,-149.3921,6.446777
06.12.2023 14:48:43,0.02055466,-0.8604222,0.03124622,0.5082076,-4.281799,-151.1286,5.20755,0.01417966,0.8678141,0.05105422,-0.4940559,10.8902,-149.3832,6.488342
06.12.2023 14:48:43,0.02036957,-0.8603274,0.03143532,0.5083638,-4.28971,-151.1507,5.177429,0.01403486,0.8679197,0.05096869,-0.4938831,10.87375,-149.3602,6.496735
06.12.2023 14:48:43,0.02029851,-0.8603317,0.03149613,0.5083556,-4.291567,-151.15,5.16687,0.01404349,0.8679479,0.05110373,-0.4938194,10.88779,-149.3528,6.503174
06.12.2023 14:48:43,0.02018868,-0.8603842,0.0313456,0.5082805,-4.270284,-151.1396,5.165192,0.01432964,0.8680194,0.05123496,-0.4936719,10.91736,-149.3333,6.48111
06.12.2023 14:48:43,0.02021544,-0.8603938,0.03117343,0.5082736,-4.254844,-151.1379,5.177948,0.01470162,0.8680338,0.05129502,-0.4936294,10.94455,-149.3268,6.447113
06.12.2023 14:48:43,0.02021068,-0.8603702,0.03109449,0.5083187,-4.246781,-151.1436,5.181885,0.01487183,0.8680499,0.05136726,-0.4935885,10.96149,-149.3213,6.43396
06.12.2023 14:48:43,0.0202429,-0.8603829,0.03096268,0.5083039,-4.235643,-151.141,5.192841,0.01521893,0.8680936,0.05131902,-0.4935061,10.9765,-149.3088,6.395966
06.12.2023 14:48:43,0.02016918,-0.860441,0.03094413,0.5082096,-4.229492,-151.1286,5.187103,0.01545188,0.8681242,0.05115778,-0.4934618,10.97372,-149.3009,6.36319
06.12.2023 14:48:43,0.02009955,-0.860472,0.03088111,0.5081637,-4.219199,-151.1223,5.184113,0.01611682,0.8681074,0.05073896,-0.4935133,10.96964,-149.3023,6.273163
06.12.2023 14:48:43,0.02016081,-0.8604895,0.03091092,0.5081298,-4.225708,-151.1178,5.188599,0.01635955,0.8681445,0.05037268,-0.4934775,10.94696,-149.294,6.227722
06.12.2023 14:48:43,0.02020297,-0.8605223,0.03098051,0.5080683,-4.235023,-151.1098,5.188995,0.01607839,0.8681018,0.05049042,-0.49355,10.94263,-149.3054,6.263031
06.12.2023 14:48:43,0.02026751,-0.8605155,0.0309677,0.5080782,-4.237523,-151.1109,5.196075,0.01516613,0.8680641,0.05084351,-0.4936088,10.92596,-149.319,6.374756
06.12.2023 14:48:43,0.02020428,-0.8605356,0.0310975,0.5080386,-4.246647,-151.1063,5.182434,0.01469176,0.868053,0.05114195,-0.4936119,10.92877,-149.3233,6.439209
06.12.2023 14:48:43,0.02020686,-0.8605438,0.03101873,0.5080295,-4.239017,-151.1048,5.187347,0.01443476,0.8680459,0.05124281,-0.4936215,10.92422,-149.3263,6.470734
06.12.2023 14:48:43,0.01997088,-0.8605064,0.03102438,0.5081018,-4.225832,-151.115,5.16333,0.0144585,0.8680465,0.05110244,-0.4936344,10.91156,-149.3268,6.460388
06.12.2023 14:48:43,0.01975986,-0.8605182,0.03098732,0.5080925,-4.209868,-151.1141,5.144684,0.01486875,0.8680784,0.050931,-0.4935838,10.91785,-149.3174,6.409271
06.12.2023 14:48:43,0.01958969,-0.8605306,0.03084681,0.5080866,-4.186073,-151.1131,5.136108,0.0151542,0.8680766,0.05095451,-0.4935758,10.9364,-149.3155,6.38205
06.12.2023 14:48:43,0.01949871,-0.8605014,0.0307084,0.5081478,-4.167111,-151.1209,5.134918,0.01524192,0.8681028,0.05113043,-0.4935087,10.95901,-149.3077,6.382904
06.12.2023 14:48:43,0.01956971,-0.8605491,0.03049916,0.508077,-4.150577,-151.1105,5.15451,0.01527306,0.8681492,0.05128369,-0.4934102,10.97623,-149.2957,6.387878
06.12.2023 14:48:43,0.01959353,-0.860485,0.03039845,0.5081906,-4.142042,-151.1252,5.162201,0.01526382,0.8681222,0.05132464,-0.4934539,10.97971,-149.3018,6.391449
06.12.2023 14:48:43,0.01961772,-0.8604941,0.03036731,0.5081761,-4.140375,-151.123,5.166473,0.0154527,0.8681101,0.0512454,-0.4934775,10.98248,-149.3036,6.368225
06.12.2023 14:48:43,0.0196314,-0.8605068,0.03042747,0.5081504,-4.147108,-151.1198,5.164429,0.01531492,0.8680885,0.05119503,-0.493525,10.96957,-149.3101,6.379425
06.12.2023 14:48:43,0.01960099,-0.860499,0.03045691,0.5081631,-4.148244,-151.1217,5.159637,0.01506455,0.8680398,0.05124812,-0.4936128,10.96051,-149.323,6.408081
06.12.2023 14:48:43,0.01949418,-0.8605045,0.03055908,0.5081516,-4.152102,-151.1208,5.143188,0.01520858,0.8681006,0.05115364,-0.4935112,10.95944,-149.3083,6.387573
06.12.2023 14:48:43,0.01942666,-0.8605141,0.03056282,0.5081379,-4.148533,-151.1192,5.136353,0.01541185,0.868139,0.05099483,-0.4934539,10.95523,-149.2988,6.357788
06.12.2023 14:48:44,0.01945081,-0.8604497,0.03052786,0.5082481,-4.146507,-151.1337,5.140259,0.01548345,0.8681957,0.05090006,-0.4933616,10.94998,-149.2856,6.344574
06.12.2023 14:48:44,0.01962776,-0.8604255,0.03057986,0.5082792,-4.161966,-151.1376,5.154541,0.01518673,0.8682259,0.05100075,-0.4933074,10.94327,-149.2802,6.379608
06.12.2023 14:48:44,0.01969274,-0.8604181,0.03054204,0.5082913,-4.162023,-151.1389,5.163116,0.0147926,0.8682404,0.05111488,-0.493282,10.93234,-149.2791,6.425323
06.12.2023 14:48:44,0.01969848,-0.8603977,0.03060296,0.508322,-4.168379,-151.1433,5.159973,0.01451712,0.8682074,0.05120179,-0.4933392,10.92526,-149.2883,6.458221
06.12.2023 14:48:44,0.01967986,-0.8603868,0.03064822,0.5083385,-4.171764,-151.1457,5.155426,0.01446714,0.8681507,0.05121227,-0.4934394,10.92331,-149.3018,6.464508
06.12.2023 14:48:44,0.01970431,-0.8604047,0.03064447,0.5083074,-4.172814,-151.1415,5.158203,0.01442138,0.8682129,0.05124746,-0.4933275,10.92441,-149.2874,6.470306
06.12.2023 14:48:44,0.01969216,-0.8604341,0.03068721,0.5082556,-4.176317,-151.1348,5.154755,0.01445444,0.8681747,0.05133719,-0.4933845,10.93512,-149.2956,6.472534
06.12.2023 14:48:44,0.01981244,-0.8604158,0.03068767,0.5082819,-4.183381,-151.138,5.166473,0.01470569,0.8681924,0.05127799,-0.493352,10.94354,-149.2899,6.443817
06.12.2023 14:48:44,0.01979693,-0.8603943,0.03069363,0.5083184,-4.183072,-151.1429,5.164429,0.01496179,0.8682098,0.05121339,-0.4933206,10.95169,-149.2844,6.414337
06.12.2023 14:48:44,0.01996393,-0.8603824,0.03071189,0.508331,-4.194618,-151.1443,5.17981,0.01502266,0.8681779,0.05124204,-0.4933718,10.95792,-149.2912,6.410248
06.12.2023 14:48:44,0.02001285,-0.8604233,0.03070902,0.50826,-4.197172,-151.1347,5.18515,0.01485536,0.868179,0.05136063,-0.4933625,10.96027,-149.2914,6.433685
06.12.2023 14:48:44,0.02000425,-0.8603847,0.0307045,0.5083259,-4.196238,-151.1435,5.184235,0.01493592,0.8682149,0.05138949,-0.493294,10.9678,-149.2823,6.426819
06.12.2023 14:48:44,0.02006776,-0.8603953,0.0308706,0.5082955,-4.216336,-151.14,5.180939,0.01505224,0.868211,0.05130824,-0.4933059,10.96631,-149.2828,6.410614
06.12.2023 14:48:44,0.02008877,-0.860365,0.03093372,0.5083421,-4.223802,-151.1464,5.179108,0.01529918,0.8682122,0.05121279,-0.493306,10.97079,-149.2813,6.380493
06.12.2023 14:48:44,0.02010757,-0.8603823,0.03095698,0.5083107,-4.22719,-151.1422,5.179749,0.01537659,0.8682288,0.05101443,-0.4932949,10.95541,-149.278,6.361359
06.12.2023 14:48:44,0.02012838,-0.8603485,0.03107477,0.5083598,-4.240042,-151.1492,5.174683,0.01521267,0.8681577,0.05106943,-0.4934193,10.95142,-149.2955,6.381714
06.12.2023 14:48:44,0.02019005,-0.8603156,0.03108083,0.5084126,-4.244249,-151.1562,5.180176,0.01507114,0.8681198,0.05117175,-0.4934798,10.95349,-149.3047,6.40213
06.12.2023 14:48:44,0.02014247,-0.8603561,0.03118465,0.5083397,-4.251709,-151.147,5.169739,0.01486528,0.8681546,0.05126707,-0.4934148,10.95142,-149.2976,6.427704
06.12.2023 14:48:44,0.0202579,-0.8603214,0.03120893,0.5083924,-4.26085,-151.1538,5.179474,0.01488425,0.8681747,0.05112883,-0.4933933,10.93875,-149.2936,6.417755
06.12.2023 14:48:44,0.02028936,-0.8603217,0.03131823,0.5083838,-4.273475,-151.153,5.176239,0.01492728,0.868144,0.05099853,-0.4934595,10.9281,-149.3013,6.406433
06.12.2023 14:48:44,0.02031777,-0.8603001,0.03136663,0.5084164,-4.279917,-151.1575,5.176056,0.01503245,0.8681151,0.05087457,-0.4935201,10.9216,-149.308,6.389252
06.12.2023 14:48:44,0.02020106,-0.8602635,0.03135048,0.5084839,-4.271527,-151.1667,5.165131,0.0151604,0.8681471,0.05067876,-0.4934798,10.90942,-149.3008,6.36499
06.12.2023 14:48:44,0.02006422,-0.8603221,0.03131434,0.5083923,-4.259959,-151.1547,5.154175,0.01521385,0.8680771,0.05060773,-0.4936087,10.90515,-149.3171,6.356476
06.12.2023 14:48:44,0.0199556,-0.8603201,0.03137934,0.5083961,-4.260041,-151.1557,5.139618,0.01510395,0.8680448,0.05080434,-0.4936488,10.91846,-149.3242,6.378998
06.12.2023 14:48:44,0.0199161,-0.8603138,0.0313966,0.5084071,-4.259442,-151.1574,5.134644,0.01502466,0.868068,0.05088399,-0.4936022,10.92197,-149.3189,6.391144
06.12.2023 14:48:44,0.01970251,-0.8603747,0.03139486,0.5083126,-4.246798,-151.1453,5.114105,0.01505178,0.8681244,0.0507325,-0.4935176,10.90854,-149.3065,6.379181
06.12.2023 14:48:44,0.01976765,-0.8603963,0.03151769,0.5082658,-4.262717,-151.1394,5.113617,0.01520468,0.8681855,0.05047115,-0.4934323,10.8913,-149.2928,6.348389
06.12.2023 14:48:44,0.01974149,-0.860398,0.03161416,0.508258,-4.270717,-151.1388,5.105408,0.01500402,0.8681837,0.05043658,-0.4934451,10.87646,-149.2949,6.366516
06.12.2023 14:48:44,0.01977333,-0.8604434,0.03173493,0.5081723,-4.284487,-151.1278,5.101929,0.01491478,0.8681716,0.05047452,-0.4934652,10.87515,-149.2981,6.377747
06.12.2023 14:48:44,0.01993951,-0.8604816,0.03168162,0.5081044,-4.288905,-151.1181,5.121796,0.01483171,0.8681254,0.05049782,-0.4935467,10.87262,-149.3094,6.387939
06.12.2023 14:48:44,0.02014598,-0.8605274,0.03168101,0.5080187,-4.300868,-151.1062,5.14267,0.01493108,0.8681112,0.05047485,-0.493571,10.87592,-149.3121,6.376862
06.12.2023 14:48:44,0.02045915,-0.8604986,0.0316608,0.5080563,-4.317135,-151.1104,5.174622,0.0151868,0.8681432,0.05043425,-0.4935111,10.88651,-149.303,6.348602
06.12.2023 14:48:44,0.02057969,-0.8604682,0.03168828,0.5081012,-4.326886,-151.1162,5.184723,0.01536346,0.8682137,0.05021368,-0.493404,10.87469,-149.2866,6.317596
06.12.2023 14:48:44,0.02048987,-0.8605124,0.03186779,0.5080187,-4.33936,-151.1062,5.165771,0.0153195,0.8682154,0.05011231,-0.4934127,10.86209,-149.2871,6.316254
06.12.2023 14:48:44,0.02032853,-0.8605228,0.03200331,0.5079992,-4.343335,-151.1045,5.141998,0.01501553,0.8682107,0.05013256,-0.4934283,10.84683,-149.2904,6.34787
06.12.2023 14:48:44,0.02014105,-0.8605128,0.03215754,0.5080138,-4.347639,-151.1076,5.11438,0.01459657,0.8681784,0.05016962,-0.4934939,10.82666,-149.3008,6.392273
06.12.2023 14:48:44,0.01993211,-0.8605193,0.0322201,0.508007,-4.341636,-151.1075,5.090088,0.01449181,0.8682268,0.05012522,-0.4934164,10.81641,-149.2906,6.399689
06.12.2023 14:48:44,0.01980222,-0.8604601,0.03213549,0.5081177,-4.325718,-151.1222,5.081635,0.01493096,0.8682299,0.05001969,-0.4934084,10.83081,-149.2872,6.349731
06.12.2023 14:48:44,0.01974279,-0.8605232,0.03197874,0.5080231,-4.306767,-151.1091,5.085419,0.01517437,0.8682734,0.05009225,-0.4933172,10.85199,-149.2748,6.328949
06.12.2023 14:48:44,0.01971823,-0.8605162,0.03183623,0.5080448,-4.291264,-151.1114,5.091187,0.0151119,0.8682953,0.05029073,-0.4932604,10.86832,-149.269,6.346161
06.12.2023 14:48:44,0.01975979,-0.8605533,0.03171975,0.5079877,-4.282177,-151.1032,5.102386,0.01505783,0.8683702,0.05052601,-0.493106,10.88895,-149.2505,6.363953
06.12.2023 14:48:44,0.01965386,-0.8606174,0.03166659,0.5078865,-4.270741,-151.0897,5.095551,0.01517919,0.8684645,0.05058585,-0.4929301,10.90207,-149.2273,6.354065
06.12.2023 14:48:44,0.01961749,-0.8606073,0.03164117,0.5079066,-4.266113,-151.0924,5.093323,0.01531117,0.8685452,0.05057753,-0.4927847,10.90897,-149.2075,6.339417
06.12.2023 14:48:44,0.01959945,-0.8606449,0.03157175,0.507848,-4.2582,-151.0843,5.095886,0.01538094,0.8685739,0.05067182,-0.4927222,10.92239,-149.1997,6.337402
06.12.2023 14:48:44,0.01971174,-0.8606729,0.03167397,0.5077897,-4.274832,-151.0767,5.101318,0.01543292,0.8685555,0.05065935,-0.4927543,10.92407,-149.2037,6.331726
06.12.2023 14:48:44,0.01976989,-0.8606982,0.0317032,0.5077428,-4.281102,-151.0704,5.105591,0.01520664,0.8685156,0.05080669,-0.4928167,10.92584,-149.2138,6.363159
06.12.2023 14:48:44,0.0198202,-0.8606719,0.03162195,0.5077906,-4.276015,-151.0763,5.115082,0.01523209,0.8684677,0.05080073,-0.4929007,10.92654,-149.2248,6.36087
06.12.2023 14:48:44,0.01972404,-0.8606482,0.03164998,0.5078325,-4.273185,-151.0823,5.103729,0.0153729,0.8684625,0.05056726,-0.4929295,10.91119,-149.2264,6.333649
06.12.2023 14:48:44,0.01961979,-0.8606839,0.03167734,0.5077745,-4.269805,-151.0749,5.092102,0.01554185,0.8684345,0.05039391,-0.4929914,10.90341,-149.2327,6.307281
06.12.2023 14:48:44,0.01959661,-0.8606313,0.03173141,0.507861,-4.273804,-151.0867,5.086212,0.01553181,0.8684776,0.05036581,-0.4929186,10.90015,-149.2229,6.306183
06.12.2023 14:48:44,0.01939886,-0.8606309,0.03166074,0.5078738,-4.255301,-151.0886,5.07074,0.01529427,0.8684508,0.05051858,-0.4929577,10.90186,-149.23,6.338898
06.12.2023 14:48:44,0.01933039,-0.8606485,0.03153524,0.5078545,-4.238915,-151.0857,5.071411,0.01510992,0.868381,0.05070105,-0.4930677,10.90942,-149.2466,6.3685
06.12.2023 14:48:44,0.01936853,-0.8606288,0.03137735,0.507896,-4.225549,-151.0905,5.084198,0.01521914,0.8683904,0.05079468,-0.4930378,10.92499,-149.2429,6.362732
06.12.2023 14:48:44,0.01948528,-0.8605856,0.03112326,0.5079805,-4.20727,-151.1004,5.110168,0.01520532,0.8683467,0.05078963,-0.4931159,10.92358,-149.2533,6.36438
06.12.2023 14:48:44,0.01953046,-0.8605524,0.03107993,0.5080376,-4.205631,-151.1077,5.116882,0.01516044,0.8682846,0.05086232,-0.493219,10.92813,-149.2676,6.373718
06.12.2023 14:48:44,0.01956824,-0.8605509,0.03110947,0.5080369,-4.210752,-151.1076,5.118896,0.01524428,0.8682358,0.05086894,-0.4933018,10.93341,-149.2783,6.366302
06.12.2023 14:48:44,0.01949409,-0.8605978,0.03118031,0.507956,-4.213414,-151.0973,5.107819,0.01553874,0.8682236,0.05056008,-0.4933457,10.91925,-149.2808,6.319519
06.12.2023 14:48:44,0.01950422,-0.8606171,0.03126402,0.5079176,-4.222267,-151.0925,5.104126,0.01573622,0.8681905,0.05041504,-0.4934127,10.91589,-149.2879,6.291962
06.12.2023 14:48:44,0.01948049,-0.8605685,0.03130428,0.5079985,-4.224869,-151.1035,5.09903,0.01546213,0.8681428,0.05055788,-0.4934905,10.91446,-149.3002,6.328033
06.12.2023 14:48:44,0.01939571,-0.8605678,0.03115834,0.5080119,-4.205517,-151.1049,5.099091,0.01528024,0.8681281,0.05055615,-0.4935223,10.90393,-149.305,6.346313
06.12.2023 14:48:44,0.01944789,-0.860533,0.03120871,0.5080658,-4.21354,-151.1122,5.101044,0.01551896,0.8680583,0.0502879,-0.4936651,10.89053,-149.3211,6.308105
06.12.2023 14:48:44,0.01961995,-0.8605205,0.03109269,0.5080874,-4.212116,-151.1142,5.124725,0.01573376,0.8680391,0.05012583,-0.4937084,10.88651,-149.3249,6.277679
06.12.2023 14:48:44,0.01974178,-0.8604718,0.03110301,0.5081644,-4.22025,-151.1242,5.135803,0.01589888,0.8679966,0.05002382,-0.4937882,10.88559,-149.3342,6.25589
06.12.2023 14:48:44,0.01971629,-0.8604686,0.03108313,0.5081722,-4.216802,-151.1252,5.134399,0.01588172,0.867941,0.05003449,-0.4938854,10.88553,-149.3472,6.258881
06.12.2023 14:48:44,0.01968881,-0.8604693,0.03114594,0.5081682,-4.221401,-151.125,5.128021,0.01580946,0.8679456,0.05010543,-0.4938725,10.88852,-149.3462,6.27005
06.12.2023 14:48:44,0.01968066,-0.8604084,0.03120379,0.5082681,-4.226653,-151.1386,5.123352,0.01573336,0.8678914,0.0504263,-0.4939375,10.91608,-149.3575,6.296478
06.12.2023 14:48:44,0.01967254,-0.8604341,0.03112975,0.5082296,-4.218863,-151.1332,5.127075,0.01580784,0.867943,0.05057546,-0.4938292,10.93533,-149.344,6.296814
06.12.2023 14:48:44,0.0197516,-0.8604394,0.03118419,0.5082141,-4.228846,-151.1311,5.131775,0.01584587,0.8680035,0.0507086,-0.4937079,10.95096,-149.3288,6.299805
06.12.2023 14:48:44,0.01978246,-0.8604349,0.03115711,0.508222,-4.227973,-151.132,5.136353,0.0156116,0.8681018,0.05098916,-0.4935135,10.96591,-149.306,6.337921
06.12.2023 14:48:44,0.0198029,-0.8604113,0.03116688,0.5082607,-4.230135,-151.1371,5.137634,0.01542392,0.8681736,0.05110261,-0.4933814,10.96677,-149.29,6.362274
06.12.2023 14:48:44,0.01981178,-0.8603848,0.03114378,0.5083066,-4.228381,-151.1432,5.139618,0.01537509,0.8681889,0.0512034,-0.4933456,10.97409,-149.2862,6.37265
06.12.2023 14:48:44,0.01982955,-0.8603947,0.03121276,0.5082849,-4.236224,-151.1405,5.137451,0.01541297,0.868207,0.05112607,-0.4933206,10.96857,-149.2821,6.364288
06.12.2023 14:48:44,0.01989106,-0.8603929,0.03122893,0.5082846,-4.241408,-151.1404,5.142578,0.01575221,0.8682057,0.05088681,-0.493337,10.96396,-149.2813,6.316803
06.12.2023 14:48:44,0.01991312,-0.8603905,0.03114124,0.5082931,-4.234038,-151.1411,5.149872,0.01605043,0.8681397,0.05076835,-0.4934557,10.96887,-149.2951,6.281067
06.12.2023 14:48:44,0.01990783,-0.8604183,0.03118247,0.5082438,-4.237792,-151.1347,5.147156,0.01594813,0.8680572,0.0506974,-0.4936114,10.95578,-149.3156,6.2883
06.12.2023 14:48:44,0.01999339,-0.8603909,0.03120366,0.5082856,-4.244881,-151.1402,5.154175,0.01575523,0.8680018,0.05074435,-0.4937101,10.94937,-149.3297,6.310944
06.12.2023 14:48:44,0.01993378,-0.860383,0.03124363,0.5082989,-4.245353,-151.1423,5.145874,0.01562943,0.868007,0.05061251,-0.4937185,10.92908,-149.3302,6.31601
06.12.2023 14:48:44,0.0200694,-0.8603393,0.03125324,0.5083668,-4.254224,-151.151,5.158386,0.01564177,0.8680281,0.050529,-0.4936896,10.92148,-149.3257,6.309784
06.12.2023 14:48:44,0.0200236,-0.8603885,0.03122442,0.5082873,-4.248693,-151.1404,5.155945,0.01571568,0.8680332,0.05047336,-0.493684,10.92014,-149.3243,6.299194
06.12.2023 14:48:44,0.02013662,-0.8603585,0.03130041,0.5083287,-4.262795,-151.146,5.162476,0.01567308,0.8680247,0.0505398,-0.4936934,10.92435,-149.3262,6.307312
06.12.2023 14:48:44,0.02011126,-0.8603505,0.03127806,0.5083447,-4.259113,-151.1481,5.161194,0.01576371,0.8680726,0.05054081,-0.4936062,10.92972,-149.3143,6.297729
06.12.2023 14:48:44,0.02013516,-0.860361,0.03130426,0.5083243,-4.263089,-151.1454,5.162109,0.01620929,0.8679983,0.05014645,-0.4937627,10.91547,-149.3306,6.23172
06.12.2023 14:48:44,0.02005053,-0.8603239,0.03130926,0.5083901,-4.258659,-151.1544,5.153137,0.01659256,0.8679302,0.04961226,-0.4939236,10.88379,-149.3467,6.163971
06.12.2023 14:48:44,0.01989071,-0.860328,0.0312519,0.508393,-4.243674,-151.155,5.140686,0.01636944,0.8678758,0.04967785,-0.49402,10.8775,-149.3607,6.190674
06.12.2023 14:48:44,0.01981754,-0.8602973,0.03122433,0.5084496,-4.236691,-151.1626,5.134796,0.0162292,0.8678575,0.0497206,-0.4940524,10.87375,-149.3658,6.207336
06.12.2023 14:48:44,0.01981186,-0.8603146,0.03124273,0.5084194,-4.238173,-151.1586,5.133301,0.01610261,0.86797,0.04994423,-0.4938364,10.88916,-149.3392,6.231323
06.12.2023 14:48:44,0.0197995,-0.8603179,0.03137565,0.508406,-4.250571,-151.1574,5.124359,0.01608505,0.8680673,0.05002496,-0.4936578,10.89645,-149.3163,6.236481
06.12.2023 14:48:44,0.01973579,-0.8603297,0.03143221,0.5083851,-4.252436,-151.155,5.114868,0.01631896,0.8681694,0.04990402,-0.4934828,10.89792,-149.2914,6.204987
06.12.2023 14:48:44,0.01974156,-0.8603726,0.0315813,0.508303,-4.267482,-151.1447,5.107117,0.01683451,0.868184,0.0496882,-0.4934615,10.9057,-149.2852,6.141022
06.12.2023 14:48:44,0.01978343,-0.8604515,0.03157727,0.508168,-4.269509,-151.1266,5.112152,0.0170686,0.8681628,0.04957235,-0.4935024,10.90738,-149.289,6.111298
06.12.2023 14:48:45,0.01987408,-0.8604129,0.03159412,0.5082287,-4.276466,-151.1345,5.119843,0.0169261,0.8680726,0.04975021,-0.4936481,10.91684,-149.3101,6.136688
06.12.2023 14:48:45,0.02018059,-0.8604494,0.03143325,0.5081648,-4.278446,-151.1246,5.159851,0.01676708,0.8680339,0.04985705,-0.4937106,10.91837,-149.3197,6.159119
06.12.2023 14:48:45,0.02046256,-0.8604298,0.03149208,0.5081833,-4.3007,-151.1266,5.184204,0.01692022,0.8680512,0.04976786,-0.4936843,10.91821,-149.315,6.13855
06.12.2023 14:48:45,0.02067126,-0.8604153,0.03155164,0.5081955,-4.318754,-151.128,5.201263,0.01693283,0.8680416,0.04949897,-0.4937275,10.89206,-149.3187,6.122192
06.12.2023 14:48:45,0.02073707,-0.8604313,0.03165488,0.5081595,-4.332777,-151.1234,5.201935,0.0168923,0.8680649,0.04940668,-0.4936972,10.88062,-149.3142,6.120758
06.12.2023 14:48:45,0.02061564,-0.8604462,0.0318438,0.5081273,-4.344345,-151.1203,5.179047,0.0167079,0.8680538,0.04915863,-0.4937479,10.84534,-149.3198,6.125336
06.12.2023 14:48:45,0.02042108,-0.8604488,0.03192831,0.5081254,-4.341345,-151.1208,5.154877,0.0163829,0.8680117,0.04912669,-0.4938359,10.82361,-149.3323,6.156555
06.12.2023 14:48:45,0.02023237,-0.8604175,0.03204699,0.5081786,-4.34207,-151.1289,5.129028,0.01620671,0.868001,0.04916542,-0.4938565,10.81741,-149.3359,6.176483
06.12.2023 14:48:45,0.02003508,-0.8603732,0.03198669,0.5082651,-4.324623,-151.1407,5.11261,0.01616923,0.8680291,0.04918504,-0.4938065,10.81732,-149.3296,6.18103
06.12.2023 14:48:45,0.01998353,-0.8603442,0.03188758,0.5083225,-4.311838,-151.148,5.113037,0.01631979,0.8680807,0.04932402,-0.493697,10.83987,-149.3156,6.173187
06.12.2023 14:48:45,0.01994616,-0.8603725,0.03180617,0.5082811,-4.301615,-151.1422,5.114288,0.0167257,0.8681234,0.04931278,-0.4936096,10.86191,-149.3025,6.131439
06.12.2023 14:48:45,0.01985244,-0.8604157,0.03165206,0.5082214,-4.280924,-151.1338,5.114349,0.01680182,0.8681694,0.04927904,-0.4935293,10.86298,-149.2914,6.121338
06.12.2023 14:48:45,0.01977521,-0.8604209,0.03159664,0.508219,-4.270948,-151.1335,5.109955,0.01664834,0.8681523,0.04941516,-0.4935509,10.8678,-149.2957,6.144623
06.12.2023 14:48:45,0.01971487,-0.8604128,0.03156319,0.5082369,-4.264129,-151.1359,5.105865,0.01648406,0.8681362,0.04956004,-0.4935702,10.87289,-149.2999,6.169434
06.12.2023 14:48:45,0.01964898,-0.8604763,0.03157179,0.5081317,-4.261123,-151.122,5.099365,0.01656471,0.8681145,0.04957947,-0.4936039,10.87936,-149.3042,6.16272
06.12.2023 14:48:45,0.01965122,-0.8605461,0.03147358,0.5080194,-4.251542,-151.1066,5.105896,0.01681704,0.868135,0.04946502,-0.4935707,10.88232,-149.2981,6.130737
06.12.2023 14:48:45,0.01972073,-0.8605465,0.0314981,0.5080144,-4.258016,-151.1059,5.111359,0.01710643,0.8681322,0.04933165,-0.4935789,10.88544,-149.2973,6.094269
06.12.2023 14:48:45,0.01972029,-0.8605735,0.03148438,0.5079696,-4.256629,-151.0999,5.112335,0.01738509,0.8681092,0.04911613,-0.4936314,10.8797,-149.3017,6.054474
06.12.2023 14:48:45,0.01978101,-0.8605527,0.03147352,0.5080032,-4.2591,-151.1042,5.118805,0.01725812,0.8681093,0.04916138,-0.4936309,10.87698,-149.3024,6.069733
06.12.2023 14:48:45,0.01973115,-0.8605629,0.03147928,0.5079874,-4.256762,-151.1022,5.113617,0.016998,0.8680825,0.04920186,-0.4936832,10.86621,-149.3105,6.098389
06.12.2023 14:48:45,0.01959969,-0.8605811,0.03156399,0.5079564,-4.257459,-151.0987,5.095825,0.01673395,0.8680529,0.04925293,-0.4937392,10.85623,-149.3192,6.128052
06.12.2023 14:48:45,0.01945269,-0.8605969,0.03162324,0.5079318,-4.254741,-151.096,5.077972,0.01651099,0.8681045,0.04935756,-0.4936454,10.85413,-149.3083,6.15567
06.12.2023 14:48:45,0.01926077,-0.8606039,0.03158344,0.5079297,-4.239624,-151.0961,5.06134,0.01656796,0.8681882,0.04931869,-0.4935002,10.85367,-149.2886,6.14679
06.12.2023 14:48:45,0.01919734,-0.8605996,0.03143084,0.5079488,-4.220859,-151.0981,5.063873,0.01659118,0.8681991,0.04930229,-0.493482,10.85339,-149.286,6.143402
06.12.2023 14:48:45,0.01928573,-0.8606385,0.0312498,0.5078906,-4.208127,-151.0894,5.083496,0.01672836,0.8682107,0.04934335,-0.4934528,10.8653,-149.282,6.131836
06.12.2023 14:48:45,0.01929476,-0.8606708,0.03115383,0.5078415,-4.19917,-151.0824,5.09021,0.01691205,0.8682224,0.04944651,-0.4934156,10.88605,-149.2772,6.119141
06.12.2023 14:48:45,0.01933504,-0.8606357,0.03110703,0.5079024,-4.196902,-151.0902,5.096649,0.01699271,0.8681796,0.04955678,-0.4934771,10.90155,-149.2858,6.117798
06.12.2023 14:48:45,0.01936366,-0.8606782,0.03117898,0.5078248,-4.205667,-151.0801,5.095642,0.01699682,0.8681362,0.04948391,-0.4935605,10.89441,-149.2963,6.1138
06.12.2023 14:48:45,0.01937597,-0.8606837,0.03134227,0.507805,-4.222509,-151.0781,5.087433,0.01711162,0.8680969,0.04931216,-0.4936429,10.8837,-149.3056,6.093079
06.12.2023 14:48:45,0.01924972,-0.8607119,0.03135334,0.5077611,-4.216242,-151.0726,5.074524,0.01702026,0.8680717,0.0492012,-0.4937015,10.86737,-149.3129,6.096252
06.12.2023 14:48:45,0.01918749,-0.8607239,0.03140152,0.5077404,-4.217373,-151.0702,5.065643,0.01667387,0.8681266,0.04918202,-0.4936187,10.84592,-149.303,6.129181
06.12.2023 14:48:45,0.01916256,-0.8606928,0.03140676,0.5077936,-4.216443,-151.0774,5.062622,0.01656144,0.8681992,0.04908538,-0.4935044,10.83005,-149.2876,6.134125
06.12.2023 14:48:45,0.01924352,-0.8606789,0.03136333,0.5078168,-4.216872,-151.0801,5.073029,0.01655277,0.8682451,0.04905015,-0.4934274,10.82614,-149.2771,6.132446
06.12.2023 14:48:45,0.01932199,-0.8606962,0.031364,0.5077845,-4.221508,-151.0756,5.080902,0.01642972,0.8682477,0.04904477,-0.4934273,10.81863,-149.2775,6.14444
06.12.2023 14:48:45,0.01936787,-0.8606595,0.03131337,0.507848,-4.219187,-151.0838,5.088104,0.01613846,0.8682332,0.04907773,-0.4934593,10.80536,-149.283,6.175629
06.12.2023 14:48:45,0.01932199,-0.8606905,0.03124506,0.5078015,-4.209763,-151.0774,5.087769,0.01604656,0.868131,0.04914737,-0.493635,10.80682,-149.307,6.189972
06.12.2023 14:48:45,0.01933178,-0.8606926,0.03125503,0.5077969,-4.211317,-151.0768,5.088196,0.016105,0.8680636,0.04912255,-0.4937542,10.80753,-149.3224,6.183502
06.12.2023 14:48:45,0.01931353,-0.8606808,0.03122608,0.5078194,-4.207397,-151.0797,5.087952,0.01649196,0.8680989,0.04908485,-0.4936831,10.82581,-149.3114,6.142242
06.12.2023 14:48:45,0.01933136,-0.8606526,0.03120362,0.5078679,-4.206223,-151.0861,5.09079,0.01681481,0.8681377,0.04904495,-0.4936079,10.84027,-149.3001,6.107208
06.12.2023 14:48:45,0.01937716,-0.8606172,0.03120544,0.507926,-4.209078,-151.0937,5.09494,0.0167955,0.8681207,0.04915928,-0.4936272,10.85052,-149.3035,6.115784
06.12.2023 14:48:45,0.01933683,-0.8606326,0.0311288,0.5079063,-4.199156,-151.0909,5.09552,0.01676926,0.8681058,0.04919571,-0.4936506,10.85266,-149.3069,6.120667
06.12.2023 14:48:45,0.01938603,-0.8606022,0.03104883,0.5079606,-4.194132,-151.0977,5.104797,0.01641147,0.8680791,0.049325,-0.4936967,10.84515,-149.3152,6.164093
06.12.2023 14:48:45,0.0194732,-0.8605785,0.03106932,0.5079963,-4.201241,-151.1023,5.11203,0.01628905,0.8680177,0.04934048,-0.493807,10.8396,-149.3304,6.177948
06.12.2023 14:48:45,0.01932621,-0.8605544,0.03108615,0.5080416,-4.19434,-151.1087,5.096313,0.01648378,0.8679883,0.04924712,-0.4938616,10.84128,-149.3362,6.153534
06.12.2023 14:48:45,0.01932803,-0.8605794,0.03104368,0.5080019,-4.190248,-151.1033,5.099152,0.01680645,0.8679744,0.04916961,-0.4938829,10.85187,-149.3374,6.117035
06.12.2023 14:48:45,0.01920556,-0.8605754,0.03107256,0.5080115,-4.185962,-151.1049,5.085327,0.01706979,0.8679764,0.04915412,-0.493872,10.8653,-149.3349,6.089783
06.12.2023 14:48:45,0.01916494,-0.860579,0.03107304,0.5080069,-4.183641,-151.1044,5.081299,0.01720969,0.8679934,0.04913345,-0.4938392,10.87122,-149.33,6.074402
06.12.2023 14:48:45,0.01914413,-0.8605698,0.03115492,0.5080183,-4.190516,-151.1064,5.074402,0.01702819,0.8679597,0.04920446,-0.4938976,10.86792,-149.3388,6.096985
06.12.2023 14:48:45,0.01914276,-0.8606431,0.03114597,0.5078946,-4.189541,-151.0898,5.075409,0.01686961,0.8679363,0.04926733,-0.493938,10.86511,-149.3452,6.116669
06.12.2023 14:48:45,0.01913014,-0.8606685,0.03119843,0.5078489,-4.193983,-151.084,5.07132,0.01653171,0.8679703,0.04936278,-0.4938801,10.85553,-149.3394,6.155487
06.12.2023 14:48:45,0.01917703,-0.8606705,0.03119488,0.507844,-4.196364,-151.0832,5.076172,0.01645992,0.8679858,0.04938443,-0.4938531,10.85364,-149.3362,6.163727
06.12.2023 14:48:45,0.01917645,-0.8607216,0.03115381,0.5077599,-4.192267,-151.0718,5.078918,0.01646583,0.8679529,0.04909944,-0.4939391,10.82544,-149.3455,6.1474
06.12.2023 14:48:45,0.01924939,-0.8607625,0.03123101,0.5076832,-4.204133,-151.0617,5.082001,0.01657921,0.8679352,0.04902695,-0.4939737,10.82462,-149.3492,6.132172
06.12.2023 14:48:45,0.01931183,-0.8608272,0.03120471,0.5075725,-4.205162,-151.0467,5.09024,0.01672988,0.867957,0.04919022,-0.4939141,10.84952,-149.3419,6.126068
06.12.2023 14:48:45,0.01940446,-0.8608385,0.03122436,0.5075487,-4.212494,-151.0434,5.098389,0.01688642,0.8680412,0.04920859,-0.4937589,10.86044,-149.321,6.110443
06.12.2023 14:48:45,0.01939362,-0.8609198,0.03114789,0.5074159,-4.204294,-151.0254,5.102417,0.01714857,0.868209,0.04938098,-0.4934375,10.89291,-149.2788,6.091919
06.12.2023 14:48:45,0.01949687,-0.8609251,0.031202,0.5073996,-4.215648,-151.0232,5.109558,0.01728597,0.8683622,0.04943297,-0.4931579,10.90625,-149.2417,6.079254
06.12.2023 14:48:45,0.01936932,-0.8609681,0.03115452,0.5073344,-4.203524,-151.0146,5.100037,0.01737433,0.8685216,0.04930965,-0.4928863,10.89929,-149.2046,6.061523
06.12.2023 14:48:45,0.01928405,-0.8610175,0.03111121,0.5072566,-4.194273,-151.0043,5.094513,0.01686066,0.8685425,0.04919605,-0.4928787,10.85886,-149.2045,6.106323
06.12.2023 14:48:45,0.01919206,-0.8610078,0.03106207,0.5072794,-4.184066,-151.0074,5.088165,0.01640255,0.8685195,0.04942311,-0.492912,10.8555,-149.2121,6.165283
06.12.2023 14:48:45,0.01918313,-0.8610068,0.03108407,0.5072801,-4.18572,-151.0076,5.085999,0.0162853,0.8684965,0.04961335,-0.4929373,10.8678,-149.2173,6.188049
06.12.2023 14:48:45,0.01910921,-0.8610098,0.03105021,0.5072801,-4.178073,-151.0076,5.080658,0.01648606,0.8685033,0.04964851,-0.4929151,10.88269,-149.2139,6.16983
06.12.2023 14:48:45,0.01911944,-0.8610157,0.03122681,0.5072586,-4.196114,-151.0054,5.071472,0.01751422,0.8685199,0.04957752,-0.4928576,10.93396,-149.2022,6.062653
06.12.2023 14:48:45,0.01910546,-0.8610274,0.0312136,0.5072402,-4.193993,-151.003,5.070953,0.01796408,0.8685646,0.04959366,-0.492761,10.96118,-149.1879,6.017944
06.12.2023 14:48:45,0.01914833,-0.8609923,0.03123673,0.5072966,-4.198778,-151.0105,5.073578,0.01794543,0.8685502,0.04974943,-0.4927711,10.97565,-149.1904,6.028778
06.12.2023 14:48:45,0.01933954,-0.8609594,0.03108089,0.5073549,-4.194519,-151.0172,5.101288,0.01778263,0.8685734,0.04976564,-0.4927346,10.96808,-149.1863,6.045715
06.12.2023 14:48:45,0.01957721,-0.8609572,0.03086664,0.5073626,-4.18719,-151.0167,5.137268,0.01773715,0.8685538,0.04966819,-0.4927806,10.95572,-149.1918,6.045013
06.12.2023 14:48:45,0.02002257,-0.8608556,0.03063714,0.5075314,-4.190479,-151.0372,5.193848,0.01767191,0.8685247,0.04941501,-0.4928598,10.9267,-149.2007,6.037628
06.12.2023 14:48:45,0.02025143,-0.860759,0.0305557,0.5076911,-4.195802,-151.0577,5.220459,0.01725644,0.8684387,0.04919635,-0.4930479,10.8811,-149.2255,6.067932
06.12.2023 14:48:45,0.02045201,-0.8606763,0.03053319,0.5078245,-4.2053,-151.0749,5.240967,0.01665039,0.8683342,0.04919095,-0.4932533,10.84595,-149.2548,6.129578
06.12.2023 14:48:45,0.02040445,-0.8605372,0.03062693,0.5080565,-4.21185,-151.1063,5.229645,0.01633509,0.8682095,0.04928499,-0.4934738,10.83716,-149.2857,6.167938
06.12.2023 14:48:45,0.02035787,-0.8604869,0.03066964,0.508141,-4.213373,-151.1179,5.222137,0.01621759,0.86816,0.0493721,-0.4935562,10.83905,-149.2976,6.185211
06.12.2023 14:48:45,0.02019865,-0.860383,0.03074463,0.5083187,-4.211537,-151.1422,5.201141,0.01642422,0.8681042,0.04962915,-0.4936216,10.87631,-149.3074,6.179718
06.12.2023 14:48:45,0.02013892,-0.860291,0.03068923,0.5084802,-4.202621,-151.1637,5.197693,0.01687324,0.8680897,0.0495965,-0.4936352,10.89853,-149.3074,6.133087
06.12.2023 14:48:45,0.02014992,-0.8601907,0.03059996,0.5086547,-4.194491,-151.1866,5.203125,0.01738831,0.8680451,0.04967101,-0.4936883,10.93512,-149.3132,6.086273
06.12.2023 14:48:45,0.02016089,-0.8601198,0.0304698,0.5087821,-4.182314,-151.203,5.211212,0.01803495,0.8678969,0.04933571,-0.4939592,10.93808,-149.3444,6.004364
06.12.2023 14:48:45,0.02016199,-0.8600871,0.03043277,0.5088394,-4.178738,-151.2105,5.213226,0.01831057,0.8678639,0.04894295,-0.4940462,10.91449,-149.3522,5.954987
06.12.2023 14:48:45,0.0200655,-0.8600389,0.03043343,0.5089248,-4.173191,-151.2221,5.203217,0.01805449,0.8678664,0.0491608,-0.4940296,10.92169,-149.3524,5.992889
06.12.2023 14:48:45,0.02000504,-0.860038,0.03035141,0.5089334,-4.161566,-151.2231,5.202026,0.01796835,0.8679464,0.04930916,-0.4938772,10.93176,-149.3336,6.008942
06.12.2023 14:48:45,0.01989907,-0.8601023,0.03025192,0.5088348,-4.145538,-151.2098,5.197845,0.01770902,0.8679898,0.04962778,-0.4937785,10.94891,-149.3237,6.052399
06.12.2023 14:48:45,0.01994698,-0.8601281,0.03027694,0.5087879,-4.150793,-151.2035,5.201355,0.01728735,0.8679769,0.05006347,-0.4937721,10.96838,-149.3275,6.119385
06.12.2023 14:48:45,0.02002748,-0.8602396,0.03018655,0.5086017,-4.146524,-151.1781,5.215485,0.0175395,0.8678746,0.0503886,-0.4939099,11.01495,-149.3472,6.11377
06.12.2023 14:48:45,0.02005918,-0.8602824,0.03011484,0.5085321,-4.141278,-151.1685,5.223145,0.01808052,0.8677301,0.05025983,-0.4941573,11.03253,-149.3771,6.054108
06.12.2023 14:48:45,0.02027119,-0.8603427,0.02998582,0.5084293,-4.14088,-151.1538,5.252136,0.01851514,0.8676082,0.04989665,-0.494392,11.02078,-149.404,5.991547
06.12.2023 14:48:45,0.02026791,-0.8603535,0.02988993,0.508417,-4.131218,-151.1518,5.257477,0.01832098,0.8675176,0.04996736,-0.4945512,11.0166,-149.4263,6.016083
06.12.2023 14:48:45,0.02019046,-0.8604085,0.02981085,0.5083315,-4.118868,-151.1402,5.254852,0.0176109,0.8674909,0.05019383,-0.4946009,10.99872,-149.437,6.100281
06.12.2023 14:48:45,0.02007443,-0.860411,0.02979988,0.5083324,-4.111018,-151.1406,5.244019,0.01729965,0.8674763,0.05018945,-0.4946379,10.98053,-149.443,6.131348
06.12.2023 14:48:45,0.01992705,-0.8604226,0.02968857,0.5083251,-4.091432,-151.1395,5.235992,0.01722437,0.8675163,0.05029698,-0.4945595,10.98706,-149.4336,6.144501
06.12.2023 14:48:45,0.01992862,-0.8603997,0.02953315,0.508373,-4.076192,-151.1453,5.245026,0.01738833,0.8674963,0.05038398,-0.4945799,11.00504,-149.4364,6.13324
06.12.2023 14:48:45,0.01996214,-0.8603593,0.02944055,0.5084453,-4.069026,-151.1545,5.253387,0.01787744,0.8674374,0.05049289,-0.4946547,11.04361,-149.4454,6.091187
06.12.2023 14:48:46,0.02005907,-0.8602784,0.02935492,0.5085833,-4.066269,-151.1724,5.267334,0.01805612,0.8672943,0.05085133,-0.4948624,11.0892,-149.4749,6.095367
06.12.2023 14:48:46,0.0200407,-0.8602328,0.02938928,0.5086592,-4.068612,-151.1826,5.263153,0.01791145,0.8671944,0.05105335,-0.4950218,11.10089,-149.498,6.122528
06.12.2023 14:48:46,0.02014976,-0.8601575,0.02935147,0.5087845,-4.071285,-151.199,5.275543,0.01791739,0.8671336,0.05123653,-0.4951093,11.11935,-149.5109,6.133057
06.12.2023 14:48:46,0.02015158,-0.8601076,0.02934737,0.5088689,-4.071012,-151.2102,5.275543,0.01807924,0.8671046,0.05120806,-0.4951571,11.12567,-149.5164,6.115631
06.12.2023 14:48:46,0.02007444,-0.8600307,0.02940706,0.5089985,-4.072441,-151.2279,5.263824,0.0180826,0.8671118,0.05115587,-0.4951497,11.12067,-149.5151,6.112244
06.12.2023 14:48:46,0.02005408,-0.8599845,0.0294232,0.5090765,-4.072869,-151.2384,5.260498,0.01785275,0.8671732,0.05112167,-0.4950541,11.10431,-149.503,6.132538
06.12.2023 14:48:46,0.02010781,-0.8599329,0.02931243,0.5091679,-4.065104,-151.2501,5.271851,0.01766527,0.8672061,0.0510103,-0.4950147,11.08258,-149.4976,6.144562
06.12.2023 14:48:46,0.02024139,-0.8598324,0.02930165,0.5093329,-4.071899,-151.2717,5.284912,0.01751327,0.8671741,0.05095553,-0.4950817,11.06839,-149.5066,6.157074
06.12.2023 14:48:46,0.02038385,-0.8598234,0.02923301,0.5093464,-4.073456,-151.2729,5.302917,0.01756459,0.8671409,0.05095294,-0.4951384,11.07098,-149.5139,6.152191
06.12.2023 14:48:46,0.02046333,-0.859705,0.02918595,0.5095458,-4.073529,-151.2992,5.312592,0.01762058,0.8671046,0.05098433,-0.4951966,11.07721,-149.5217,6.148834
06.12.2023 14:48:46,0.02058004,-0.8596845,0.02912092,0.5095792,-4.073949,-151.3031,5.327759,0.01772846,0.8670342,0.05116359,-0.4952975,11.10107,-149.536,6.149078
06.12.2023 14:48:46,0.02058692,-0.8596479,0.02904328,0.5096452,-4.066718,-151.3116,5.332672,0.01785051,0.8669873,0.05139901,-0.495351,11.13141,-149.5444,6.150787
06.12.2023 14:48:46,0.02066336,-0.8596205,0.0289901,0.5096912,-4.065959,-151.3174,5.343109,0.01790264,0.8669306,0.0516388,-0.4954233,11.15814,-149.5556,6.159882
06.12.2023 14:48:46,0.02076934,-0.8595667,0.02903496,0.5097751,-4.076616,-151.3285,5.350555,0.01804508,0.866969,0.05179358,-0.4953347,11.18179,-149.5445,6.153931
06.12.2023 14:48:46,0.02075044,-0.8595502,0.02890679,0.5098111,-4.062883,-151.3329,5.356018,0.01810861,0.8670226,0.05198667,-0.4952185,11.2048,-149.5303,6.157837
06.12.2023 14:48:46,0.02085469,-0.8594787,0.02890392,0.5099277,-4.068748,-151.3482,5.365936,0.01807906,0.8670631,0.05199036,-0.4951482,11.20358,-149.5211,6.160492
06.12.2023 14:48:46,0.02091015,-0.8594275,0.02886783,0.5100136,-4.068469,-151.3594,5.373108,0.018061,0.8670542,0.05201835,-0.4951615,11.20532,-149.5232,6.164001
06.12.2023 14:48:46,0.02093847,-0.85939,0.02895403,0.5100706,-4.078653,-151.3673,5.370575,0.01812016,0.8670775,0.05182269,-0.4951391,11.18924,-149.5185,6.146698
06.12.2023 14:48:46,0.02098265,-0.8593643,0.0290064,0.5101091,-4.08642,-151.3725,5.371674,0.01823376,0.8671338,0.05175499,-0.4950434,11.18909,-149.5049,6.130798
06.12.2023 14:48:46,0.02096033,-0.8593061,0.02908934,0.5102034,-4.093332,-151.3855,5.364166,0.01822692,0.867095,0.05165485,-0.4951221,11.17862,-149.5146,6.126282
06.12.2023 14:48:46,0.02104726,-0.859277,0.02914925,0.5102456,-4.104346,-151.3911,5.369019,0.01810748,0.8670619,0.05178678,-0.4951708,11.18491,-149.5225,6.146118
06.12.2023 14:48:46,0.02098167,-0.8592487,0.02909061,0.5102991,-4.094747,-151.3982,5.365753,0.01774023,0.8669943,0.05184825,-0.4952958,11.16992,-149.5408,6.187195
06.12.2023 14:48:46,0.02096122,-0.8593042,0.0291212,0.5102047,-4.096526,-151.3858,5.362396,0.0178005,0.8669364,0.05180011,-0.4954002,11.16843,-149.5541,6.179169
06.12.2023 14:48:46,0.02103783,-0.8592748,0.02925078,0.5102437,-4.113804,-151.3913,5.362152,0.01785164,0.8668771,0.05161202,-0.4955215,11.15247,-149.5686,6.164124
06.12.2023 14:48:46,0.02102556,-0.8592747,0.0292071,0.5102469,-4.10878,-151.3916,5.363495,0.017822,0.8668632,0.05141922,-0.4955671,11.1315,-149.5733,6.156311
06.12.2023 14:48:46,0.02089231,-0.8592774,0.02925531,0.5102451,-4.105733,-151.3918,5.347534,0.01774879,0.8668457,0.0513901,-0.4956033,11.12439,-149.5781,6.162201
06.12.2023 14:48:46,0.02090065,-0.859334,0.02928608,0.5101476,-4.109216,-151.3789,5.347015,0.01739696,0.8669151,0.05141865,-0.4954913,11.10733,-149.5648,6.198151
06.12.2023 14:48:46,0.02087595,-0.8592993,0.02928174,0.5102073,-4.107366,-151.3869,5.344543,0.01736261,0.866959,0.05143667,-0.4954139,11.10727,-149.5548,6.202087
06.12.2023 14:48:46,0.02088138,-0.8593368,0.02930062,0.5101429,-4.10952,-151.3784,5.344269,0.01760059,0.8669509,0.05117745,-0.4954466,11.09497,-149.5563,6.163666
06.12.2023 14:48:46,0.02087656,-0.8593802,0.0293044,0.5100698,-4.109581,-151.3687,5.343933,0.01778465,0.8669274,0.05098918,-0.4955005,11.08664,-149.5614,6.134888
06.12.2023 14:48:46,0.0207178,-0.8593978,0.0293236,0.5100456,-4.102176,-151.3658,5.32724,0.01791131,0.8668159,0.05088516,-0.4957017,11.08325,-149.5869,6.117676
06.12.2023 14:48:46,0.02064467,-0.8594682,0.02947677,0.5099208,-4.112957,-151.3499,5.311646,0.01801956,0.8668388,0.05071774,-0.4956748,11.07278,-149.5817,6.097076
06.12.2023 14:48:46,0.02060905,-0.8594797,0.02955341,0.5098986,-4.118423,-151.3474,5.303741,0.01796767,0.8668251,0.0506452,-0.4957082,11.06256,-149.5858,6.098328
06.12.2023 14:48:46,0.02050783,-0.8595687,0.02963782,0.5097477,-4.120776,-151.3278,5.28952,0.01784651,0.8669144,0.05067168,-0.4955536,11.0585,-149.5659,6.11084
06.12.2023 14:48:46,0.02029962,-0.8596243,0.02965907,0.5096611,-4.110669,-151.3168,5.268158,0.01757235,0.8669679,0.05060121,-0.4954769,11.03595,-149.5562,6.133606
06.12.2023 14:48:46,0.02013832,-0.859658,0.02960619,0.5096137,-4.096007,-151.3106,5.255554,0.01736772,0.8670301,0.05035508,-0.4954003,10.99991,-149.5449,6.139343
06.12.2023 14:48:46,0.01995822,-0.8597196,0.02958894,0.5095177,-4.083749,-151.2982,5.239227,0.01717281,0.8670678,0.05025408,-0.4953515,10.97879,-149.5384,6.152649
06.12.2023 14:48:46,0.01982723,-0.8597937,0.02956545,0.5093994,-4.073742,-151.2826,5.228241,0.01700498,0.8670869,0.05027208,-0.495322,10.97107,-149.5352,6.170227
06.12.2023 14:48:46,0.01968654,-0.8598531,0.02965659,0.5092992,-4.074488,-151.2699,5.209473,0.01728704,0.8672203,0.05018644,-0.4950873,10.97891,-149.5025,6.135559
06.12.2023 14:48:46,0.01956427,-0.8599117,0.02971679,0.5092014,-4.073261,-151.2573,5.194336,0.01747653,0.8673033,0.05007033,-0.4949471,10.97833,-149.4825,6.109009
06.12.2023 14:48:46,0.01952628,-0.8600057,0.02989504,0.5090336,-4.088593,-151.2357,5.180969,0.01760141,0.8673666,0.05008106,-0.4948306,10.98663,-149.4666,6.096344
06.12.2023 14:48:46,0.01939095,-0.8600661,0.02987451,0.5089381,-4.078645,-151.2232,5.16925,0.01758989,0.8673723,0.05009996,-0.4948191,10.98788,-149.4653,6.098511
06.12.2023 14:48:46,0.01948444,-0.8601338,0.02982203,0.508823,-4.078901,-151.2075,5.182098,0.01756233,0.8673331,0.05003214,-0.4948956,10.97946,-149.475,6.0979
06.12.2023 14:48:46,0.0196553,-0.8600991,0.02976019,0.5088788,-4.082786,-151.2143,5.202332,0.01742188,0.8673008,0.04996296,-0.4949641,10.96451,-149.4841,6.108429
06.12.2023 14:48:46,0.01995281,-0.860145,0.02961975,0.5087978,-4.086272,-151.2022,5.240326,0.01707443,0.8672288,0.04984407,-0.4951144,10.93268,-149.5044,6.137299
06.12.2023 14:48:46,0.02025545,-0.8600594,0.0294875,0.5089382,-4.09093,-151.2198,5.277283,0.01688422,0.8671893,0.049819,-0.4951926,10.91925,-149.5152,6.155396
06.12.2023 14:48:46,0.02041198,-0.8600387,0.02962479,0.5089591,-4.113627,-151.2227,5.284607,0.01681113,0.8671686,0.04967598,-0.4952458,10.90079,-149.5215,6.154846
06.12.2023 14:48:46,0.02029814,-0.8600444,0.02975928,0.5089461,-4.120248,-151.2218,5.265564,0.01706965,0.8671871,0.04950562,-0.4952215,10.89856,-149.5161,6.11911
06.12.2023 14:48:46,0.02003313,-0.8599512,0.02993461,0.5091037,-4.122118,-151.2441,5.228363,0.01762224,0.8673026,0.04933159,-0.4950173,10.91296,-149.4859,6.052582
06.12.2023 14:48:46,0.01982138,-0.8598921,0.03014918,0.5091991,-4.130945,-151.2582,5.194427,0.01796694,0.8673548,0.04933143,-0.4949134,10.93268,-149.4709,6.017456
06.12.2023 14:48:46,0.01975018,-0.8598309,0.03019721,0.5093024,-4.131546,-151.2723,5.184082,0.01804124,0.8674159,0.04929984,-0.4948067,10.9339,-149.4564,6.007507
06.12.2023 14:48:46,0.01968111,-0.8598144,0.03013564,0.5093365,-4.121442,-151.2768,5.180725,0.01777717,0.8673961,0.04930752,-0.4948503,10.91959,-149.4631,6.034607
06.12.2023 14:48:46,0.0196663,-0.8597437,0.03016028,0.5094551,-4.123034,-151.2927,5.177246,0.01737587,0.8674148,0.04940532,-0.4948219,10.90652,-149.4614,6.080078
06.12.2023 14:48:46,0.01974103,-0.8597586,0.03007866,0.509432,-4.119345,-151.2891,5.189514,0.0171769,0.8674781,0.04935022,-0.4947235,10.88983,-149.4487,6.0961
06.12.2023 14:48:46,0.01971148,-0.8597854,0.0300603,0.5093889,-4.115796,-151.2834,5.187866,0.01706838,0.8675839,0.04922535,-0.494554,10.87143,-149.4258,6.098602
06.12.2023 14:48:46,0.01971142,-0.8598489,0.03007288,0.5092808,-4.11701,-151.269,5.187653,0.01707134,0.8676593,0.04918493,-0.4944258,10.86774,-149.4084,6.095123
06.12.2023 14:48:46,0.0197036,-0.8598594,0.0301994,0.5092559,-4.129031,-151.2662,5.179596,0.01700197,0.8677855,0.04905204,-0.4942199,10.85083,-149.3805,6.093048
06.12.2023 14:48:46,0.01975522,-0.8599656,0.03031865,0.5090676,-4.143775,-151.2414,5.178619,0.0168849,0.8679269,0.04907118,-0.4939736,10.84641,-149.3484,6.104187
06.12.2023 14:48:46,0.01988911,-0.8600275,0.03040624,0.5089525,-4.160213,-151.2261,5.187256,0.01683847,0.868045,0.04913418,-0.4937613,10.85031,-149.3209,6.110962
06.12.2023 14:48:46,0.02000869,-0.8600793,0.03051705,0.5088536,-4.17811,-151.2131,5.193054,0.01692266,0.8681312,0.04902217,-0.4936181,10.84409,-149.3009,6.095184
06.12.2023 14:48:46,0.01999766,-0.86012,0.0305109,0.5087856,-4.176844,-151.204,5.192657,0.01727607,0.8680826,0.04883527,-0.4937096,10.84543,-149.3105,6.049835
06.12.2023 14:48:46,0.02001934,-0.860194,0.03061775,0.5086533,-4.188626,-151.1868,5.189209,0.01726518,0.8680664,0.04888713,-0.4937334,10.84995,-149.314,6.054047
06.12.2023 14:48:46,0.01989158,-0.8602434,0.03056763,0.5085778,-4.176207,-151.1768,5.179871,0.01709646,0.8680212,0.0491067,-0.493797,10.86215,-149.3246,6.083893
06.12.2023 14:48:46,0.01967279,-0.8602763,0.03056178,0.508531,-4.162854,-151.171,5.158844,0.01710792,0.8679975,0.04925023,-0.493824,10.87708,-149.3291,6.091125
06.12.2023 14:48:46,0.01945857,-0.8603194,0.03058409,0.5084649,-4.152547,-151.1628,5.136688,0.01730459,0.8680641,0.04921796,-0.4937032,10.88519,-149.3122,6.068817
06.12.2023 14:48:46,0.01952052,-0.8603128,0.03059026,0.5084733,-4.156771,-151.1638,5.142395,0.01747243,0.8681185,0.04912961,-0.4936105,10.88602,-149.2988,6.046387
06.12.2023 14:48:46,0.01949128,-0.8603539,0.03053489,0.5084082,-4.149589,-151.155,5.143066,0.01718485,0.8682273,0.0493222,-0.49341,10.88916,-149.2746,6.084747
06.12.2023 14:48:46,0.01959593,-0.8602775,0.0305113,0.5085348,-4.153387,-151.1715,5.154175,0.01692303,0.8682172,0.04944291,-0.4934247,10.88632,-149.2783,6.117889
06.12.2023 14:48:46,0.01964536,-0.8602785,0.0305729,0.5085275,-4.16235,-151.1707,5.155487,0.01691227,0.8682011,0.04947341,-0.4934504,10.8887,-149.282,6.120911
06.12.2023 14:48:46,0.01967598,-0.8602937,0.03060711,0.5084986,-4.167508,-151.1669,5.156647,0.0172722,0.8681018,0.0492354,-0.4936363,10.88516,-149.3036,6.072601
06.12.2023 14:48:46,0.01965059,-0.8603004,0.03062158,0.5084873,-4.167453,-151.1655,5.153351,0.01749397,0.8680058,0.04909157,-0.4938117,10.88321,-149.325,6.043427
06.12.2023 14:48:46,0.01957913,-0.860327,0.03061122,0.5084459,-4.162255,-151.1601,5.147095,0.01746721,0.8678462,0.04904718,-0.4940974,10.87692,-149.3626,6.045502
06.12.2023 14:48:46,0.01947298,-0.8603032,0.03060176,0.5084907,-4.155136,-151.1663,5.136963,0.01727153,0.8678129,0.04907036,-0.4941605,10.86804,-149.3718,6.066803
06.12.2023 14:48:46,0.01947742,-0.860244,0.03052855,0.508595,-4.148184,-151.1799,5.141174,0.01683647,0.8678069,0.04910786,-0.4941823,10.84702,-149.3765,6.112518
06.12.2023 14:48:46,0.01951326,-0.8602399,0.03050795,0.5086019,-4.148243,-151.1806,5.145874,0.01659685,0.8677928,0.04909337,-0.4942166,10.83194,-149.3817,6.135834
06.12.2023 14:48:46,0.01958109,-0.8601879,0.03038371,0.5086946,-4.139956,-151.1924,5.159393,0.01673859,0.8678602,0.04891952,-0.4941107,10.82278,-149.366,6.111023
06.12.2023 14:48:46,0.01967973,-0.8602259,0.03037751,0.508627,-4.145088,-151.1831,5.16983,0.01695564,0.8679043,0.04890645,-0.4940272,10.83392,-149.3541,6.088043
06.12.2023 14:48:46,0.0197333,-0.8601924,0.03021187,0.5086914,-4.131876,-151.1909,5.184509,0.01712989,0.867881,0.04899549,-0.4940532,10.85266,-149.3576,6.075928
06.12.2023 14:48:46,0.01974075,-0.8601398,0.03017514,0.5087822,-4.128706,-151.2028,5.186951,0.01716407,0.8678965,0.04917722,-0.4940068,10.87277,-149.3526,6.082581
06.12.2023 14:48:46,0.01973953,-0.8601355,0.03009924,0.508794,-4.121146,-151.2041,5.191223,0.01714288,0.8679211,0.04941503,-0.4939407,10.89536,-149.3456,6.09787
06.12.2023 14:48:46,0.01972955,-0.8601299,0.03004526,0.5088071,-4.115238,-151.2057,5.193329,0.01689916,0.8678912,0.04958134,-0.4939848,10.89804,-149.3535,6.132019
06.12.2023 14:48:46,0.01975406,-0.8600895,0.03003335,0.5088751,-4.115509,-151.2146,5.196106,0.01637162,0.8679474,0.04981769,-0.49388,10.89175,-149.3432,6.19751
06.12.2023 14:48:46,0.01971633,-0.8600451,0.02996391,0.5089557,-4.106472,-151.2252,5.196075,0.01584329,0.8680009,0.04999418,-0.4937855,10.87949,-149.3338,6.259705
06.12.2023 14:48:46,0.01982964,-0.8600104,0.02991546,0.5090128,-4.10832,-151.2324,5.209808,0.01558449,0.8680404,0.05011376,-0.4937121,10.87683,-149.3258,6.291901
06.12.2023 14:48:46,0.01980898,-0.8599678,0.0299873,0.5090811,-4.11422,-151.2418,5.203247,0.01554614,0.8680792,0.05002705,-0.4936539,10.86609,-149.3176,6.290375
06.12.2023 14:48:46,0.01983884,-0.8599586,0.0299505,0.5090977,-4.112336,-151.2438,5.208282,0.01558876,0.8680931,0.04998409,-0.4936323,10.86426,-149.3143,6.283508
06.12.2023 14:48:46,0.01984049,-0.8599777,0.0299523,0.5090652,-4.112603,-151.2395,5.208496,0.0164128,0.8681467,0.04968898,-0.4935414,10.88174,-149.2973,6.183716
06.12.2023 14:48:46,0.01979318,-0.859966,0.03006707,0.5090804,-4.121169,-151.2421,5.197021,0.01681161,0.8681031,0.04956549,-0.4936168,10.89197,-149.305,6.13736
06.12.2023 14:48:46,0.01978948,-0.8599374,0.03007185,0.5091285,-4.121436,-151.2485,5.196136,0.01709718,0.8680875,0.04963499,-0.4936275,10.91507,-149.3059,6.112885
06.12.2023 14:48:47,0.0197653,-0.8599506,0.0301613,0.5091019,-4.128843,-151.2454,5.18866,0.01711102,0.8680364,0.04966443,-0.4937139,10.9187,-149.3175,6.11377
06.12.2023 14:48:47,0.01970908,-0.8599947,0.03023149,0.5090253,-4.13247,-151.2355,5.179352,0.01678153,0.8679854,0.04984328,-0.4937969,10.91769,-149.3309,6.157471
06.12.2023 14:48:47,0.01984528,-0.8599951,0.0301455,0.5090245,-4.131939,-151.2348,5.197845,0.01628824,0.8679491,0.04984615,-0.4938768,10.88986,-149.3432,6.207428
06.12.2023 14:48:47,0.01989074,-0.8600019,0.03024003,0.5090055,-4.143918,-151.2325,5.196899,0.01600341,0.8679373,0.04982267,-0.4939094,10.87131,-149.3484,6.234772
06.12.2023 14:48:47,0.01985508,-0.8601007,0.03011401,0.5088475,-4.129362,-151.211,5.201508,0.01587206,0.8678757,0.04961313,-0.494043,10.84277,-149.365,6.236786
06.12.2023 14:48:47,0.0198372,-0.8600945,0.03016707,0.5088555,-4.133556,-151.2123,5.196594,0.01607071,0.867879,0.04951966,-0.49404,10.84476,-149.3632,6.211578
06.12.2023 14:48:47,0.01984823,-0.860144,0.03016461,0.5087715,-4.133939,-151.2011,5.198242,0.01611103,0.8678452,0.0494618,-0.494104,10.84119,-149.3711,6.204681
06.12.2023 14:48:47,0.01983796,-0.8601894,0.03019077,0.5086935,-4.135902,-151.1908,5.196075,0.0161212,0.8678338,0.04952483,-0.4941173,10.84802,-149.3733,6.207367
06.12.2023 14:48:47,0.01987595,-0.8602048,0.03021344,0.5086647,-4.140351,-151.187,5.198639,0.01628871,0.8677804,0.04968196,-0.4941899,10.87311,-149.3835,6.200134
06.12.2023 14:48:47,0.01982504,-0.8602846,0.03015595,0.5085351,-4.131675,-151.1696,5.197601,0.01643144,0.8677007,0.04960137,-0.4943331,10.87299,-149.4014,6.18222
06.12.2023 14:48:47,0.01970511,-0.8603488,0.03011118,0.508434,-4.120236,-151.1562,5.188843,0.01663366,0.8676592,0.04949972,-0.4944095,10.87424,-149.4101,6.156738
06.12.2023 14:48:47,0.01965163,-0.8603801,0.03015083,0.5083807,-4.12102,-151.1494,5.181488,0.0169196,0.8677571,0.04932121,-0.4942457,10.87292,-149.3861,6.116852
06.12.2023 14:48:47,0.01958251,-0.8604237,0.03018281,0.5083075,-4.12013,-151.1399,5.173157,0.01703358,0.8679119,0.04917455,-0.4939845,10.86511,-149.3501,6.095306
06.12.2023 14:48:47,0.01953,-0.8605077,0.0301393,0.5081701,-4.112745,-151.1215,5.171173,0.01672527,0.8680563,0.04920758,-0.493738,10.85123,-149.3188,6.126312
06.12.2023 14:48:47,0.01939762,-0.8604929,0.03001924,0.5082073,-4.093181,-151.1263,5.164917,0.01630929,0.8682038,0.04926893,-0.4934864,10.83408,-149.2874,6.169678
06.12.2023 14:48:47,0.01928828,-0.8605446,0.02995765,0.5081276,-4.080709,-151.1157,5.158081,0.01559976,0.8684068,0.04938645,-0.4931403,10.80603,-149.2448,6.244934
06.12.2023 14:48:47,0.01928331,-0.8605852,0.0299151,0.5080615,-4.076204,-151.1067,5.1604,0.01531395,0.8684555,0.04929972,-0.4930722,10.78128,-149.2362,6.268066
06.12.2023 14:48:47,0.01929783,-0.8605917,0.02980559,0.5080564,-4.066236,-151.1056,5.168243,0.01558661,0.8685324,0.04896982,-0.4929611,10.76398,-149.2182,6.221252
06.12.2023 14:48:47,0.0192163,-0.8606014,0.02979301,0.5080436,-4.06024,-151.104,5.161011,0.01587201,0.8686097,0.04867896,-0.4928444,10.75131,-149.1997,6.175354
06.12.2023 14:48:47,0.01920003,-0.8606471,0.02982446,0.5079649,-4.062382,-151.0937,5.157928,0.01625321,0.8686206,0.04848164,-0.4928322,10.75327,-149.1954,6.125916
06.12.2023 14:48:47,0.01917087,-0.8606597,0.02982138,0.507945,-4.060375,-151.0911,5.155304,0.01628377,0.8686752,0.04849538,-0.4927337,10.75647,-149.1824,6.123016
06.12.2023 14:48:47,0.01919028,-0.8606865,0.02982578,0.5078986,-4.061933,-151.0849,5.157196,0.016191,0.868677,0.04853465,-0.4927296,10.75516,-149.1824,6.134491
06.12.2023 14:48:47,0.01937099,-0.8606942,0.02972403,0.5078846,-4.062412,-151.0822,5.181061,0.01594131,0.8686959,0.04838485,-0.4927193,10.72607,-149.1809,6.150818
06.12.2023 14:48:47,0.01978868,-0.8606369,0.02961998,0.5079716,-4.076497,-151.0924,5.228027,0.0161278,0.8687274,0.04815381,-0.4926803,10.71365,-149.1735,6.118744
06.12.2023 14:48:47,0.02017132,-0.860604,0.02952595,0.508018,-4.089525,-151.0974,5.271118,0.01632482,0.8687133,0.04797355,-0.4927162,10.70679,-149.1763,6.08902
06.12.2023 14:48:47,0.02045882,-0.860528,0.02964302,0.5081283,-4.117879,-151.1119,5.292145,0.01612733,0.8687071,0.0478741,-0.4927433,10.68564,-149.1799,6.103241
06.12.2023 14:48:47,0.02067551,-0.8605013,0.02981647,0.5081545,-4.14765,-151.1155,5.303314,0.01572055,0.8686954,0.04796729,-0.492768,10.67188,-149.1852,6.149384
06.12.2023 14:48:47,0.02053953,-0.8604711,0.03000131,0.5082004,-4.157989,-151.1227,5.278839,0.01556925,0.8687385,0.0479006,-0.4927034,10.65674,-149.1766,6.160248
06.12.2023 14:48:47,0.02033298,-0.8604367,0.03007421,0.5082626,-4.153163,-151.1318,5.253876,0.01570907,0.8687412,0.04745729,-0.492737,10.62039,-149.1776,6.121216
06.12.2023 14:48:47,0.02010308,-0.8603784,0.03010689,0.5083686,-4.14301,-151.1465,5.228729,0.01586632,0.8687661,0.04730381,-0.4927028,10.61404,-149.1714,6.096527
06.12.2023 14:48:47,0.02007461,-0.8603229,0.03017578,0.5084594,-4.148175,-151.159,5.221466,0.01586917,0.8687186,0.04717066,-0.4927992,10.6008,-149.1833,6.089294
06.12.2023 14:48:47,0.02008332,-0.8602901,0.03013466,0.5085171,-4.144639,-151.1665,5.224426,0.01590084,0.8687178,0.0473075,-0.4927865,10.61624,-149.1824,6.093842
06.12.2023 14:48:47,0.02004097,-0.8602479,0.03004669,0.5085952,-4.133504,-151.1767,5.225037,0.01577169,0.8686855,0.04789728,-0.4927908,10.66776,-149.1875,6.140411
06.12.2023 14:48:47,0.02005181,-0.8602554,0.03005863,0.5085816,-4.135311,-151.1749,5.225464,0.01599941,0.8687586,0.04796529,-0.4926479,10.68762,-149.1683,6.120605
06.12.2023 14:48:47,0.02001293,-0.8602722,0.03006139,0.5085544,-4.133309,-151.1714,5.221588,0.01617612,0.8688419,0.0478957,-0.4925019,10.69086,-149.1479,6.098022
06.12.2023 14:48:47,0.01999143,-0.8602943,0.03015876,0.5085121,-4.141655,-151.1662,5.213989,0.01610168,0.8689241,0.04793999,-0.492355,10.69125,-149.1291,6.107025
06.12.2023 14:48:47,0.01997718,-0.8603668,0.03026308,0.5083839,-4.151092,-151.1495,5.207092,0.01563824,0.8690404,0.04799918,-0.4921589,10.6712,-149.1051,6.155426
06.12.2023 14:48:47,0.02005787,-0.8604171,0.03031886,0.5082921,-4.161283,-151.1373,5.21225,0.01547,0.8690978,0.0478689,-0.4920754,10.6488,-149.0937,6.164276
06.12.2023 14:48:47,0.02017058,-0.8604525,0.03054453,0.5082142,-4.190117,-151.1275,5.210571,0.0156793,0.8691126,0.04756587,-0.4920722,10.6304,-149.0905,6.126068
06.12.2023 14:48:47,0.02021419,-0.860481,0.03059267,0.5081615,-4.197402,-151.1206,5.212311,0.01597053,0.8691666,0.04746877,-0.4919767,10.6373,-149.0763,6.09082
06.12.2023 14:48:47,0.02011714,-0.86053,0.0307103,0.5080751,-4.203338,-151.1098,5.196289,0.01626099,0.8692034,0.04747554,-0.4919015,10.65448,-149.0654,6.061676
06.12.2023 14:48:47,0.02004449,-0.8605592,0.03076428,0.5080253,-4.204423,-151.1035,5.186188,0.01613038,0.8692435,0.04759759,-0.4918232,10.65939,-149.0563,6.081177
06.12.2023 14:48:47,0.01987158,-0.8605944,0.03091232,0.5079634,-4.208951,-151.0963,5.160767,0.01633967,0.8692732,0.0475819,-0.4917653,10.66971,-149.0479,6.05896
06.12.2023 14:48:47,0.01968556,-0.8606681,0.03088245,0.5078477,-4.195141,-151.0812,5.144684,0.01668319,0.8692911,0.04754938,-0.4917253,10.68594,-149.0412,6.022522
06.12.2023 14:48:47,0.01963714,-0.860691,0.03080766,0.5078152,-4.184927,-151.0767,5.144409,0.01677987,0.8693239,0.04749027,-0.4916697,10.68558,-149.0331,6.009125
06.12.2023 14:48:47,0.01971256,-0.8607129,0.03056918,0.5077896,-4.165763,-151.0721,5.165924,0.01640805,0.8693446,0.04751856,-0.491643,10.66742,-149.031,6.047729
06.12.2023 14:48:47,0.01979271,-0.8607564,0.03051681,0.5077159,-4.165245,-151.0619,5.177277,0.01604665,0.8693307,0.04761476,-0.4916701,10.65656,-149.0365,6.089508
06.12.2023 14:48:47,0.01990599,-0.8607671,0.03051702,0.5076933,-4.17186,-151.0586,5.188568,0.01583096,0.869265,0.04757297,-0.4917974,10.64005,-149.0537,6.109528
06.12.2023 14:48:47,0.01992248,-0.8607968,0.03055937,0.5076397,-4.176992,-151.0516,5.187988,0.01606927,0.8691722,0.04722401,-0.4919873,10.61844,-149.0757,6.067078
06.12.2023 14:48:47,0.019845,-0.8608258,0.03057831,0.5075925,-4.17434,-151.0456,5.179443,0.01626846,0.8690985,0.04696766,-0.4921355,10.60394,-149.0928,6.033508
06.12.2023 14:48:47,0.01970255,-0.8608466,0.03069986,0.5075554,-4.178043,-151.0414,5.158447,0.01618017,0.8690937,0.0469925,-0.4921445,10.60144,-149.0945,6.043823
06.12.2023 14:48:47,0.01967498,-0.8608868,0.03067443,0.5074897,-4.173913,-151.0327,5.157532,0.01610657,0.8690953,0.04699894,-0.4921434,10.5979,-149.0946,6.051544
06.12.2023 14:48:47,0.0196495,-0.8608948,0.03062403,0.5074803,-4.16745,-151.0313,5.15799,0.01614564,0.86912,0.04689582,-0.4921083,10.58987,-149.0892,6.041534
06.12.2023 14:48:47,0.0197997,-0.8608809,0.03052761,0.5075039,-4.166676,-151.0336,5.178345,0.01610417,0.8690697,0.04672586,-0.4922146,10.57043,-149.1022,6.036682
06.12.2023 14:48:47,0.0198603,-0.8608503,0.03050613,0.5075547,-4.168094,-151.0402,5.185364,0.01601248,0.8689823,0.04650063,-0.4923932,10.54257,-149.1246,6.034149
06.12.2023 14:48:47,0.01980145,-0.86084,0.03049459,0.5075752,-4.16353,-151.043,5.180115,0.01571365,0.8688658,0.04642615,-0.4926154,10.51794,-149.1545,6.061188
06.12.2023 14:48:47,0.01982569,-0.8608049,0.03030645,0.507645,-4.146373,-151.0515,5.193146,0.0153566,0.8687273,0.04655341,-0.492859,10.51013,-149.1887,6.105652
06.12.2023 14:48:47,0.01981652,-0.8608224,0.03038233,0.5076111,-4.153327,-151.0473,5.187988,0.01540219,0.8686898,0.04647162,-0.4929314,10.50446,-149.1976,6.096893
06.12.2023 14:48:47,0.01982612,-0.8608037,0.03040647,0.507641,-4.156276,-151.0514,5.187378,0.01568109,0.8686551,0.04633248,-0.4929968,10.50632,-149.2044,6.061523
06.12.2023 14:48:47,0.01978451,-0.8607988,0.03045753,0.5076479,-4.158898,-151.0526,5.180237,0.01584927,0.8687405,0.04636286,-0.4928379,10.51904,-149.183,6.045441
06.12.2023 14:48:47,0.01979946,-0.8607526,0.03033681,0.5077329,-4.147863,-151.0634,5.188354,0.01624343,0.8687519,0.04633373,-0.4928077,10.53851,-149.1775,6.004211
06.12.2023 14:48:47,0.01986809,-0.8607385,0.03033045,0.5077545,-4.151238,-151.0661,5.195404,0.01637943,0.8687436,0.04631746,-0.4928194,10.54459,-149.1785,5.989777
06.12.2023 14:48:47,0.01989651,-0.8607022,0.03037249,0.5078124,-4.157059,-151.0739,5.195496,0.01632779,0.8686833,0.04654616,-0.4929059,10.56436,-149.1917,6.008545
06.12.2023 14:48:47,0.0198636,-0.8606977,0.0303168,0.5078246,-4.149644,-151.0754,5.195435,0.01627792,0.8686382,0.04671196,-0.4929713,10.578,-149.2016,6.023407
06.12.2023 14:48:47,0.01983964,-0.8607253,0.03041454,0.507773,-4.15789,-151.069,5.187592,0.01622053,0.8685676,0.04681313,-0.4930881,10.58469,-149.2179,6.035645
06.12.2023 14:48:47,0.01983867,-0.8606938,0.03041991,0.507826,-4.158376,-151.0761,5.18692,0.0164257,0.868572,0.04677027,-0.4930776,10.59207,-149.2155,6.012634
06.12.2023 14:48:47,0.0198335,-0.8607156,0.03041222,0.5077897,-4.157307,-151.0712,5.187042,0.01664101,0.8686467,0.04663771,-0.4929513,10.59119,-149.1972,5.982758
06.12.2023 14:48:47,0.0198297,-0.860691,0.03041736,0.5078313,-4.157602,-151.0768,5.186157,0.01666952,0.8688309,0.04663401,-0.492626,10.5928,-149.1541,5.9776
06.12.2023 14:48:47,0.01987725,-0.8607239,0.03041506,0.5077738,-4.160132,-151.069,5.191284,0.01635701,0.8689049,0.04654562,-0.4925143,10.56641,-149.1398,6.003082
06.12.2023 14:48:47,0.01988501,-0.8607042,0.03045254,0.5078046,-4.164294,-151.0732,5.189697,0.01588422,0.8689079,0.04641824,-0.4925365,10.52692,-149.1434,6.043182
06.12.2023 14:48:47,0.01993885,-0.8607411,0.03051347,0.5077364,-4.173433,-151.0643,5.191803,0.01541356,0.8688187,0.04629624,-0.4927202,10.48788,-149.1684,6.084442
06.12.2023 14:48:47,0.02000399,-0.860773,0.03056765,0.5076765,-4.182566,-151.0563,5.195374,0.01531593,0.8688207,0.04614299,-0.492734,10.46704,-149.1696,6.085541
06.12.2023 14:48:47,0.02008464,-0.8607831,0.0305786,0.5076554,-4.18834,-151.0534,5.20282,0.0154997,0.8687755,0.04589909,-0.4928308,10.453,-149.1801,6.053894
06.12.2023 14:48:47,0.02012493,-0.8607495,0.03067548,0.5077051,-4.200269,-151.0603,5.200897,0.01582611,0.8687577,0.04590091,-0.4928517,10.47165,-149.1819,6.021515
06.12.2023 14:48:47,0.02025257,-0.8607972,0.03079801,0.5076118,-4.219784,-151.0481,5.206818,0.01610749,0.8687655,0.04591695,-0.4928273,10.48923,-149.1778,5.994171
06.12.2023 14:48:47,0.0204057,-0.8608066,0.03083774,0.5075871,-4.232621,-151.0446,5.219757,0.0162348,0.8687755,0.04593336,-0.4928038,10.49811,-149.1744,5.982239
06.12.2023 14:48:47,0.02049179,-0.8608002,0.03102295,0.5075832,-4.255929,-151.0446,5.217468,0.01619891,0.8688299,0.0459221,-0.4927102,10.49506,-149.1621,5.984589
06.12.2023 14:48:47,0.02054215,-0.8607786,0.03107599,0.5076145,-4.26411,-151.0489,5.219208,0.01609627,0.8688747,0.04581629,-0.4926444,10.47876,-149.153,5.988403
06.12.2023 14:48:47,0.02059137,-0.8608413,0.03125927,0.507495,-4.285053,-151.0336,5.213959,0.01600276,0.8689327,0.04549675,-0.4925747,10.44168,-149.142,5.979095
06.12.2023 14:48:47,0.02067142,-0.86083,0.03136546,0.5075043,-4.300207,-151.0351,5.215637,0.01570378,0.8689566,0.04531108,-0.4925596,10.40625,-149.1397,5.998291
06.12.2023 14:48:47,0.02072238,-0.8608596,0.03151683,0.5074428,-4.318113,-151.0273,5.212158,0.01550831,0.8689767,0.04520113,-0.4925402,10.38425,-149.1371,6.011444
06.12.2023 14:48:47,0.02069664,-0.8608832,0.03162004,0.5073973,-4.3268,-151.0218,5.203796,0.01553955,0.8690642,0.04504075,-0.4923997,10.37018,-149.1174,5.998291
06.12.2023 14:48:47,0.02061856,-0.8609255,0.03174546,0.5073209,-4.334629,-151.0123,5.189148,0.01561712,0.8691185,0.04468921,-0.4923334,10.33957,-149.1061,5.970123
06.12.2023 14:48:47,0.02049877,-0.8609433,0.03181943,0.5072908,-4.334958,-151.0089,5.173126,0.01572569,0.8692178,0.04458839,-0.4921637,10.33582,-149.0827,5.952515
06.12.2023 14:48:47,0.02044305,-0.8609827,0.03177711,0.507229,-4.327521,-151.0006,5.17041,0.01556248,0.8692916,0.04465475,-0.4920324,10.33337,-149.0663,5.971771
06.12.2023 14:48:47,0.02049685,-0.8610532,0.03177559,0.5071071,-4.330477,-150.9842,5.176422,0.01559872,0.869308,0.04482632,-0.4919868,10.3526,-149.0613,5.977631
06.12.2023 14:48:47,0.02044623,-0.8610649,0.03185582,0.5070844,-4.335455,-150.9817,5.16687,0.01575498,0.869403,0.04468178,-0.491827,10.34717,-149.0387,5.95282
06.12.2023 14:48:47,0.02042445,-0.8611255,0.03192066,0.506978,-4.340575,-150.9678,5.161469,0.01580377,0.8694074,0.04450779,-0.4918335,10.33255,-149.0383,5.93808
06.12.2023 14:48:47,0.02044875,-0.8611602,0.03200432,0.5069128,-4.350245,-150.9594,5.159302,0.0156397,0.8694079,0.0444962,-0.4918388,10.32211,-149.0395,5.953857
06.12.2023 14:48:47,0.02033789,-0.8612388,0.03198998,0.5067847,-4.342356,-150.9426,5.149841,0.01516557,0.8693486,0.04443595,-0.4919638,10.28918,-149.0571,5.998566
06.12.2023 14:48:48,0.02043812,-0.8612018,0.03203876,0.5068405,-4.353017,-150.95,5.156616,0.01492328,0.8693646,0.04444369,-0.4919425,10.27628,-149.0551,6.023102
06.12.2023 14:48:48,0.02045171,-0.8612803,0.03198776,0.5067098,-4.348742,-150.9323,5.161591,0.01491502,0.8693684,0.04429164,-0.4919495,10.26062,-149.0551,6.01532
06.12.2023 14:48:48,0.02075396,-0.8612412,0.03194769,0.5067665,-4.362369,-150.9389,5.193542,0.015022,0.8693932,0.04425057,-0.4919062,10.26263,-149.0488,6.002045
06.12.2023 14:48:48,0.02097267,-0.8612394,0.03188362,0.5067646,-4.368754,-150.9379,5.218933,0.01515945,0.8694811,0.04413351,-0.4917571,10.25888,-149.0279,5.980743
06.12.2023 14:48:48,0.02114312,-0.8611965,0.03200623,0.5068225,-4.390801,-150.9457,5.228363,0.01520592,0.8694875,0.04403286,-0.4917534,10.25146,-149.0266,5.970337
06.12.2023 14:48:48,0.02107456,-0.8612255,0.03206691,0.5067723,-4.392798,-150.9394,5.218292,0.01490605,0.8693502,0.04407039,-0.4920019,10.23798,-149.0606,6.003967
06.12.2023 14:48:48,0.02099272,-0.861218,0.03217705,0.5067816,-4.398927,-150.9413,5.203735,0.01455491,0.8690953,0.04431196,-0.4924408,10.2417,-149.1212,6.05545
06.12.2023 14:48:48,0.02081456,-0.8611804,0.03225751,0.5068476,-4.396533,-150.9509,5.181061,0.01441636,0.8688803,0.04437974,-0.492818,10.24017,-149.1719,6.075409
06.12.2023 14:48:48,0.02067416,-0.8611915,0.03225026,0.506835,-4.387648,-150.9496,5.167664,0.01489863,0.868657,0.04445694,-0.4931903,10.27472,-149.2201,6.033905
06.12.2023 14:48:48,0.02056694,-0.8611413,0.03223494,0.5069258,-4.379914,-150.9619,5.157501,0.01509057,0.8685149,0.04469781,-0.493413,10.30936,-149.2505,6.029846
06.12.2023 14:48:48,0.02048737,-0.8611946,0.03200237,0.5068532,-4.352287,-150.9514,5.163544,0.01511157,0.8685483,0.04487949,-0.4933369,10.32874,-149.2416,6.037659
06.12.2023 14:48:48,0.02044032,-0.8611285,0.03193922,0.5069712,-4.343331,-150.9669,5.161987,0.01498275,0.8685634,0.04497345,-0.4933057,10.33084,-149.2385,6.055695
06.12.2023 14:48:48,0.02049898,-0.861159,0.03187785,0.506921,-4.34067,-150.9599,5.171631,0.01420257,0.8685052,0.04525232,-0.4934058,10.3143,-149.256,6.150116
06.12.2023 14:48:48,0.02057596,-0.8611301,0.03183889,0.5069693,-4.341306,-150.9659,5.181244,0.01287113,0.8682939,0.04587011,-0.493757,10.29984,-149.3107,6.320435
06.12.2023 14:48:48,0.02053511,-0.8610483,0.03189214,0.5071065,-4.34422,-150.9846,5.173431,0.0124616,0.8681621,0.04601726,-0.4939855,10.29089,-149.3432,6.371124
06.12.2023 14:48:48,0.02049608,-0.8610641,0.03195467,0.5070772,-4.348123,-150.981,5.166046,0.01305085,0.867951,0.04565899,-0.4943745,10.28809,-149.3904,6.29422
06.12.2023 14:48:48,0.0204576,-0.8610575,0.0321461,0.5070781,-4.3648,-150.982,5.151093,0.01378532,0.8677365,0.04549281,-0.4947462,10.31274,-149.4362,6.213715
06.12.2023 14:48:48,0.02046308,-0.8610324,0.0322999,0.5071105,-4.380324,-150.987,5.142487,0.01399746,0.867495,0.04565141,-0.4951489,10.34003,-149.4899,6.204102
06.12.2023 14:48:48,0.02048618,-0.861053,0.03241682,0.5070674,-4.393215,-150.9817,5.138153,0.01365695,0.8673211,0.0461721,-0.4954147,10.37213,-149.5297,6.269562
06.12.2023 14:48:48,0.02047925,-0.8609982,0.03252884,0.5071535,-4.403894,-150.9937,5.130493,0.01327955,0.8672333,0.04666631,-0.4955324,10.39963,-149.5498,6.336243
06.12.2023 14:48:48,0.02045694,-0.8610128,0.03260264,0.5071248,-4.409883,-150.9902,5.124146,0.01284897,0.8672484,0.04689537,-0.4954958,10.39798,-149.5479,6.39209
06.12.2023 14:48:48,0.0203329,-0.8609982,0.03260784,0.5071543,-4.403183,-150.9945,5.11142,0.01249444,0.867187,0.04713463,-0.4955895,10.40143,-149.5631,6.441742
06.12.2023 14:48:48,0.020317,-0.8610548,0.03257162,0.5070612,-4.398667,-150.982,5.112427,0.0124517,0.8672259,0.04694936,-0.49554,10.38065,-149.5554,6.435059
06.12.2023 14:48:48,0.0203858,-0.8610673,0.0324922,0.5070422,-4.394819,-150.9789,5.123962,0.0125655,0.8672633,0.04669608,-0.4954958,10.362,-149.5475,6.408905
06.12.2023 14:48:48,0.02047573,-0.8610901,0.03248048,0.5070006,-4.398887,-150.9731,5.133759,0.01258923,0.8672823,0.04657087,-0.4954735,10.35092,-149.5436,6.399231
06.12.2023 14:48:48,0.02050844,-0.8611041,0.03242781,0.506979,-4.395582,-150.9699,5.140167,0.01241892,0.8673081,0.04660139,-0.4954299,10.34433,-149.5385,6.417694
06.12.2023 14:48:48,0.02057719,-0.8611512,0.03239399,0.5068983,-4.396225,-150.9588,5.149353,0.01227374,0.8673024,0.04671664,-0.4954327,10.34753,-149.5401,6.438782
06.12.2023 14:48:48,0.02048531,-0.8611839,0.0323775,0.5068474,-4.389242,-150.9522,5.14151,0.01231838,0.8672995,0.04663188,-0.4954446,10.34161,-149.541,6.429565
06.12.2023 14:48:48,0.02048056,-0.8612119,0.03254504,0.5067894,-4.405516,-150.9452,5.131561,0.01268272,0.8672509,0.04636365,-0.4955456,10.33551,-149.5514,6.378479
06.12.2023 14:48:48,0.02034045,-0.861239,0.03244564,0.5067553,-4.387537,-150.9406,5.123657,0.01282814,0.8672892,0.04598541,-0.49551,10.30618,-149.5436,6.342072
06.12.2023 14:48:48,0.02032568,-0.8612813,0.03234403,0.5066904,-4.376626,-150.9315,5.128448,0.01251258,0.8672736,0.04593575,-0.4955501,10.2832,-149.5495,6.370941
06.12.2023 14:48:48,0.02037201,-0.8612715,0.03215319,0.5067175,-4.36046,-150.9342,5.144043,0.01230321,0.8673229,0.04574289,-0.4954868,10.2522,-149.5405,6.380371
06.12.2023 14:48:48,0.0203134,-0.8613048,0.03206624,0.5066688,-4.348451,-150.9275,5.143555,0.01231511,0.86739,0.04548413,-0.4953929,10.22726,-149.5262,6.36377
06.12.2023 14:48:48,0.02040775,-0.8612766,0.03196583,0.5067192,-4.34402,-150.9336,5.158478,0.01238489,0.8675011,0.04520469,-0.4952222,10.2037,-149.5016,6.339783
06.12.2023 14:48:48,0.0203539,-0.8612778,0.03200185,0.5067171,-4.34445,-150.9336,5.151062,0.01231683,0.8675458,0.04497205,-0.4951667,10.17676,-149.4929,6.332886
06.12.2023 14:48:48,0.02024469,-0.8612407,0.03189884,0.5067911,-4.32793,-150.9433,5.145905,0.01220293,0.8674834,0.04494291,-0.4952815,10.16718,-149.5082,6.343262
06.12.2023 14:48:48,0.02022311,-0.8612482,0.0318404,0.5067829,-4.320898,-150.942,5.147217,0.01208415,0.8674814,0.04487939,-0.4952938,10.15408,-149.5098,6.351563
06.12.2023 14:48:48,0.02023385,-0.8612325,0.03168372,0.506819,-4.306043,-150.9461,5.157227,0.01202766,0.8674626,0.04489509,-0.4953265,10.15237,-149.5144,6.358276
06.12.2023 14:48:48,0.02016426,-0.8611565,0.03174267,0.506947,-4.307844,-150.9636,5.146271,0.01199719,0.8673972,0.04488473,-0.4954427,10.14944,-149.5298,6.36142
06.12.2023 14:48:48,0.02014944,-0.8611404,0.03170582,0.5069773,-4.303344,-150.9675,5.14679,0.01187456,0.8674119,0.04485129,-0.4954232,10.13916,-149.5273,6.371613
06.12.2023 14:48:48,0.02015407,-0.8610811,0.03157363,0.5070861,-4.290571,-150.9814,5.154419,0.01181681,0.8674333,0.04483529,-0.4953884,10.13434,-149.5228,6.376221
06.12.2023 14:48:48,0.020075,-0.8610886,0.03149729,0.5070813,-4.278425,-150.9807,5.151062,0.01153259,0.8674175,0.04496633,-0.4954109,10.13116,-149.5275,6.412201
06.12.2023 14:48:48,0.02004967,-0.8610679,0.03159678,0.5071113,-4.286788,-150.9851,5.142609,0.01122723,0.8674219,0.04529084,-0.4953807,10.14612,-149.5266,6.46106
06.12.2023 14:48:48,0.02006279,-0.861043,0.03157045,0.5071546,-4.284957,-150.9908,5.145233,0.0112202,0.867431,0.04541555,-0.4953535,10.15817,-149.5239,6.46875
06.12.2023 14:48:48,0.02000105,-0.8610373,0.03164915,0.5071619,-4.289141,-150.9922,5.134491,0.01175868,0.8673639,0.04542832,-0.4954572,10.18994,-149.5361,6.416443
06.12.2023 14:48:48,0.0199635,-0.8610103,0.03159462,0.5072126,-4.281576,-150.9988,5.133698,0.01223468,0.8673319,0.04539078,-0.4955054,10.21323,-149.5408,6.367126
06.12.2023 14:48:48,0.02007657,-0.8610581,0.03164088,0.5071242,-4.292713,-150.987,5.142639,0.01259795,0.8672617,0.04535015,-0.4956226,10.22968,-149.5549,6.329285
06.12.2023 14:48:48,0.02015558,-0.8610391,0.03160104,0.5071557,-4.29338,-150.9908,5.152618,0.01230742,0.8672028,0.04559133,-0.495711,10.237,-149.5691,6.37262
06.12.2023 14:48:48,0.0201887,-0.8610418,0.03165511,0.5071463,-4.300648,-150.9897,5.152771,0.01202728,0.8672111,0.04576229,-0.4956874,10.2381,-149.568,6.410187
06.12.2023 14:48:48,0.02021724,-0.8610705,0.03165193,0.5070966,-4.301985,-150.983,5.156036,0.01173069,0.8671312,0.04567731,-0.4958423,10.21249,-149.5889,6.435822
06.12.2023 14:48:48,0.02034962,-0.8610092,0.03174581,0.5071896,-4.318984,-150.9955,5.163177,0.01168699,0.8671036,0.04564233,-0.4958947,10.20642,-149.5957,6.438477
06.12.2023 14:48:48,0.02049548,-0.8610132,0.03183378,0.5071714,-4.336161,-150.993,5.172577,0.01180777,0.8671067,0.04551155,-0.4958985,10.20029,-149.5949,6.418945
06.12.2023 14:48:48,0.02057483,-0.8610418,0.03186266,0.5071179,-4.343621,-150.9858,5.179016,0.01178675,0.8669513,0.04558902,-0.4961635,10.20636,-149.6306,6.427094
06.12.2023 14:48:48,0.02060065,-0.8610051,0.03190888,0.5071762,-4.349703,-150.9937,5.178558,0.01163033,0.866841,0.04570402,-0.4963494,10.20859,-149.6565,6.450409
06.12.2023 14:48:48,0.02080024,-0.8610016,0.03205617,0.5071647,-4.37587,-150.9924,5.189789,0.01195931,0.8668056,0.04565261,-0.4964081,10.22214,-149.6629,6.415039
06.12.2023 14:48:48,0.02065749,-0.8610141,0.03214324,0.5071438,-4.376162,-150.9903,5.170685,0.01210458,0.8667979,0.04545462,-0.496436,10.21069,-149.6648,6.389343
06.12.2023 14:48:48,0.02062375,-0.8609712,0.03213337,0.5072186,-4.373239,-151.0003,5.167542,0.01206535,0.8668827,0.04521317,-0.496311,10.18463,-149.6468,6.378632
06.12.2023 14:48:48,0.02058085,-0.8609114,0.03216207,0.5073202,-4.373596,-151.0141,5.161102,0.01192226,0.8669363,0.04508253,-0.4962327,10.1636,-149.6359,6.384918
06.12.2023 14:48:48,0.02062465,-0.860934,0.03212038,0.5072825,-4.372019,-151.0088,5.16806,0.01173635,0.867074,0.04491777,-0.4960116,10.13696,-149.6061,6.39267
06.12.2023 14:48:48,0.02066526,-0.8609256,0.0322026,0.5072899,-4.382509,-151.01,5.167236,0.01174588,0.8671398,0.04469706,-0.4959161,10.11569,-149.5919,6.37851
06.12.2023 14:48:48,0.02064623,-0.8609287,0.03230301,0.5072791,-4.391319,-151.009,5.159546,0.01200698,0.8672321,0.0445038,-0.4957658,10.11157,-149.57,6.340515
06.12.2023 14:48:48,0.02070271,-0.8609223,0.03251993,0.5072739,-4.41604,-151.0091,5.152496,0.01208392,0.8673526,0.04436689,-0.4955653,10.10263,-149.5423,6.323822
06.12.2023 14:48:48,0.02064882,-0.8608977,0.03267226,0.5073079,-4.427959,-151.0145,5.138123,0.01199021,0.8673733,0.04446016,-0.495523,10.10666,-149.5376,6.338257
06.12.2023 14:48:48,0.02067133,-0.8609475,0.03267144,0.5072226,-4.429176,-151.003,5.140808,0.01185877,0.8673093,0.04442455,-0.4956414,10.09543,-149.5534,6.350006
06.12.2023 14:48:48,0.02074713,-0.8609358,0.03258437,0.5072449,-4.424988,-151.0054,5.15329,0.01183236,0.867284,0.0444687,-0.4956824,10.09827,-149.5592,6.355408
06.12.2023 14:48:48,0.02086833,-0.8609659,0.03254503,0.5071913,-4.428145,-150.9978,5.167847,0.01206979,0.8672821,0.04439983,-0.4956861,10.10492,-149.5586,6.32782
06.12.2023 14:48:48,0.02115047,-0.8608947,0.03253441,0.5073012,-4.443542,-151.0117,5.195801,0.01225051,0.8672451,0.04425797,-0.4957591,10.10098,-149.5667,6.302124
06.12.2023 14:48:48,0.02144038,-0.8609056,0.03263115,0.5072643,-4.469969,-151.0065,5.219025,0.01233426,0.8671854,0.04419541,-0.4958671,10.0994,-149.5804,6.290802
06.12.2023 14:48:48,0.02155573,-0.8608975,0.03275173,0.5072654,-4.488599,-151.0068,5.223389,0.01208217,0.8670977,0.04418683,-0.4960273,10.08392,-149.6023,6.316376
06.12.2023 14:48:48,0.02144114,-0.8608761,0.03291168,0.5072963,-4.49774,-151.012,5.202545,0.01168211,0.8670399,0.04423254,-0.496134,10.06549,-149.6179,6.359497
06.12.2023 14:48:48,0.02129619,-0.8608872,0.03309989,0.5072713,-4.507893,-151.0098,5.177368,0.01155207,0.8669717,0.04411134,-0.496267,10.04581,-149.6351,6.366272
06.12.2023 14:48:48,0.02118314,-0.8608482,0.03313871,0.5073397,-4.505161,-151.0194,5.163544,0.0116987,0.8669097,0.0439373,-0.4963873,10.03668,-149.6494,6.342377
06.12.2023 14:48:48,0.02095318,-0.8608516,0.03315187,0.5073427,-4.493073,-151.0204,5.140015,0.01188871,0.8668936,0.0437514,-0.4964272,10.02896,-149.6529,6.313019
06.12.2023 14:48:48,0.02087283,-0.8608978,0.0330528,0.507274,-4.478595,-151.011,5.138214,0.01208709,0.8668203,0.04384275,-0.4965423,10.04919,-149.6682,6.299164
06.12.2023 14:48:48,0.02081913,-0.8608992,0.03293936,0.5072812,-4.464261,-151.0116,5.139496,0.01217094,0.8667921,0.04412444,-0.4965646,10.08197,-149.6727,6.307129
06.12.2023 14:48:48,0.02086716,-0.8609062,0.03281117,0.5072756,-4.454391,-151.0102,5.151764,0.01220582,0.8667656,0.04421132,-0.4966024,10.09253,-149.6782,6.308868
06.12.2023 14:48:48,0.02076741,-0.860944,0.03279468,0.5072165,-4.446943,-151.0025,5.143158,0.01217021,0.8667066,0.04432379,-0.4966961,10.10156,-149.6915,6.319427
06.12.2023 14:48:48,0.02078669,-0.8609321,0.03276357,0.507238,-4.444996,-151.0052,5.146759,0.01219838,0.8666474,0.04435972,-0.4967956,10.10657,-149.7048,6.319275
06.12.2023 14:48:48,0.02073531,-0.8609567,0.03276949,0.507198,-4.442584,-151,5.141541,0.012281,0.8665835,0.04435034,-0.4969059,10.1102,-149.7191,6.311157
06.12.2023 14:48:48,0.02075881,-0.8609809,0.03285404,0.5071505,-4.452298,-150.994,5.139191,0.0122221,0.8665433,0.04449769,-0.4969642,10.1214,-149.728,6.325836
06.12.2023 14:48:48,0.02087601,-0.8609725,0.03292832,0.5071552,-4.466461,-150.9947,5.146423,0.01216016,0.8665563,0.04472419,-0.4969225,10.14044,-149.7242,6.344757
06.12.2023 14:48:48,0.02090808,-0.8610036,0.03300307,0.507096,-4.475703,-150.987,5.145538,0.01243424,0.866645,0.04492491,-0.4967429,10.17633,-149.7009,6.327942
06.12.2023 14:48:48,0.02096824,-0.8609923,0.03297838,0.5071145,-4.476767,-150.9892,5.152832,0.01251225,0.8666636,0.04509022,-0.4966936,10.1973,-149.6953,6.329346
06.12.2023 14:48:48,0.02097106,-0.8609678,0.03299066,0.5071552,-4.478152,-150.9947,5.152191,0.01271842,0.866763,0.04514034,-0.4965103,10.21432,-149.6707,6.310608
06.12.2023 14:48:48,0.02079041,-0.8610243,0.03297846,0.5070674,-4.466419,-150.9834,5.135498,0.01302145,0.8668289,0.04516368,-0.4963854,10.23413,-149.6534,6.281006
06.12.2023 14:48:48,0.02060724,-0.8609804,0.03297383,0.5071498,-4.455314,-150.9948,5.117218,0.01328494,0.8668114,0.04522786,-0.496403,10.25552,-149.6553,6.258545
06.12.2023 14:48:48,0.02051793,-0.8609756,0.03286565,0.5071685,-4.439429,-150.9971,5.114594,0.01356801,0.8668659,0.04513773,-0.4963083,10.26282,-149.6413,6.224579
06.12.2023 14:48:48,0.02059969,-0.8609844,0.03275893,0.5071571,-4.43364,-150.9949,5.128967,0.01384292,0.8669052,0.04501534,-0.4962432,10.26642,-149.631,6.189758
06.12.2023 14:48:48,0.02067653,-0.8609971,0.03261228,0.507142,-4.423619,-150.992,5.145203,0.01327801,0.8668845,0.04512694,-0.4962848,10.24524,-149.639,6.252716
06.12.2023 14:48:48,0.02076683,-0.8609403,0.03246963,0.5072439,-4.414797,-151.0048,5.161926,0.01236408,0.8668936,0.0454144,-0.4962661,10.22174,-149.6413,6.360168
06.12.2023 14:48:49,0.0208183,-0.8609615,0.03248529,0.5072048,-4.419333,-150.9995,5.166321,0.01171242,0.866879,0.04563107,-0.4962876,10.20612,-149.6476,6.437653
06.12.2023 14:48:49,0.02082408,-0.8610139,0.03259652,0.5071084,-4.430642,-150.9871,5.160889,0.01151478,0.8669211,0.04572829,-0.4962099,10.20462,-149.6385,6.462463
06.12.2023 14:48:49,0.0208685,-0.8609653,0.03268022,0.5071838,-4.441513,-150.9974,5.160004,0.01185815,0.8669675,0.04548066,-0.4961435,10.19968,-149.627,6.413635
06.12.2023 14:48:49,0.02075751,-0.8609008,0.0326932,0.5072968,-4.436354,-151.0128,5.147705,0.01221541,0.8670006,0.04531093,-0.4960924,10.20325,-149.618,6.367981
06.12.2023 14:48:49,0.02083468,-0.8608694,0.03265109,0.5073497,-4.436696,-151.0195,5.157501,0.01227776,0.8670232,0.04520761,-0.4960609,10.19659,-149.6129,6.355652
06.12.2023 14:48:49,0.02091938,-0.8608391,0.03253524,0.5074051,-4.430192,-151.0262,5.172363,0.01223723,0.8670099,0.04524436,-0.4960818,10.19791,-149.6161,6.361938
06.12.2023 14:48:49,0.02103128,-0.8608534,0.03249605,0.5073785,-4.43283,-151.0222,5.185852,0.01211882,0.8670186,0.04520815,-0.4960726,10.18756,-149.615,6.371613
06.12.2023 14:48:49,0.02108979,-0.8608444,0.03243487,0.5073955,-4.430196,-151.024,5.195129,0.01212301,0.8669721,0.04523456,-0.4961514,10.19031,-149.6256,6.373169
06.12.2023 14:48:49,0.02105337,-0.8607778,0.03236627,0.5075143,-4.421325,-151.0396,5.194916,0.01211937,0.8669047,0.04520413,-0.496272,10.18686,-149.6414,6.372498
06.12.2023 14:48:49,0.02098044,-0.860783,0.03239657,0.5075065,-4.420069,-151.0389,5.185974,0.01213159,0.8668272,0.04517632,-0.4964097,10.18457,-149.6594,6.370514
06.12.2023 14:48:49,0.02099939,-0.8607582,0.03239402,0.5075481,-4.420929,-151.0444,5.187775,0.01241779,0.8668264,0.04513951,-0.4964074,10.19727,-149.658,6.339874
06.12.2023 14:48:49,0.0210902,-0.8607464,0.0323352,0.5075679,-4.420412,-151.0466,5.200104,0.01222114,0.8667023,0.04529204,-0.4966151,10.20087,-149.6871,6.369476
06.12.2023 14:48:49,0.0212282,-0.8607411,0.03246136,0.5075632,-4.440912,-151.0461,5.20639,0.01204438,0.8667285,0.04544114,-0.49656,10.20572,-149.6814,6.395325
06.12.2023 14:48:49,0.02129118,-0.8607249,0.03236204,0.5075944,-4.434776,-151.0497,5.218262,0.01193377,0.8667688,0.04552362,-0.4964848,10.20773,-149.6723,6.410614
06.12.2023 14:48:49,0.02127114,-0.8607167,0.03228982,0.5076138,-4.42648,-151.052,5.220398,0.01166432,0.8668159,0.04566436,-0.496396,10.20648,-149.6623,6.445007
06.12.2023 14:48:49,0.02130479,-0.8606845,0.0322429,0.50767,-4.42382,-151.0593,5.226196,0.01149741,0.8668461,0.04573372,-0.4963408,10.20395,-149.656,6.465302
06.12.2023 14:48:49,0.02128092,-0.8606906,0.03234168,0.5076543,-4.432183,-151.0576,5.21814,0.01165373,0.86679,0.04565138,-0.4964426,10.20453,-149.6684,6.445618
06.12.2023 14:48:49,0.02128871,-0.8606873,0.03237058,0.5076576,-4.435493,-151.0582,5.217194,0.01225416,0.8667182,0.04544123,-0.4965728,10.21765,-149.6824,6.374512
06.12.2023 14:48:49,0.02127563,-0.860654,0.03242347,0.5077114,-4.439969,-151.0656,5.212555,0.01254583,0.8666863,0.045391,-0.4966256,10.22925,-149.6882,6.342896
06.12.2023 14:48:49,0.02121891,-0.8606719,0.03233844,0.5076888,-4.428259,-151.0624,5.212006,0.01228058,0.8666208,0.0454387,-0.4967423,10.21866,-149.7047,6.372742
06.12.2023 14:48:49,0.0212696,-0.8606896,0.03235837,0.5076553,-4.433173,-151.0579,5.216034,0.01151856,0.8665833,0.04558073,-0.4968129,10.18915,-149.7174,6.457245
06.12.2023 14:48:49,0.02120678,-0.8606284,0.03230935,0.5077649,-4.424697,-151.0724,5.212128,0.01102696,0.8666093,0.04561957,-0.4967751,10.16501,-149.7141,6.508209
06.12.2023 14:48:49,0.02133187,-0.8606136,0.03236831,0.507781,-4.437814,-151.0745,5.220978,0.01062072,0.8666745,0.04547286,-0.4966838,10.12741,-149.7023,6.539673
06.12.2023 14:48:49,0.02145032,-0.8606259,0.03231465,0.5077586,-4.43941,-151.071,5.235931,0.01046741,0.8667587,0.04547521,-0.4965398,10.11914,-149.6837,6.55423
06.12.2023 14:48:49,0.02148142,-0.8605852,0.03230583,0.5078269,-4.44037,-151.08,5.239166,0.01001653,0.8668723,0.04587413,-0.496314,10.13351,-149.6579,6.620728
06.12.2023 14:48:49,0.0215979,-0.8606072,0.03231312,0.5077841,-4.447865,-151.074,5.250488,0.00965176,0.8670305,0.04630757,-0.4960047,10.1564,-149.6211,6.680115
06.12.2023 14:48:49,0.02161797,-0.8606057,0.03235272,0.5077833,-4.452946,-151.074,5.250153,0.009934749,0.8671762,0.04644995,-0.4957309,10.18723,-149.585,6.658447
06.12.2023 14:48:49,0.02159178,-0.8605778,0.03244941,0.5078254,-4.460983,-151.0801,5.241699,0.01043763,0.8671713,0.04605086,-0.4957664,10.17612,-149.5853,6.585663
06.12.2023 14:48:49,0.02161583,-0.8605522,0.0324927,0.5078651,-4.466671,-151.0856,5.241333,0.01072464,0.8671014,0.04577908,-0.4959077,10.16516,-149.6013,6.542297
06.12.2023 14:48:49,0.02146633,-0.8605623,0.03245791,0.5078565,-4.45452,-151.0846,5.228638,0.01096748,0.8670506,0.04531164,-0.4960342,10.13229,-149.6141,6.492035
06.12.2023 14:48:49,0.02142225,-0.8605869,0.03241085,0.5078196,-4.447292,-151.0796,5.227203,0.01087252,0.8669929,0.04486009,-0.4961781,10.0817,-149.6303,6.47644
06.12.2023 14:48:49,0.02139668,-0.8605766,0.03230102,0.5078453,-4.434961,-151.0826,5.230957,0.01059973,0.8668813,0.04472173,-0.4963915,10.052,-149.6584,6.496918
06.12.2023 14:48:49,0.02154676,-0.8606137,0.03231002,0.5077754,-4.444578,-151.073,5.245636,0.0104548,0.8669851,0.04471397,-0.4962139,10.04327,-149.6353,6.509857
06.12.2023 14:48:49,0.02153529,-0.8605999,0.03246145,0.5077897,-4.45887,-151.0756,5.235596,0.01041065,0.8670982,0.04472942,-0.4960159,10.04266,-149.6093,6.514008
06.12.2023 14:48:49,0.02151053,-0.8605995,0.03264365,0.5077796,-4.475421,-151.0751,5.222534,0.01048426,0.8672238,0.04468065,-0.495799,10.04236,-149.5801,6.502594
06.12.2023 14:48:49,0.02140083,-0.8606526,0.03283593,0.507682,-4.487999,-151.0632,5.200989,0.01024313,0.8672585,0.04482799,-0.49573,10.04343,-149.5727,6.534668
06.12.2023 14:48:49,0.02146664,-0.8606795,0.03293194,0.5076273,-4.501305,-151.0561,5.202148,0.009948709,0.8672735,0.04508585,-0.4956863,10.05237,-149.5695,6.578552
06.12.2023 14:48:49,0.021559,-0.8607073,0.03282618,0.5075831,-4.496226,-151.0495,5.217712,0.009994285,0.8672481,0.04515037,-0.495724,10.06134,-149.5748,6.577942
06.12.2023 14:48:49,0.02170742,-0.860665,0.03285591,0.5076467,-4.507826,-151.0578,5.230316,0.01043371,0.8671452,0.04481328,-0.4959256,10.05246,-149.5979,6.515991
06.12.2023 14:48:49,0.02189535,-0.8606612,0.03277808,0.50765,-4.511087,-151.0574,5.253418,0.01121527,0.8670571,0.04438535,-0.4961009,10.05414,-149.6159,6.414581
06.12.2023 14:48:49,0.0221908,-0.8606765,0.03288835,0.507604,-4.539177,-151.051,5.276428,0.01115432,0.8669334,0.04436397,-0.4963204,10.04819,-149.645,6.420715
06.12.2023 14:48:49,0.02227603,-0.8606706,0.03304231,0.5076004,-4.55935,-151.0509,5.275909,0.01068335,0.8668543,0.04449999,-0.4964569,10.03461,-149.6654,6.476227
06.12.2023 14:48:49,0.02214036,-0.8607148,0.03325059,0.5075178,-4.572,-151.0412,5.250763,0.01004719,0.8668125,0.04465675,-0.4965289,10.01379,-149.6778,6.549011
06.12.2023 14:48:49,0.02207224,-0.8606902,0.03347035,0.507548,-4.589753,-151.0464,5.231018,0.01003852,0.866858,0.04449427,-0.4964642,9.997253,-149.6682,6.540161
06.12.2023 14:48:49,0.02192882,-0.8606637,0.03365016,0.5075874,-4.599172,-151.0528,5.206116,0.01005046,0.8668932,0.04443107,-0.4964082,9.99176,-149.6603,6.535034
06.12.2023 14:48:49,0.02185121,-0.8606693,0.03369095,0.5075784,-4.598679,-151.052,5.196106,0.01002311,0.8669664,0.04456261,-0.4962692,10.00351,-149.6429,6.544495
06.12.2023 14:48:49,0.02175479,-0.8607004,0.0335774,0.5075374,-4.581836,-151.0462,5.19342,0.009894608,0.8669739,0.04485971,-0.4962319,10.02582,-149.6404,6.574127
06.12.2023 14:48:49,0.02176911,-0.8606937,0.03341796,0.5075586,-4.566922,-151.0483,5.204041,0.009953146,0.8669796,0.04524257,-0.4961859,10.06732,-149.6367,6.590027
06.12.2023 14:48:49,0.02169389,-0.8607103,0.03334098,0.5075386,-4.55493,-151.0455,5.201202,0.01053736,0.8669153,0.04537004,-0.4962745,10.11316,-149.6476,6.539673
06.12.2023 14:48:49,0.02163707,-0.8607771,0.03321425,0.5074362,-4.539077,-151.0314,5.203522,0.01124661,0.8668824,0.04539092,-0.4963145,10.15561,-149.6509,6.470428
06.12.2023 14:48:49,0.02160748,-0.8607121,0.03325236,0.5075453,-4.541145,-151.0462,5.197815,0.01185015,0.8668547,0.04532551,-0.4963548,10.18347,-149.654,6.406799
06.12.2023 14:48:49,0.02156262,-0.8607745,0.03320432,0.5074444,-4.533762,-151.0327,5.196716,0.01187976,0.8668178,0.04523924,-0.4964265,10.17645,-149.6628,6.399323
06.12.2023 14:48:49,0.02146747,-0.860774,0.03323008,0.5074475,-4.530767,-151.0334,5.18576,0.01166779,0.8667982,0.04531281,-0.4964589,10.17163,-149.6682,6.424866
06.12.2023 14:48:49,0.0214845,-0.8608046,0.03326333,0.5073928,-4.535031,-151.0262,5.185791,0.01072473,0.8667936,0.04551987,-0.4964695,10.1384,-149.6739,6.530762
06.12.2023 14:48:49,0.02153864,-0.8607962,0.03333997,0.5073996,-4.545758,-151.0274,5.186646,0.009935159,0.8668021,0.04568192,-0.4964561,10.10947,-149.6756,6.618622
06.12.2023 14:48:49,0.02153718,-0.8608099,0.03333516,0.5073769,-4.545193,-151.0243,5.18692,0.009834579,0.8667911,0.04559897,-0.4964848,10.09543,-149.6791,6.624054
06.12.2023 14:48:49,0.02149164,-0.8608193,0.03340312,0.5073583,-4.549252,-151.0222,5.178528,0.01016718,0.8668037,0.04541662,-0.496473,10.09631,-149.6753,6.580383
06.12.2023 14:48:49,0.02149434,-0.8607851,0.03339225,0.507417,-4.548348,-151.03,5.179108,0.0106081,0.8668855,0.04528967,-0.4963325,10.10907,-149.6545,6.528351
06.12.2023 14:48:49,0.02130617,-0.8608359,0.03341014,0.5073376,-4.539143,-151.02,5.159882,0.01087824,0.8668514,0.04520924,-0.4963934,10.11639,-149.6612,6.497162
06.12.2023 14:48:49,0.02109445,-0.860904,0.0333333,0.507236,-4.519206,-151.0067,5.143982,0.01100805,0.8667395,0.0454353,-0.4965653,10.14597,-149.6851,6.49826
06.12.2023 14:48:49,0.02108598,-0.8609364,0.03314113,0.5071939,-4.499717,-151.0002,5.154572,0.01095598,0.8666391,0.04572687,-0.4967149,10.17175,-149.7071,6.521088
06.12.2023 14:48:49,0.02112699,-0.8610109,0.03295095,0.5070781,-4.483288,-150.9838,5.170319,0.01107845,0.8666142,0.04596389,-0.4967338,10.20227,-149.7109,6.522614
06.12.2023 14:48:49,0.02121026,-0.8609491,0.03286017,0.5071853,-4.479186,-150.9975,5.183319,0.01134376,0.8666976,0.04593205,-0.4965852,10.21451,-149.6902,6.493469
06.12.2023 14:48:49,0.0213115,-0.8609662,0.03279505,0.5071563,-4.478637,-150.9931,5.197266,0.01126515,0.8667419,0.04577398,-0.4965242,10.1944,-149.6813,6.491852
06.12.2023 14:48:49,0.02128742,-0.8609679,0.03286114,0.5071503,-4.483766,-150.9927,5.191071,0.01068638,0.8667553,0.04560209,-0.4965295,10.14429,-149.6825,6.539642
06.12.2023 14:48:49,0.02126106,-0.8610423,0.03292989,0.5070205,-4.488997,-150.9757,5.18512,0.0100565,0.8667291,0.04548809,-0.4965989,10.09686,-149.6928,6.596252
06.12.2023 14:48:49,0.02124743,-0.8610203,0.03302678,0.5070521,-4.497786,-150.9804,5.177948,0.009245232,0.8667996,0.04546535,-0.4964936,10.04849,-149.6811,6.67514
06.12.2023 14:48:49,0.02112371,-0.8610322,0.03292896,0.5070434,-4.480918,-150.9791,5.171478,0.009005724,0.8668633,0.04539094,-0.4963937,10.02765,-149.668,6.694122
06.12.2023 14:48:49,0.0211194,-0.8610309,0.03286362,0.5070501,-4.474212,-150.9797,5.174835,0.009218181,0.8669752,0.04528629,-0.4962038,10.02972,-149.6416,6.665863
06.12.2023 14:48:49,0.02117951,-0.8609546,0.03286327,0.5071771,-4.477701,-150.9965,5.180115,0.009432684,0.8670937,0.04519483,-0.496001,10.03323,-149.6134,6.638062
06.12.2023 14:48:49,0.02124254,-0.8609731,0.03282106,0.5071459,-4.477191,-150.992,5.188995,0.009841793,0.8671825,0.04505755,-0.4958503,10.04318,-149.5913,6.588531
06.12.2023 14:48:49,0.02116842,-0.860957,0.03284489,0.5071747,-4.475238,-150.9962,5.180115,0.009983864,0.867265,0.04491661,-0.4957159,10.03748,-149.5722,6.565521
06.12.2023 14:48:49,0.0212029,-0.8608546,0.0327464,0.5073535,-4.467552,-151.0195,5.188354,0.009829614,0.8674052,0.04484037,-0.4954805,10.02155,-149.5409,6.575134
06.12.2023 14:48:49,0.02130715,-0.8608438,0.03261773,0.5073758,-4.460914,-151.0216,5.206055,0.008936863,0.8675154,0.04524021,-0.4952681,10.01093,-149.5182,6.685822
06.12.2023 14:48:49,0.02132481,-0.8607659,0.03260982,0.5075077,-4.461192,-151.0391,5.207581,0.00888153,0.8675978,0.0453116,-0.4951183,10.01517,-149.4991,6.69455
06.12.2023 14:48:49,0.02136728,-0.8607502,0.03257756,0.5075344,-4.460485,-151.0424,5.213531,0.008944561,0.8677648,0.04533427,-0.4948222,10.02158,-149.4598,6.687866
06.12.2023 14:48:49,0.02141877,-0.8606942,0.03240258,0.5076385,-4.446224,-151.0555,5.228302,0.009184671,0.867693,0.04534753,-0.4949425,10.03632,-149.4752,6.665375
06.12.2023 14:48:49,0.02146684,-0.860688,0.03227586,0.5076551,-4.436512,-151.057,5.240356,0.009637794,0.8676482,0.04524739,-0.4950217,10.05197,-149.4836,6.614929
06.12.2023 14:48:49,0.02152894,-0.8606243,0.0322894,0.5077596,-4.441498,-151.0708,5.245178,0.009747247,0.8674894,0.04544003,-0.49528,10.0769,-149.5188,6.616547
06.12.2023 14:48:49,0.02152248,-0.8605589,0.03224652,0.5078733,-4.436918,-151.0858,5.24646,0.009656974,0.8674679,0.0455597,-0.4953086,10.08362,-149.5237,6.632568
06.12.2023 14:48:49,0.02168762,-0.8605307,0.03230955,0.5079102,-4.45278,-151.0906,5.258911,0.009529444,0.8673814,0.04572789,-0.4954469,10.09283,-149.5435,6.655762
06.12.2023 14:48:49,0.02164156,-0.8605279,0.03233307,0.5079154,-4.452419,-151.0915,5.25296,0.009492053,0.8673285,0.04568801,-0.4955439,10.08655,-149.5562,6.657745
06.12.2023 14:48:49,0.02168946,-0.8604788,0.03234051,0.5079961,-4.45597,-151.1022,5.256836,0.009411148,0.8672714,0.04558861,-0.4956546,10.07184,-149.5704,6.660767
06.12.2023 14:48:49,0.02168725,-0.8604472,0.03231289,0.5080515,-4.453129,-151.1095,5.257935,0.009074615,0.8671824,0.04576822,-0.4958001,10.07025,-149.5919,6.705475
06.12.2023 14:48:49,0.02180424,-0.8604209,0.03223043,0.5080961,-4.451821,-151.1148,5.274078,0.008837494,0.8670529,0.04590616,-0.4960179,10.07004,-149.6224,6.738281
06.12.2023 14:48:49,0.02174145,-0.8604341,0.03226865,0.5080741,-4.451927,-151.1122,5.265778,0.009089909,0.8669851,0.04590962,-0.4961316,10.08453,-149.6367,6.713989
06.12.2023 14:48:49,0.02173139,-0.8604367,0.03229651,0.5080684,-4.454091,-151.1115,5.263184,0.009335199,0.8667939,0.04574454,-0.4964762,10.08145,-149.6805,6.682098
06.12.2023 14:48:49,0.02174917,-0.8604644,0.03229846,0.5080206,-4.455305,-151.1051,5.265076,0.00940309,0.8665814,0.04562907,-0.4968564,10.07309,-149.7298,6.670929
06.12.2023 14:48:49,0.02175865,-0.8605052,0.03227743,0.5079524,-4.45376,-151.0959,5.267578,0.009566097,0.8663415,0.04560227,-0.497274,10.07895,-149.7845,6.655609
06.12.2023 14:48:49,0.02173104,-0.8604363,0.03234548,0.5080659,-4.458906,-151.1114,5.260284,0.009542552,0.8662298,0.04549611,-0.4974786,10.06665,-149.8109,6.653046
06.12.2023 14:48:49,0.02166649,-0.8604974,0.03238729,0.5079625,-4.459241,-151.098,5.251984,0.009474441,0.8662291,0.04540339,-0.4974897,10.05353,-149.812,6.654572
06.12.2023 14:48:50,0.02162717,-0.8605021,0.03230768,0.5079612,-4.449087,-151.0976,5.252777,0.009260586,0.8662933,0.04535468,-0.4973863,10.03665,-149.7985,6.672455
06.12.2023 14:48:50,0.02152046,-0.8605077,0.03233613,0.5079546,-4.445674,-151.0971,5.240601,0.008909425,0.8663454,0.04549067,-0.4972895,10.0303,-149.7877,6.714661
06.12.2023 14:48:50,0.02156385,-0.8605093,0.03236824,0.5079479,-4.451373,-151.0962,5.243042,0.008656161,0.8663999,0.04594668,-0.4971571,10.0614,-149.7741,6.76535
06.12.2023 14:48:50,0.02150799,-0.86058,0.032326,0.5078331,-4.443912,-151.0809,5.24057,0.009080131,0.8664435,0.04587012,-0.4970807,10.07819,-149.7622,6.718292
06.12.2023 14:48:50,0.02153892,-0.8605495,0.03243531,0.5078766,-4.456523,-151.087,5.23703,0.009700816,0.8664131,0.04574533,-0.4971333,10.10114,-149.7664,6.649628
06.12.2023 14:48:50,0.02135194,-0.8606095,0.03259634,0.5077725,-4.461506,-151.0743,5.209656,0.009961615,0.8664328,0.0456903,-0.4970989,10.11063,-149.7607,6.62027
06.12.2023 14:48:50,0.02133313,-0.8605967,0.03268778,0.5077892,-4.469446,-151.077,5.202393,0.009936483,0.8664742,0.04565077,-0.4970309,10.10538,-149.7515,6.620117
06.12.2023 14:48:50,0.02140721,-0.8606354,0.03276442,0.5077155,-4.481315,-151.0673,5.205597,0.009762778,0.8665408,0.0456461,-0.4969188,10.09521,-149.7372,6.636475
06.12.2023 14:48:50,0.02157036,-0.8606464,0.03277569,0.5076892,-4.491927,-151.0634,5.221222,0.009564526,0.866602,0.04551053,-0.4968282,10.07059,-149.7248,6.647888
06.12.2023 14:48:50,0.02179221,-0.8606514,0.03272297,0.5076746,-4.499641,-151.0607,5.246307,0.009537555,0.8666919,0.04541041,-0.496681,10.05936,-149.7047,6.643951
06.12.2023 14:48:50,0.02207327,-0.8606343,0.03274862,0.5076898,-4.518554,-151.0621,5.272522,0.009311099,0.866715,0.0453448,-0.4966511,10.03998,-149.7009,6.662567
06.12.2023 14:48:50,0.02230276,-0.8606176,0.03293431,0.507696,-4.55027,-151.0632,5.284332,0.009018341,0.8667326,0.04524393,-0.4966349,10.01328,-149.6989,6.685822
06.12.2023 14:48:50,0.02226715,-0.8606187,0.03314032,0.5076824,-4.568543,-151.0623,5.26886,0.008805132,0.8666835,0.04511289,-0.4967363,9.987885,-149.7121,6.700104
06.12.2023 14:48:50,0.02221276,-0.8606403,0.03339783,0.5076312,-4.590798,-151.0568,5.248718,0.008656283,0.8666695,0.04511564,-0.4967631,9.979584,-149.7161,6.71524
06.12.2023 14:48:50,0.02201624,-0.860633,0.03341412,0.5076512,-4.580962,-151.06,5.22821,0.008863566,0.8666727,0.04506959,-0.4967581,9.986847,-149.7145,6.691925
06.12.2023 14:48:50,0.02175682,-0.8606311,0.03350555,0.5076596,-4.574883,-151.0622,5.197174,0.008886144,0.8667411,0.04512496,-0.4966334,9.993896,-149.6983,6.692139
06.12.2023 14:48:50,0.02174257,-0.8606363,0.03344792,0.5076551,-4.568358,-151.0614,5.199158,0.00894261,0.8667065,0.04522495,-0.4966837,10.00696,-149.7055,6.692566
06.12.2023 14:48:50,0.02168352,-0.8606279,0.0333684,0.507677,-4.557068,-151.0641,5.197845,0.009283657,0.8666624,0.04514148,-0.4967618,10.01797,-149.7142,6.654266
06.12.2023 14:48:50,0.02165854,-0.8606585,0.03329664,0.5076309,-4.548512,-151.0577,5.199799,0.009532742,0.8666284,0.04500912,-0.4968284,10.01892,-149.7214,6.622223
06.12.2023 14:48:50,0.02171707,-0.8606858,0.03326705,0.5075842,-4.548987,-151.0512,5.207581,0.009818895,0.8666374,0.04474843,-0.4968308,10.00934,-149.7191,6.578766
06.12.2023 14:48:50,0.02164846,-0.8607174,0.03325957,0.507534,-4.54424,-151.0446,5.201508,0.0096082,0.8665751,0.04472391,-0.4969457,9.994659,-149.7348,6.598999
06.12.2023 14:48:50,0.0216615,-0.8607422,0.03336374,0.5074846,-4.55528,-151.0385,5.19696,0.009000952,0.8665417,0.04474225,-0.4970136,9.96167,-149.7457,6.660919
06.12.2023 14:48:50,0.02166037,-0.8607996,0.03342571,0.507383,-4.561315,-151.0252,5.193756,0.008511427,0.8664585,0.04465077,-0.4971755,9.924286,-149.7679,6.705292
06.12.2023 14:48:50,0.02164665,-0.8608242,0.03340691,0.5073433,-4.558649,-151.0199,5.193726,0.008240447,0.8664849,0.04443933,-0.4971531,9.887848,-149.7643,6.720001
06.12.2023 14:48:50,0.02170362,-0.8608431,0.03344548,0.5073062,-4.565769,-151.015,5.197296,0.008176453,0.8663746,0.04439309,-0.4973504,9.879211,-149.7903,6.724823
06.12.2023 14:48:50,0.0217658,-0.8608415,0.0334324,0.5073072,-4.568096,-151.0149,5.204224,0.008306358,0.8663681,0.04426177,-0.4973713,9.873535,-149.7917,6.704437
06.12.2023 14:48:50,0.02173183,-0.8608405,0.03335856,0.507315,-4.558825,-151.0157,5.205109,0.008327052,0.8664665,0.04424925,-0.4972006,9.87381,-149.769,6.700714
06.12.2023 14:48:50,0.02169549,-0.8608412,0.03341379,0.5073119,-4.562165,-151.0156,5.198303,0.00819235,0.8665224,0.04457661,-0.4970762,9.898895,-149.7552,6.732239
06.12.2023 14:48:50,0.02155769,-0.8608321,0.03347175,0.5073294,-4.559873,-151.0185,5.181213,0.008262154,0.8666102,0.04470335,-0.4969106,9.915802,-149.7339,6.731628
06.12.2023 14:48:50,0.0213624,-0.860819,0.03333835,0.5073686,-4.535329,-151.0237,5.169464,0.008635836,0.866704,0.04468784,-0.496742,9.935944,-149.7104,6.692566
06.12.2023 14:48:50,0.02131395,-0.8608213,0.03320261,0.5073757,-4.519098,-151.0241,5.172577,0.00894078,0.8667269,0.04465458,-0.4966997,9.950104,-149.7037,6.660065
06.12.2023 14:48:50,0.02134878,-0.8608171,0.03306106,0.5073906,-4.507144,-151.0254,5.184204,0.008972185,0.866746,0.04471491,-0.4966603,9.957977,-149.6988,6.660187
06.12.2023 14:48:50,0.02146262,-0.8607938,0.03289113,0.5074363,-4.496994,-151.0305,5.205139,0.008985642,0.8667675,0.04459903,-0.4966329,9.947296,-149.6943,6.652008
06.12.2023 14:48:50,0.02149792,-0.8607996,0.03290442,0.5074242,-4.50036,-151.0288,5.207916,0.009209755,0.8667985,0.0443106,-0.4966006,9.931458,-149.6874,6.612946
06.12.2023 14:48:50,0.02155775,-0.860769,0.03296144,0.5074698,-4.509488,-151.035,5.210266,0.009349027,0.8668126,0.04419346,-0.4965839,9.927795,-149.684,6.592255
06.12.2023 14:48:50,0.02141962,-0.86077,0.03304435,0.5074684,-4.509635,-151.0355,5.191772,0.008724769,0.8668085,0.04434144,-0.4965892,9.90686,-149.6875,6.662964
06.12.2023 14:48:50,0.02142681,-0.860806,0.03315439,0.5073999,-4.520911,-151.0269,5.186432,0.008138485,0.866849,0.0445244,-0.496512,9.891754,-149.6802,6.731415
06.12.2023 14:48:50,0.02130108,-0.8608017,0.03316572,0.5074118,-4.514711,-151.0288,5.173279,0.00771318,0.8669013,0.04481349,-0.4964015,9.896454,-149.6688,6.789734
06.12.2023 14:48:50,0.02139081,-0.8607935,0.03317175,0.5074215,-4.520534,-151.0299,5.181732,0.007792323,0.8668845,0.04491913,-0.4964199,9.911438,-149.6718,6.788025
06.12.2023 14:48:50,0.02144805,-0.8607958,0.03309873,0.5074201,-4.516653,-151.0293,5.191681,0.008412501,0.8668329,0.04481977,-0.496509,9.936768,-149.6811,6.721069
06.12.2023 14:48:50,0.02157654,-0.8607851,0.03300853,0.5074385,-4.515227,-151.031,5.209534,0.008658694,0.8667768,0.04479982,-0.4966045,9.948639,-149.6929,6.695953
06.12.2023 14:48:50,0.02164828,-0.8607528,0.03302676,0.5074893,-4.521219,-151.0377,5.215302,0.008927078,0.8667448,0.04482851,-0.4966529,9.966705,-149.6987,6.671143
06.12.2023 14:48:50,0.02167313,-0.8607751,0.03303524,0.5074497,-4.523495,-151.0324,5.217468,0.008876409,0.8667453,0.0449057,-0.496646,9.971527,-149.6985,6.680603
06.12.2023 14:48:50,0.02172351,-0.8607772,0.03304483,0.5074434,-4.527374,-151.0314,5.221924,0.008420687,0.8667014,0.04515634,-0.4967078,9.970306,-149.7097,6.740723
06.12.2023 14:48:50,0.02170661,-0.8607632,0.03300373,0.5074704,-4.522336,-151.0349,5.222534,0.008124972,0.8666649,0.04534724,-0.4967591,9.97229,-149.7187,6.781433
06.12.2023 14:48:50,0.02173606,-0.8607743,0.03305191,0.5074474,-4.528805,-151.032,5.222748,0.007684602,0.8666509,0.04559974,-0.4967674,9.972229,-149.7229,6.839844
06.12.2023 14:48:50,0.02173437,-0.8607318,0.03303304,0.5075206,-4.526861,-151.0416,5.223297,0.00758599,0.8666638,0.04556872,-0.4967493,9.963562,-149.7206,6.847778
06.12.2023 14:48:50,0.02176777,-0.8607445,0.03292429,0.5075049,-4.518059,-151.039,5.233032,0.007801944,0.8666739,0.04548294,-0.4967362,9.967407,-149.7176,6.821289
06.12.2023 14:48:50,0.02181714,-0.8607053,0.03292263,0.5075693,-4.520788,-151.0475,5.237671,0.007731783,0.8665699,0.04553822,-0.4969137,9.968506,-149.7417,6.832458
06.12.2023 14:48:50,0.02178339,-0.8607359,0.03293019,0.5075182,-4.519554,-151.0408,5.234161,0.007535954,0.8665186,0.0457304,-0.4969885,9.976257,-149.7535,6.863434
06.12.2023 14:48:50,0.02175862,-0.8607048,0.03293219,0.5075719,-4.518324,-151.048,5.231323,0.007770401,0.8664901,0.04579252,-0.4970287,9.995758,-149.7586,6.843903
06.12.2023 14:48:50,0.02178395,-0.8607006,0.03298598,0.5075746,-4.525115,-151.0485,5.230652,0.008202805,0.8664532,0.04582738,-0.4970828,10.0238,-149.7648,6.803192
06.12.2023 14:48:50,0.0217493,-0.860653,0.03299477,0.5076562,-4.523986,-151.0595,5.226288,0.008660383,0.8664173,0.04575196,-0.4971447,10.04233,-149.7711,6.753632
06.12.2023 14:48:50,0.02177504,-0.8606579,0.03298793,0.5076473,-4.524807,-151.0582,5.229279,0.008932914,0.8663772,0.04571682,-0.497213,10.05426,-149.7791,6.724884
06.12.2023 14:48:50,0.02174439,-0.8606057,0.0330568,0.5077326,-4.529847,-151.07,5.221771,0.009075486,0.8663754,0.04562159,-0.4972223,10.05292,-149.7792,6.705261
06.12.2023 14:48:50,0.02183527,-0.8606157,0.03301276,0.5077144,-4.530787,-151.0671,5.233429,0.00878196,0.8663308,0.04562683,-0.4973048,10.0365,-149.791,6.735291
06.12.2023 14:48:50,0.02178081,-0.8606352,0.03309861,0.5076783,-4.536086,-151.0628,5.223236,0.007852901,0.8662679,0.04585613,-0.4974089,10.00598,-149.8092,6.841553
06.12.2023 14:48:50,0.02178623,-0.8606078,0.03305241,0.5077274,-4.53185,-151.0692,5.226196,0.007075824,0.8662094,0.04598929,-0.4975101,9.974548,-149.8258,6.927155
06.12.2023 14:48:50,0.02184393,-0.8606073,0.03308862,0.5077234,-4.538787,-151.0686,5.229797,0.007040943,0.8661167,0.04576071,-0.4976929,9.949432,-149.8485,6.918488
06.12.2023 14:48:50,0.02195117,-0.8606206,0.03315366,0.5076922,-4.551453,-151.0645,5.236786,0.007172828,0.8660406,0.04548897,-0.4978485,9.929657,-149.8668,6.890594
06.12.2023 14:48:50,0.02197652,-0.8606185,0.0331594,0.5076941,-4.553498,-151.0647,5.238953,0.007590571,0.8659997,0.04539765,-0.4979216,9.944336,-149.8746,6.844208
06.12.2023 14:48:50,0.02196154,-0.8606057,0.03326824,0.5077093,-4.56338,-151.0673,5.231018,0.007807306,0.8659866,0.04538805,-0.497942,9.955719,-149.8766,6.822205
06.12.2023 14:48:50,0.02189118,-0.8606002,0.03321199,0.5077254,-4.553728,-151.0693,5.227264,0.008105371,0.8661165,0.04531759,-0.4977177,9.966248,-149.8456,6.787201
06.12.2023 14:48:50,0.02178943,-0.860581,0.03324629,0.50776,-4.551197,-151.0744,5.215027,0.00834972,0.8662687,0.04517137,-0.497462,9.966217,-149.8099,6.752991
06.12.2023 14:48:50,0.02177447,-0.860648,0.03315258,0.5076534,-4.541041,-151.0598,5.219574,0.008165641,0.866428,0.04533598,-0.4971727,9.972656,-149.7733,6.779114
06.12.2023 14:48:50,0.02168996,-0.8606744,0.03321518,0.5076082,-4.542291,-151.0542,5.207794,0.007549971,0.8664566,0.04564979,-0.4971037,9.968811,-149.7682,6.858063
06.12.2023 14:48:50,0.02173194,-0.8606959,0.0332959,0.5075645,-4.5527,-151.0487,5.207458,0.007076161,0.866482,0.04568909,-0.4970628,9.94574,-149.7644,6.907257
06.12.2023 14:48:50,0.02153591,-0.8606885,0.03343337,0.5075763,-4.554864,-151.0513,5.179993,0.007263511,0.8665485,0.04537408,-0.4969729,9.925323,-149.7497,6.869965
06.12.2023 14:48:50,0.02158676,-0.8607602,0.03350645,0.5074478,-4.565019,-151.0344,5.181427,0.007444374,0.8665503,0.04505326,-0.4969964,9.903717,-149.75,6.833649
06.12.2023 14:48:50,0.02153223,-0.8607586,0.03352684,0.5074515,-4.563859,-151.0351,5.174835,0.00737891,0.8665296,0.04495227,-0.4970427,9.889832,-149.7556,6.834625
06.12.2023 14:48:50,0.02169368,-0.8608122,0.03347097,0.5073573,-4.56772,-151.0219,5.19455,0.006894559,0.8664544,0.04518404,-0.4971597,9.884949,-149.7741,6.89682
06.12.2023 14:48:50,0.02195873,-0.8607699,0.03330912,0.5074284,-4.567181,-151.03,5.229858,0.006827483,0.8663488,0.04530473,-0.4973335,9.892731,-149.7982,6.911438
06.12.2023 14:48:50,0.02222134,-0.8607463,0.03321282,0.5074633,-4.572969,-151.0335,5.261261,0.007190276,0.8663114,0.04519904,-0.4974032,9.902802,-149.8057,6.869629
06.12.2023 14:48:50,0.02256586,-0.8607209,0.03330603,0.507485,-4.60225,-151.0359,5.289764,0.007762555,0.8663065,0.04483644,-0.4974359,9.899414,-149.8058,6.791992
06.12.2023 14:48:50,0.02264134,-0.8607683,0.03346363,0.507391,-4.622186,-151.0239,5.288544,0.007946714,0.8663251,0.04464433,-0.4974178,9.8909,-149.8016,6.762512
06.12.2023 14:48:50,0.02251283,-0.8607247,0.03361913,0.5074602,-4.630088,-151.0341,5.266388,0.008545823,0.866256,0.04411489,-0.4975756,9.872223,-149.8171,6.673309
06.12.2023 14:48:50,0.02232108,-0.8607115,0.03375075,0.5074825,-4.631931,-151.0382,5.239594,0.008559375,0.8662735,0.04353392,-0.497596,9.815247,-149.8159,6.638641
06.12.2023 14:48:50,0.02212663,-0.8606921,0.03372676,0.5075254,-4.618248,-151.0443,5.221527,0.007921934,0.8663216,0.04376295,-0.4975027,9.801727,-149.8068,6.714752
06.12.2023 14:48:50,0.02196218,-0.8606342,0.0335868,0.5076401,-4.594869,-151.0594,5.21283,0.007602894,0.8663229,0.0439949,-0.4974849,9.80658,-149.8069,6.759735
06.12.2023 14:48:50,0.02195828,-0.8606339,0.0335189,0.5076453,-4.587935,-151.0598,5.2164,0.007516971,0.8663868,0.04428714,-0.4973491,9.830994,-149.7912,6.784363
06.12.2023 14:48:50,0.02185378,-0.8606163,0.03339149,0.5076879,-4.569271,-151.0652,5.213287,0.007630083,0.8664684,0.04454114,-0.4971825,9.863037,-149.7706,6.786774
06.12.2023 14:48:50,0.02177162,-0.8606362,0.03333796,0.5076613,-4.55919,-151.0616,5.208435,0.007859088,0.8664755,0.04462068,-0.4971593,9.884064,-149.7674,6.768433
06.12.2023 14:48:50,0.02165735,-0.8606393,0.03326781,0.5076655,-4.545604,-151.0622,5.201202,0.007897508,0.8664955,0.04471598,-0.4971153,9.895813,-149.7621,6.769836
06.12.2023 14:48:50,0.02159731,-0.8607224,0.03322143,0.5075303,-4.537493,-151.0441,5.198669,0.007742214,0.8664905,0.04479378,-0.4971194,9.894684,-149.7637,6.789795
06.12.2023 14:48:50,0.02148025,-0.8606891,0.03325744,0.5075892,-4.534245,-151.0524,5.184692,0.007637194,0.8664989,0.04500049,-0.4970877,9.909302,-149.7612,6.811951
06.12.2023 14:48:50,0.02145397,-0.8607335,0.03329054,0.5075129,-4.535968,-151.0424,5.180573,0.007774357,0.8665537,0.04493601,-0.496996,9.910919,-149.7482,6.794067
06.12.2023 14:48:50,0.0215764,-0.8607318,0.03322266,0.507515,-4.536393,-151.0421,5.196625,0.008035423,0.8665884,0.04474073,-0.4969489,9.906494,-149.7399,6.756561
06.12.2023 14:48:50,0.02155123,-0.8607928,0.0332726,0.5074096,-4.539837,-151.0284,5.191772,0.007823303,0.86655,0.04474983,-0.4970184,9.895142,-149.7497,6.778625
06.12.2023 14:48:50,0.02155481,-0.860827,0.03323121,0.507354,-4.535944,-151.0208,5.194855,0.007569295,0.8664555,0.04494456,-0.4971696,9.899689,-149.7719,6.815948
06.12.2023 14:48:51,0.02146215,-0.8607647,0.03322449,0.5074641,-4.529909,-151.0356,5.185486,0.007531162,0.8664373,0.04506535,-0.497191,9.909454,-149.7757,6.826813
06.12.2023 14:48:51,0.02140499,-0.8608218,0.03326002,0.5073672,-4.53007,-151.023,5.178284,0.007686912,0.8664376,0.04525395,-0.4971711,9.937134,-149.7739,6.822052
06.12.2023 14:48:51,0.02121467,-0.8608483,0.03328068,0.5073289,-4.521023,-151.0185,5.158447,0.00782977,0.8664207,0.04528011,-0.4971956,9.947845,-149.7769,6.809479
06.12.2023 14:48:51,0.02119772,-0.8608109,0.0332383,0.5073959,-4.51586,-151.0273,5.158875,0.00779634,0.8663719,0.04540195,-0.4972701,9.957886,-149.7878,6.820251
06.12.2023 14:48:51,0.02107831,-0.8608946,0.03308063,0.507269,-4.493306,-151.01,5.156952,0.007737338,0.8663326,0.04539138,-0.4973406,9.953339,-149.7972,6.825897
06.12.2023 14:48:51,0.02112704,-0.8608673,0.03296909,0.5073206,-4.485132,-151.0162,5.167999,0.007822838,0.866301,0.04518015,-0.4974135,9.937073,-149.8051,6.805664
06.12.2023 14:48:51,0.02115115,-0.8608559,0.03291247,0.5073426,-4.480945,-151.0189,5.173584,0.007882392,0.8661969,0.0449229,-0.4976171,9.91449,-149.8301,6.786072
06.12.2023 14:48:51,0.02115905,-0.8608729,0.03280867,0.5073203,-4.471144,-151.0154,5.180542,0.007808718,0.8661458,0.04494709,-0.4977049,9.912506,-149.8421,6.795319
06.12.2023 14:48:51,0.02121678,-0.8608971,0.03288181,0.5072721,-4.481723,-151.0092,5.18222,0.007506997,0.8660737,0.0450438,-0.4978265,9.904602,-149.8598,6.831573
06.12.2023 14:48:51,0.0211038,-0.8609102,0.03294529,0.5072504,-4.481413,-151.0068,5.16748,0.006970661,0.865997,0.04531217,-0.4979432,9.90033,-149.8786,6.901062
06.12.2023 14:48:51,0.02094622,-0.8609282,0.03303372,0.5072204,-4.480973,-151.0036,5.146881,0.006927595,0.8660588,0.04531272,-0.4978362,9.898132,-149.8646,6.904785
06.12.2023 14:48:51,0.02080607,-0.8609523,0.03309011,0.5071817,-4.478381,-150.9991,5.129913,0.007405472,0.8661326,0.04516861,-0.497714,9.911438,-149.846,6.848236
06.12.2023 14:48:51,0.02078784,-0.860962,0.03307136,0.5071672,-4.475465,-150.9971,5.129303,0.007758914,0.8661779,0.04494105,-0.4976505,9.90918,-149.835,6.799591
06.12.2023 14:48:51,0.02085535,-0.8609875,0.03316139,0.5071152,-4.488282,-150.9904,5.130981,0.007881877,0.8661851,0.04485344,-0.4976439,9.907501,-149.8332,6.782288
06.12.2023 14:48:51,0.02093711,-0.8610007,0.03308293,0.5070947,-4.485284,-150.9871,5.143768,0.007983203,0.8661947,0.04488781,-0.4976226,9.916748,-149.8303,6.774048
06.12.2023 14:48:51,0.02088897,-0.8610345,0.03289763,0.5070513,-4.464164,-150.9806,5.150024,0.008038139,0.8661562,0.04489471,-0.497688,9.920471,-149.8388,6.769379
06.12.2023 14:48:51,0.02086584,-0.8610818,0.03291751,0.5069706,-4.464768,-150.97,5.147003,0.008144175,0.8661816,0.04486374,-0.4976448,9.923523,-149.8326,6.756775
06.12.2023 14:48:51,0.0208466,-0.8610741,0.03287161,0.5069875,-4.459116,-150.9721,5.147705,0.008075587,0.8662755,0.04491523,-0.4974779,9.925079,-149.811,6.765625
06.12.2023 14:48:51,0.02085228,-0.8610755,0.03283895,0.506987,-4.456218,-150.9719,5.150177,0.007753814,0.866297,0.04513166,-0.4974259,9.928284,-149.8066,6.809814
06.12.2023 14:48:51,0.02090674,-0.8610817,0.03287625,0.5069718,-4.463071,-150.9699,5.153442,0.007585932,0.8662481,0.04521511,-0.4975062,9.926819,-149.8183,6.831787
06.12.2023 14:48:51,0.0209327,-0.8610707,0.03285499,0.5069908,-4.462483,-150.9723,5.157166,0.007568551,0.8662537,0.04519377,-0.4974987,9.923706,-149.8172,6.832245
06.12.2023 14:48:51,0.02094741,-0.8611192,0.03276925,0.5069133,-4.454851,-150.9615,5.164032,0.007603748,0.8662106,0.04520421,-0.497572,9.926605,-149.8269,6.829742
06.12.2023 14:48:51,0.02096089,-0.8611067,0.03273934,0.506936,-4.452683,-150.9644,5.166992,0.007434204,0.8661512,0.04538836,-0.4976612,9.935028,-149.8405,6.857727
06.12.2023 14:48:51,0.02094591,-0.8610662,0.03272402,0.5070063,-4.450311,-150.9738,5.166046,0.007833445,0.8661602,0.04541056,-0.4976375,9.960114,-149.8364,6.819153
06.12.2023 14:48:51,0.02095277,-0.8610941,0.03266574,0.5069625,-4.444942,-150.9677,5.170349,0.008332113,0.8661849,0.04523962,-0.4976019,9.97171,-149.829,6.759491
06.12.2023 14:48:51,0.0209674,-0.8610219,0.03269165,0.5070827,-4.448378,-150.9837,5.169647,0.00898369,0.8662641,0.04496494,-0.4974776,9.981934,-149.8087,6.678101
06.12.2023 14:48:51,0.02093757,-0.86098,0.03268259,0.5071557,-4.445761,-150.9935,5.16684,0.009208613,0.8663167,0.04472264,-0.4974037,9.970825,-149.7966,6.641357
06.12.2023 14:48:51,0.02089003,-0.8609648,0.03271819,0.5071812,-4.446517,-150.9972,5.159943,0.008740962,0.8662863,0.04476142,-0.4974616,9.947845,-149.8059,6.69046
06.12.2023 14:48:51,0.02085234,-0.8609406,0.03279168,0.507219,-4.451591,-151.0026,5.151733,0.00766532,0.8661907,0.04514251,-0.4976113,9.92392,-149.8315,6.820282
06.12.2023 14:48:51,0.02082043,-0.8609302,0.03280779,0.5072371,-4.451329,-151.0052,5.147522,0.007142943,0.8660237,0.04529111,-0.4978964,9.908173,-149.8718,6.882446
06.12.2023 14:48:51,0.02076881,-0.8608819,0.03278876,0.5073224,-4.446459,-151.0166,5.143097,0.007159374,0.8658763,0.04513648,-0.4981664,9.893188,-149.9065,6.873444
06.12.2023 14:48:51,0.02080013,-0.8609043,0.03273321,0.5072867,-4.442787,-151.0115,5.149628,0.007600397,0.8657022,0.04482903,-0.4984901,9.887207,-149.9459,6.81369
06.12.2023 14:48:51,0.020804,-0.8608823,0.03269054,0.5073267,-4.438803,-151.0167,5.152283,0.008091566,0.8656704,0.04470604,-0.4985487,9.903015,-149.9515,6.758057
06.12.2023 14:48:51,0.02078102,-0.860921,0.03265247,0.5072644,-4.433693,-151.0082,5.152557,0.008258387,0.8657873,0.04473632,-0.4983402,9.916016,-149.9236,6.742035
06.12.2023 14:48:51,0.02090843,-0.8608744,0.03276284,0.507331,-4.452027,-151.0173,5.158386,0.008284456,0.865952,0.04473373,-0.4980536,9.917816,-149.8855,6.737671
06.12.2023 14:48:51,0.02089341,-0.8608955,0.03286484,0.5072892,-4.461223,-151.0122,5.151154,0.008257944,0.866223,0.04473489,-0.4975825,9.917358,-149.8231,6.737701
06.12.2023 14:48:51,0.0209693,-0.8609154,0.0328642,0.5072523,-4.465572,-151.0071,5.158875,0.008156452,0.8665049,0.04452139,-0.4971123,9.891296,-149.7596,6.732849
06.12.2023 14:48:51,0.0208989,-0.8608928,0.0329268,0.5072897,-4.467665,-151.0125,5.148071,0.007832015,0.8667166,0.04438034,-0.4967609,9.859436,-149.7131,6.755066
06.12.2023 14:48:51,0.02077349,-0.8608819,0.03294244,0.5073122,-4.461913,-151.0159,5.134644,0.006627605,0.8668443,0.04464693,-0.4965317,9.817688,-149.688,6.889008
06.12.2023 14:48:51,0.02083789,-0.8608593,0.03303536,0.5073419,-4.474849,-151.0201,5.135437,0.005649527,0.8669501,0.04514525,-0.496314,9.81192,-149.6654,7.013824
06.12.2023 14:48:51,0.02086951,-0.8608921,0.0330447,0.5072845,-4.477603,-151.0124,5.138306,0.004205577,0.8672656,0.04516188,-0.4957753,9.732544,-149.5983,7.155609
06.12.2023 14:48:51,0.02078894,-0.8609018,0.03312605,0.5072659,-4.480948,-151.0105,5.125702,0.003677189,0.8674463,0.04443078,-0.4955294,9.630341,-149.5619,7.165009
06.12.2023 14:48:51,0.02082773,-0.8609276,0.03327242,0.5072109,-4.497661,-151.0037,5.121277,0.005543591,0.8675466,0.04324904,-0.495441,9.619263,-149.537,6.910858
06.12.2023 14:48:51,0.02089007,-0.8609523,0.03336209,0.5071606,-4.510144,-150.9973,5.122467,0.006883767,0.8675489,0.04279161,-0.4954597,9.649994,-149.5327,6.751221
06.12.2023 14:48:51,0.02097755,-0.8609539,0.03341162,0.5071509,-4.520127,-150.9959,5.128265,0.007748258,0.8674796,0.0431045,-0.4955412,9.730194,-149.5432,6.683441
06.12.2023 14:48:51,0.02116464,-0.8609458,0.03332235,0.5071629,-4.522197,-150.9967,5.151947,0.008075477,0.8674799,0.04349254,-0.4955017,9.787506,-149.5397,6.672852
06.12.2023 14:48:51,0.02167492,-0.8609028,0.03320342,0.5072219,-4.540159,-151.0027,5.209045,0.008713316,0.8675234,0.04350317,-0.4954137,9.825043,-149.5263,6.609406
06.12.2023 14:48:51,0.02202174,-0.8608886,0.03311906,0.5072367,-4.552016,-151.0034,5.248199,0.009167016,0.8675973,0.0432452,-0.4952987,9.825409,-149.5081,6.548767
06.12.2023 14:48:51,0.0222026,-0.8608315,0.0330964,0.5073273,-4.560333,-151.0149,5.266937,0.009014827,0.8677312,0.0428386,-0.4951023,9.776611,-149.4799,6.539581
06.12.2023 14:48:51,0.0222696,-0.8608048,0.03322666,0.5073611,-4.577116,-151.0198,5.265778,0.008678696,0.8678308,0.04247382,-0.494965,9.721436,-149.4603,6.551453
06.12.2023 14:48:51,0.02220707,-0.860801,0.03339138,0.5073594,-4.589749,-151.0205,5.249969,0.008924251,0.8678915,0.04194562,-0.4948994,9.682922,-149.4475,6.496399
06.12.2023 14:48:51,0.0219524,-0.8607559,0.03340191,0.5074463,-4.575984,-151.0328,5.223694,0.009404948,0.8679205,0.04150965,-0.4948764,9.666901,-149.4404,6.423431
06.12.2023 14:48:51,0.02168952,-0.8606758,0.03347649,0.5075884,-4.568075,-151.0528,5.192596,0.0100829,0.8679296,0.04151358,-0.4948468,9.705872,-149.4346,6.355927
06.12.2023 14:48:51,0.02169081,-0.860604,0.03348168,0.5077098,-4.56869,-151.069,5.191772,0.01030363,0.8679062,0.04203836,-0.4948388,9.770691,-149.4363,6.363861
06.12.2023 14:48:51,0.0216339,-0.8605782,0.03334912,0.5077646,-4.552292,-151.0758,5.193604,0.01058034,0.8679363,0.04261143,-0.4947313,9.843628,-149.4249,6.368439
06.12.2023 14:48:51,0.02164372,-0.8605669,0.03327001,0.5077885,-4.545055,-151.0786,5.199066,0.01085773,0.8680193,0.04295154,-0.4945501,9.893555,-149.4023,6.359192
06.12.2023 14:48:51,0.02157158,-0.8605598,0.03316762,0.5078105,-4.530742,-151.0813,5.197815,0.01144142,0.8680962,0.04291084,-0.4944055,9.922882,-149.3813,6.297852
06.12.2023 14:48:51,0.02142482,-0.8605547,0.03303018,0.5078343,-4.508619,-151.0842,5.191193,0.01178584,0.8681435,0.04285112,-0.4943196,9.936615,-149.3685,6.259583
06.12.2023 14:48:51,0.02135493,-0.8606148,0.03305082,0.507734,-4.506564,-151.0711,5.183624,0.01157451,0.8681679,0.04273847,-0.4942913,9.913452,-149.3647,6.274078
06.12.2023 14:48:51,0.02135984,-0.860644,0.03313002,0.507679,-4.514662,-151.0641,5.179749,0.010829,0.8682196,0.04298868,-0.4941958,9.896179,-149.3558,6.362183
06.12.2023 14:48:51,0.02138575,-0.8607433,0.03314564,0.5075086,-4.517678,-151.0414,5.182312,0.01020568,0.8682259,0.04333819,-0.4941675,9.89566,-149.3561,6.444183
06.12.2023 14:48:51,0.02147644,-0.860826,0.03314254,0.5073646,-4.522621,-151.022,5.1922,0.01002522,0.8683312,0.04346742,-0.4939747,9.89859,-149.332,6.468475
06.12.2023 14:48:51,0.02158347,-0.8608652,0.03322043,0.5072885,-4.536531,-151.0119,5.198639,0.01081913,0.8683895,0.04348256,-0.4938542,9.945374,-149.3139,6.389435
06.12.2023 14:48:51,0.02164705,-0.8608762,0.03308521,0.507276,-4.526869,-151.0095,5.212891,0.01182269,0.868429,0.04333683,-0.4937746,9.987915,-149.2995,6.280518
06.12.2023 14:48:51,0.02159487,-0.8609102,0.03312898,0.5072178,-4.528143,-151.002,5.205475,0.01232263,0.8684424,0.04333848,-0.4937386,10.01648,-149.2933,6.23053
06.12.2023 14:48:51,0.02154737,-0.8609294,0.03310389,0.5071888,-4.522892,-150.9982,5.202423,0.01235443,0.8683125,0.04355474,-0.493947,10.03955,-149.3221,6.240906
06.12.2023 14:48:51,0.02139547,-0.8609381,0.03314012,0.5071781,-4.517629,-150.9973,5.185333,0.01227768,0.8682317,0.04366802,-0.4940812,10.04626,-149.3408,6.255798
06.12.2023 14:48:51,0.02127703,-0.8609257,0.03300915,0.5072126,-4.497799,-151.0016,5.181061,0.01181475,0.8680998,0.04377943,-0.4943142,10.03073,-149.3737,6.309723
06.12.2023 14:48:51,0.021217,-0.8609146,0.03295258,0.5072377,-4.488721,-151.0049,5.178314,0.01143524,0.8681765,0.04388738,-0.4941789,10.02014,-149.3577,6.352966
06.12.2023 14:48:51,0.02134653,-0.8609051,0.03278332,0.5072594,-4.47954,-151.0067,5.200897,0.0117506,0.8683072,0.04384368,-0.4939457,10.03406,-149.3256,6.317657
06.12.2023 14:48:51,0.02129502,-0.8608538,0.03281746,0.5073463,-4.479936,-151.0186,5.193329,0.01214455,0.8683876,0.04385879,-0.4937935,10.05814,-149.3044,6.27832
06.12.2023 14:48:51,0.02136452,-0.86078,0.03279384,0.5074701,-4.481677,-151.0348,5.200958,0.01241317,0.8684582,0.04393213,-0.493656,10.0809,-149.2859,6.254883
06.12.2023 14:48:51,0.02139518,-0.8607471,0.03280177,0.5075241,-4.484259,-151.042,5.203247,0.01280687,0.8684343,0.04414368,-0.4936691,10.1243,-149.2878,6.227753
06.12.2023 14:48:51,0.0213057,-0.8607345,0.03270767,0.5075554,-4.469758,-151.046,5.199707,0.01367672,0.8685294,0.04435761,-0.4934592,10.19522,-149.2588,6.151886
06.12.2023 14:48:51,0.02128758,-0.860631,0.03263584,0.5077362,-4.461648,-151.0698,5.201172,0.01428903,0.868593,0.044233,-0.4933412,10.21768,-149.2405,6.082916
06.12.2023 14:48:51,0.02116579,-0.8606124,0.03252422,0.50778,-4.443536,-151.0755,5.195435,0.01530598,0.8685426,0.04334321,-0.4934784,10.18646,-149.2499,5.931488
06.12.2023 14:48:51,0.02114572,-0.860578,0.03249738,0.5078408,-4.439729,-151.0835,5.194702,0.0156064,0.8686078,0.04282273,-0.4933996,10.15167,-149.2354,5.871338
06.12.2023 14:48:51,0.02123358,-0.8605192,0.03240039,0.507943,-4.435295,-151.0965,5.208527,0.01486376,0.8686396,0.04321829,-0.493332,10.14911,-149.2311,5.967621
06.12.2023 14:48:51,0.02120078,-0.8604872,0.03229987,0.5080051,-4.42347,-151.1045,5.210846,0.01443079,0.868717,0.04341125,-0.4931918,10.14395,-149.2151,6.021027
06.12.2023 14:48:51,0.02123356,-0.8604067,0.03208557,0.5081535,-4.404257,-151.1232,5.225861,0.01410818,0.8687997,0.04352416,-0.4930453,10.13712,-149.1975,6.058807
06.12.2023 14:48:51,0.02134335,-0.8603798,0.03204438,0.508197,-4.406602,-151.1286,5.238892,0.01474327,0.8689266,0.04316243,-0.4928348,10.13727,-149.1655,5.973541
06.12.2023 14:48:51,0.02125745,-0.8603553,0.03187448,0.508253,-4.384832,-151.1356,5.240051,0.01585493,0.8689984,0.04273549,-0.4927109,10.15775,-149.1431,5.837463
06.12.2023 14:48:51,0.02135338,-0.8603141,0.03171666,0.5083285,-4.374866,-151.1447,5.258362,0.01634851,0.8690725,0.04259348,-0.4925765,10.17163,-149.123,5.779266
06.12.2023 14:48:51,0.02142642,-0.8602571,0.03155066,0.508432,-4.362769,-151.1577,5.27478,0.01597373,0.869027,0.04301376,-0.4926324,10.19229,-149.134,5.840973
06.12.2023 14:48:51,0.02141829,-0.8601682,0.03152334,0.5085846,-4.359646,-151.1779,5.27478,0.01571872,0.8690539,0.04324897,-0.4925726,10.20139,-149.1284,5.879456
06.12.2023 14:48:51,0.0214521,-0.8601309,0.03127551,0.5086614,-4.337179,-151.1871,5.292236,0.01561506,0.8690658,0.04338681,-0.4925428,10.20929,-149.1256,5.897491
06.12.2023 14:48:51,0.02148048,-0.8600508,0.03119297,0.5088007,-4.330736,-151.2053,5.299164,0.01586326,0.8690664,0.04329321,-0.4925421,10.21399,-149.1242,5.867371
06.12.2023 14:48:51,0.02150933,-0.859995,0.03110153,0.5088995,-4.32343,-151.218,5.306885,0.01614623,0.8689788,0.04327025,-0.4926894,10.22757,-149.1426,5.838654
06.12.2023 14:48:51,0.02156899,-0.85994,0.03100476,0.5089958,-4.317398,-151.2303,5.317963,0.01651873,0.8689292,0.04329436,-0.4927624,10.25101,-149.1512,5.803284
06.12.2023 14:48:51,0.0215665,-0.8599001,0.0309087,0.5090691,-4.307799,-151.2397,5.322968,0.01693312,0.8687824,0.04343879,-0.4929944,10.28867,-149.1815,5.771515
06.12.2023 14:48:52,0.02160347,-0.8598795,0.030919,0.5091018,-4.310988,-151.244,5.325836,0.01760729,0.8687005,0.04332728,-0.4931249,10.31561,-149.196,5.698639
06.12.2023 14:48:52,0.02161311,-0.8598754,0.03082748,0.5091138,-4.302524,-151.2453,5.332092,0.01787688,0.868593,0.04337844,-0.4933001,10.33585,-149.2186,5.67569
06.12.2023 14:48:52,0.0215517,-0.8598287,0.03080883,0.5091963,-4.297127,-151.2563,5.326721,0.01779067,0.8684533,0.04341707,-0.4935457,10.33463,-149.2516,5.688019
06.12.2023 14:48:52,0.02166669,-0.8597611,0.03085001,0.5093033,-4.307951,-151.2705,5.335114,0.0177739,0.8683413,0.04346366,-0.4937393,10.33817,-149.2775,5.693542
06.12.2023 14:48:52,0.02166147,-0.8598471,0.03087515,0.5091568,-4.31007,-151.2511,5.333862,0.0176,0.8682838,0.04327978,-0.4938627,10.30988,-149.2932,5.701172
06.12.2023 14:48:52,0.02165485,-0.8598694,0.03087655,0.5091193,-4.309808,-151.2461,5.333313,0.01738085,0.8682625,0.04313179,-0.4939209,10.28265,-149.3007,5.714966
06.12.2023 14:48:52,0.02172861,-0.8598785,0.0308974,0.5090994,-4.316165,-151.2433,5.339478,0.0171772,0.8682722,0.04302318,-0.4939204,10.26025,-149.3006,5.729095
06.12.2023 14:48:52,0.02175676,-0.859885,0.0309053,0.5090868,-4.318584,-151.2416,5.341858,0.0170042,0.8683783,0.0427908,-0.49376,10.22742,-149.2785,5.732117
06.12.2023 14:48:52,0.02182955,-0.8599509,0.0310001,0.5089665,-4.332144,-151.2258,5.344116,0.01699578,0.8684126,0.04267401,-0.4937102,10.21533,-149.2713,5.726013
06.12.2023 14:48:52,0.0218693,-0.8600096,0.03105314,0.5088625,-4.339658,-151.212,5.345459,0.01712039,0.8684913,0.04253048,-0.4935797,10.20822,-149.2528,5.70459
06.12.2023 14:48:52,0.02192621,-0.860015,0.0310979,0.508848,-4.347393,-151.2101,5.348541,0.01721872,0.8685393,0.04257638,-0.4934879,10.21844,-149.2406,5.696838
06.12.2023 14:48:52,0.02184161,-0.8600459,0.03115172,0.5087962,-4.347746,-151.2036,5.33728,0.01716332,0.8685641,0.04285935,-0.4934217,10.24356,-149.2337,5.718109
06.12.2023 14:48:52,0.02181816,-0.8600411,0.03119691,0.5088027,-4.35084,-151.2047,5.332306,0.01721187,0.8685914,0.04284289,-0.4933732,10.24472,-149.2271,5.712036
06.12.2023 14:48:52,0.02171227,-0.8600761,0.03124608,0.5087451,-4.349491,-151.1975,5.319244,0.01735524,0.8685054,0.04293995,-0.4935113,10.26239,-149.2455,5.704071
06.12.2023 14:48:52,0.02162969,-0.860095,0.03125893,0.5087157,-4.345928,-151.1938,5.310486,0.01748614,0.8683957,0.04309682,-0.493686,10.28531,-149.2691,5.701019
06.12.2023 14:48:52,0.02166048,-0.8601434,0.03143236,0.5086219,-4.364811,-151.182,5.303864,0.01772278,0.8683681,0.0431461,-0.4937217,10.30362,-149.2734,5.68042
06.12.2023 14:48:52,0.02163017,-0.8601712,0.03149381,0.5085724,-4.369092,-151.1757,5.297516,0.01825727,0.8684067,0.04292988,-0.4936533,10.31244,-149.2614,5.614319
06.12.2023 14:48:52,0.02161656,-0.8601751,0.03166652,0.5085556,-4.385343,-151.1742,5.286163,0.01858122,0.8685663,0.04270233,-0.49338,10.30829,-149.2229,5.567322
06.12.2023 14:48:52,0.02156086,-0.8601709,0.0317323,0.508561,-4.388587,-151.1753,5.276764,0.01852439,0.8687328,0.04269517,-0.4930896,10.30457,-149.1846,5.570801
06.12.2023 14:48:52,0.02156065,-0.860137,0.03170923,0.5086196,-4.386316,-151.183,5.277802,0.01836775,0.8688996,0.04268627,-0.4928023,10.29498,-149.1471,5.584198
06.12.2023 14:48:52,0.02156151,-0.8601245,0.03168776,0.5086421,-4.384254,-151.1859,5.279022,0.01824921,0.8689764,0.04276262,-0.4926646,10.29599,-149.1297,5.599548
06.12.2023 14:48:52,0.02205273,-0.8600728,0.03151773,0.5087191,-4.39617,-151.1943,5.337128,0.01799284,0.8690387,0.04297462,-0.4925456,10.3027,-149.1161,5.636475
06.12.2023 14:48:52,0.02241174,-0.8599848,0.03148963,0.5088541,-4.414412,-151.2113,5.373535,0.01780963,0.8689984,0.04315818,-0.4926074,10.31061,-149.1259,5.665619
06.12.2023 14:48:52,0.0226919,-0.8598788,0.03141146,0.5090256,-4.423134,-151.2332,5.404907,0.01782218,0.8688688,0.04324994,-0.4928274,10.32031,-149.1555,5.670929
06.12.2023 14:48:52,0.02277345,-0.8597935,0.0315617,0.5091566,-4.442788,-151.2511,5.403503,0.01784523,0.8686517,0.04332007,-0.493203,10.32831,-149.2055,5.674927
06.12.2023 14:48:52,0.02271396,-0.8597032,0.03167459,0.5093047,-4.45052,-151.2715,5.390259,0.01784999,0.8684905,0.04326162,-0.4934917,10.32254,-149.2433,5.672913
06.12.2023 14:48:52,0.02238949,-0.85966,0.03187599,0.5093793,-4.451461,-151.2831,5.346008,0.01784089,0.8684071,0.04317741,-0.4936461,10.31351,-149.2632,5.669952
06.12.2023 14:48:52,0.0221724,-0.8595603,0.03200959,0.5095487,-4.452016,-151.3068,5.315857,0.01788604,0.8683646,0.04316777,-0.4937202,10.31506,-149.2728,5.665344
06.12.2023 14:48:52,0.02207268,-0.8595059,0.03210875,0.5096386,-4.456,-151.3195,5.299744,0.01788329,0.8683683,0.04322233,-0.493709,10.32034,-149.2717,5.668671
06.12.2023 14:48:52,0.02208365,-0.8594338,0.03206445,0.5097625,-4.452315,-151.3358,5.302765,0.01786764,0.8684065,0.04339659,-0.493627,10.33688,-149.2619,5.679657
06.12.2023 14:48:52,0.02218458,-0.8594042,0.03196142,0.5098146,-4.448075,-151.342,5.318512,0.01800461,0.8684094,0.04347519,-0.49361,10.35251,-149.2597,5.67038
06.12.2023 14:48:52,0.02228916,-0.8594597,0.0319778,0.5097153,-4.455771,-151.3286,5.3284,0.01831555,0.8684119,0.0436627,-0.4935777,10.38885,-149.2556,5.649811
06.12.2023 14:48:52,0.02231803,-0.8595149,0.03196564,0.5096217,-4.456224,-151.316,5.332428,0.01861844,0.8683953,0.04382482,-0.4935812,10.42218,-149.2561,5.628845
06.12.2023 14:48:52,0.02227406,-0.8595983,0.03191127,0.5094863,-4.448236,-151.2978,5.332001,0.01860713,0.8683702,0.04407213,-0.4936036,10.4462,-149.2606,5.644196
06.12.2023 14:48:52,0.02227793,-0.859685,0.03208952,0.5093287,-4.46599,-151.2775,5.322754,0.01849328,0.8683299,0.04432617,-0.4936561,10.46503,-149.2695,5.67041
06.12.2023 14:48:52,0.02232885,-0.8597709,0.03213297,0.5091787,-4.473197,-151.2575,5.326019,0.01826585,0.8683255,0.04448162,-0.4936583,10.46762,-149.2715,5.701996
06.12.2023 14:48:52,0.02238881,-0.8599232,0.03221727,0.5089133,-4.484919,-151.2223,5.328369,0.01803033,0.8683414,0.04461162,-0.4936273,10.46725,-149.269,5.732727
06.12.2023 14:48:52,0.02248349,-0.860015,0.03228127,0.5087501,-4.496702,-151.2005,5.334839,0.01786132,0.8683378,0.04463783,-0.4936375,10.46027,-149.271,5.75116
06.12.2023 14:48:52,0.02237166,-0.8601225,0.03227528,0.5085736,-4.489515,-151.1772,5.325073,0.01742867,0.8683313,0.04446962,-0.4936796,10.41891,-149.2769,5.785034
06.12.2023 14:48:52,0.02238474,-0.8601848,0.03222366,0.5084708,-4.485142,-151.1633,5.329926,0.01730042,0.8683845,0.04445826,-0.4935915,10.41058,-149.2656,5.796631
06.12.2023 14:48:52,0.02223289,-0.8602607,0.0321557,0.5083536,-4.469529,-151.1477,5.319489,0.01738095,0.8684986,0.04430618,-0.4934016,10.40018,-149.2393,5.778748
06.12.2023 14:48:52,0.02201163,-0.8603617,0.03215431,0.5081922,-4.456429,-151.1268,5.298553,0.01756411,0.8685923,0.04425804,-0.4932343,10.40588,-149.2163,5.756653
06.12.2023 14:48:52,0.02181676,-0.8603519,0.03207339,0.5082223,-4.437083,-151.1309,5.283844,0.01745668,0.8686666,0.0446013,-0.4930764,10.43417,-149.1979,5.78598
06.12.2023 14:48:52,0.0217877,-0.8603747,0.03196812,0.5081916,-4.424984,-151.1265,5.287292,0.01753515,0.8687941,0.04470909,-0.4928391,10.44958,-149.167,5.782776
06.12.2023 14:48:52,0.02173147,-0.8603777,0.03176007,0.5082021,-4.401163,-151.1271,5.293854,0.01797059,0.8688767,0.04464384,-0.4926838,10.46786,-149.1446,5.734589
06.12.2023 14:48:52,0.02167558,-0.860325,0.03173478,0.5082952,-4.395437,-151.1396,5.289337,0.01825821,0.8688223,0.04437907,-0.492793,10.45764,-149.1565,5.691437
06.12.2023 14:48:52,0.02167276,-0.8603082,0.03165688,0.5083286,-4.387593,-151.1437,5.293427,0.0180179,0.8687087,0.04441679,-0.4929988,10.44763,-149.1847,5.718903
06.12.2023 14:48:52,0.02153135,-0.8602425,0.03157837,0.5084507,-4.371632,-151.16,5.283417,0.01744913,0.8686232,0.04480192,-0.493135,10.4537,-149.2069,5.798523
06.12.2023 14:48:52,0.02142895,-0.860195,0.03159749,0.5085342,-4.367572,-151.1715,5.271759,0.01716799,0.8685299,0.04501013,-0.4932901,10.4584,-149.2297,5.839447
06.12.2023 14:48:52,0.02120201,-0.8601377,0.03164063,0.5086379,-4.358619,-151.1861,5.246277,0.01728147,0.8685018,0.0448313,-0.4933519,10.44693,-149.2364,5.818298
06.12.2023 14:48:52,0.02122356,-0.8600935,0.031728,0.5087062,-4.36852,-151.1955,5.24295,0.01777727,0.8685853,0.04441392,-0.4932249,10.43353,-149.2153,5.744202
06.12.2023 14:48:52,0.02117815,-0.8600416,0.03168536,0.5087987,-4.361687,-151.2078,5.240509,0.01812664,0.8686369,0.0440467,-0.4931544,10.41678,-149.2026,5.687927
06.12.2023 14:48:52,0.02127827,-0.8600469,0.03166227,0.5087869,-4.36525,-151.2058,5.251801,0.01823918,0.8686374,0.04380912,-0.4931707,10.39944,-149.2029,5.663239
06.12.2023 14:48:52,0.02133533,-0.860021,0.03166513,0.5088281,-4.368875,-151.2112,5.25705,0.01780831,0.8685955,0.04386389,-0.4932552,10.38043,-149.2158,5.70993
06.12.2023 14:48:52,0.02142582,-0.8600137,0.03160061,0.5088407,-4.367794,-151.2124,5.269714,0.01742899,0.8685176,0.04425997,-0.4933705,10.39832,-149.2347,5.771118
06.12.2023 14:48:52,0.02148803,-0.8599849,0.03162938,0.5088848,-4.37428,-151.2183,5.273956,0.01725395,0.8684648,0.04445274,-0.4934522,10.40753,-149.2473,5.80011
06.12.2023 14:48:52,0.02155885,-0.8600393,0.03154475,0.5087952,-4.370033,-151.2058,5.286346,0.01743749,0.868382,0.04454052,-0.4935836,10.42657,-149.2646,5.787598
06.12.2023 14:48:52,0.0214828,-0.8601061,0.03155173,0.5086852,-4.366246,-151.1913,5.278992,0.01818673,0.8683634,0.04440567,-0.4936016,10.4556,-149.2638,5.7052
06.12.2023 14:48:52,0.02157464,-0.8601552,0.03156478,0.5085973,-4.372866,-151.1794,5.28775,0.01849079,0.8684076,0.04431061,-0.4935209,10.46344,-149.2515,5.668915
06.12.2023 14:48:52,0.02163841,-0.8602039,0.03155709,0.5085127,-4.375799,-151.168,5.294922,0.01844554,0.8683937,0.04452781,-0.4935276,10.48251,-149.2539,5.685852
06.12.2023 14:48:52,0.02169446,-0.8602819,0.03157227,0.5083775,-4.380521,-151.1498,5.300262,0.01789153,0.8684258,0.04487157,-0.4934603,10.48544,-149.249,5.760376
06.12.2023 14:48:52,0.02185713,-0.8603184,0.03161353,0.5083061,-4.394058,-151.1401,5.314301,0.01746536,0.8684429,0.04501642,-0.4934323,10.47574,-149.2476,5.811005
06.12.2023 14:48:52,0.02181627,-0.8603563,0.03156856,0.5082466,-4.387213,-151.1321,5.313202,0.01729871,0.8684811,0.04478898,-0.4933917,10.44366,-149.2413,5.814423
06.12.2023 14:48:52,0.02185108,-0.8603925,0.03159882,0.5081819,-4.392208,-151.1235,5.315216,0.0174378,0.8685121,0.04467601,-0.4933425,10.44031,-149.2336,5.793793
06.12.2023 14:48:52,0.02196275,-0.8604524,0.03150343,0.5080816,-4.38926,-151.1094,5.332336,0.01773348,0.8686484,0.04459242,-0.4930995,10.44897,-149.2,5.757965
06.12.2023 14:48:52,0.02189207,-0.8604611,0.03152554,0.5080686,-4.38732,-151.108,5.324127,0.01818475,0.8687779,0.04441707,-0.4928705,10.45721,-149.1672,5.701447
06.12.2023 14:48:52,0.02192445,-0.860472,0.03152845,0.5080486,-4.389486,-151.1052,5.32724,0.01843241,0.8689792,0.04432473,-0.4925148,10.46231,-149.1188,5.669189
06.12.2023 14:48:52,0.02194128,-0.8604468,0.03148134,0.5080933,-4.385831,-151.111,5.331451,0.01839009,0.8691536,0.04424823,-0.4922153,10.45251,-149.0789,5.667175
06.12.2023 14:48:52,0.02187162,-0.8603951,0.03151779,0.5081816,-4.385403,-151.123,5.32196,0.01804864,0.8692913,0.04419121,-0.4919899,10.4277,-149.0499,5.696655
06.12.2023 14:48:52,0.02181732,-0.8603388,0.03144502,0.5082837,-4.375089,-151.1365,5.320343,0.01786759,0.869358,0.04396854,-0.4918986,10.39532,-149.037,5.701538
06.12.2023 14:48:52,0.02189297,-0.8602902,0.03139561,0.508366,-4.374654,-151.1471,5.330292,0.01785764,0.8693457,0.0436305,-0.4919508,10.36096,-149.0419,5.683624
06.12.2023 14:48:52,0.02182148,-0.8602288,0.03131568,0.5084778,-4.362634,-151.1619,5.327332,0.01812262,0.869392,0.04332507,-0.4918863,10.34552,-149.0306,5.639404
06.12.2023 14:48:52,0.02187038,-0.8602202,0.03133225,0.5084891,-4.367127,-151.1633,5.331116,0.01829749,0.869354,0.04303146,-0.4919728,10.32602,-149.0397,5.605743
06.12.2023 14:48:52,0.02194619,-0.8601416,0.03135195,0.5086176,-4.373546,-151.1804,5.336823,0.01821904,0.869303,0.04296815,-0.4920713,10.31522,-149.0526,5.610596
06.12.2023 14:48:52,0.02206699,-0.8601275,0.03139897,0.5086333,-4.385244,-151.1823,5.345917,0.01799972,0.8691882,0.04300573,-0.4922788,10.3064,-149.081,5.635925
06.12.2023 14:48:52,0.02215936,-0.860025,0.03152197,0.5087951,-4.402843,-151.2042,5.347015,0.01800007,0.8690676,0.04296672,-0.4924951,10.30237,-149.1093,5.63501
06.12.2023 14:48:52,0.02226789,-0.8600188,0.03158014,0.5087971,-4.414923,-151.2044,5.35434,0.01851393,0.8689877,0.04270258,-0.4926401,10.30499,-149.1253,5.569519
06.12.2023 14:48:52,0.02227699,-0.860037,0.03174861,0.5087556,-4.432067,-151.1996,5.345581,0.01892132,0.8689137,0.04248705,-0.4927737,10.30646,-149.1404,5.517365
06.12.2023 14:48:52,0.02215337,-0.8600441,0.0319125,0.5087388,-4.441022,-151.1983,5.323853,0.01854721,0.8688709,0.04258197,-0.4928551,10.29471,-149.1529,5.560638
06.12.2023 14:48:52,0.02210195,-0.8601139,0.03207127,0.508613,-4.453649,-151.1823,5.31015,0.01800743,0.8687823,0.04276178,-0.4930157,10.28198,-149.1769,5.625793
06.12.2023 14:48:52,0.02216896,-0.8601674,0.03216938,0.5085134,-4.467208,-151.1693,5.311554,0.01736679,0.8688108,0.04288796,-0.4929775,10.2583,-149.1746,5.696716
06.12.2023 14:48:52,0.02219063,-0.8602668,0.03231535,0.508335,-4.482822,-151.146,5.306091,0.01736602,0.8689051,0.04271264,-0.4928266,10.24091,-149.1536,5.685913
06.12.2023 14:48:52,0.0221808,-0.8603456,0.03252042,0.5081888,-4.502447,-151.1274,5.293884,0.01749683,0.8689626,0.04246799,-0.4927417,10.22397,-149.1405,5.658417
06.12.2023 14:48:52,0.02204465,-0.8604766,0.03268467,0.5079625,-4.510656,-151.0983,5.272003,0.01752304,0.8689931,0.04210679,-0.4927179,10.18942,-149.1351,5.635101
06.12.2023 14:48:52,0.02203347,-0.8605854,0.03301596,0.5077571,-4.542665,-151.0724,5.252625,0.01715762,0.8689216,0.04201248,-0.492865,10.15924,-149.1551,5.667114
06.12.2023 14:48:52,0.02212081,-0.8607128,0.03301183,0.5075376,-4.547279,-151.0428,5.262665,0.01666637,0.8687993,0.04223151,-0.4930786,10.15308,-149.1862,5.729919
06.12.2023 14:48:52,0.02232419,-0.8607471,0.0330532,0.5074679,-4.56319,-151.0332,5.280731,0.0165901,0.868726,0.04223305,-0.4932103,10.1488,-149.2038,5.738403
06.12.2023 14:48:52,0.02248666,-0.8608592,0.03300646,0.5072735,-4.567965,-151.0067,5.300568,0.01682216,0.8687693,0.04210012,-0.4931374,10.14874,-149.1927,5.707214
06.12.2023 14:48:52,0.02280793,-0.8608658,0.0329873,0.5072494,-4.584766,-151.0025,5.333588,0.01714891,0.8688357,0.04207658,-0.4930111,10.16501,-149.1748,5.672485
06.12.2023 14:48:52,0.0230025,-0.8609039,0.0331047,0.5071681,-4.607661,-150.9917,5.346405,0.01727729,0.8690083,0.04212343,-0.4926984,10.17719,-149.1334,5.660461
06.12.2023 14:48:53,0.02307724,-0.8609469,0.03324163,0.5070828,-4.625509,-150.9807,5.346283,0.01703811,0.8691122,0.04228134,-0.4925099,10.17957,-149.1102,5.69223
06.12.2023 14:48:53,0.02297141,-0.86096,0.03334668,0.5070584,-4.629724,-150.9782,5.329803,0.01644237,0.8692203,0.04256665,-0.4923148,10.1745,-149.0879,5.766815
06.12.2023 14:48:53,0.0227944,-0.8608733,0.0334154,0.5072092,-4.626268,-150.9991,5.307465,0.01609717,0.8692621,0.042615,-0.4922482,10.15985,-149.0805,5.80365
06.12.2023 14:48:53,0.02265072,-0.860886,0.03331556,0.5072005,-4.608035,-150.9978,5.299133,0.01594592,0.8692986,0.04240099,-0.4922071,10.13,-149.0742,5.806335
06.12.2023 14:48:53,0.02254205,-0.86077,0.03320681,0.5074092,-4.591034,-151.0255,5.29361,0.01611635,0.869361,0.04220066,-0.4921086,10.11972,-149.0595,5.777344
06.12.2023 14:48:53,0.02240949,-0.8607531,0.03301275,0.5074564,-4.564156,-151.0313,5.291595,0.01623533,0.8693435,0.04199113,-0.4921536,10.1055,-149.0638,5.753815
06.12.2023 14:48:53,0.02244438,-0.860713,0.03289629,0.5075306,-4.554708,-151.0406,5.301453,0.01621989,0.8692822,0.04180156,-0.4922784,10.0856,-149.0792,5.745331
06.12.2023 14:48:53,0.02251189,-0.860621,0.03277058,0.5076917,-4.546279,-151.0613,5.314606,0.01623216,0.8692418,0.04183988,-0.4923461,10.09006,-149.0884,5.746674
06.12.2023 14:48:53,0.02240843,-0.8606147,0.03270545,0.5077112,-4.533824,-151.0639,5.308075,0.01629323,0.8691369,0.04182158,-0.4925307,10.09155,-149.1125,5.740601
06.12.2023 14:48:53,0.02255423,-0.8605653,0.03261404,0.5077943,-4.533321,-151.0742,5.327393,0.0165139,0.8690016,0.04163168,-0.4927782,10.08487,-149.1434,5.709229
06.12.2023 14:48:53,0.02255056,-0.8605031,0.03261291,0.5079001,-4.533035,-151.0883,5.326538,0.01666092,0.8689216,0.04156458,-0.49292,10.0864,-149.1613,5.691559
06.12.2023 14:48:53,0.02260732,-0.8604828,0.03261294,0.5079319,-4.536359,-151.0925,5.332001,0.01685091,0.8688988,0.04149887,-0.4929591,10.09058,-149.1655,5.669067
06.12.2023 14:48:53,0.0227236,-0.860469,0.0325566,0.5079535,-4.53758,-151.0948,5.346649,0.01706025,0.8689279,0.04135334,-0.4929129,10.08795,-149.1579,5.639587
06.12.2023 14:48:53,0.02276533,-0.8604434,0.03262839,0.5079904,-4.547119,-151.0999,5.346405,0.01722861,0.8689719,0.04113181,-0.4928479,10.07541,-149.1476,5.609802
06.12.2023 14:48:53,0.02275778,-0.8604239,0.03267707,0.5080206,-4.551497,-151.1042,5.342651,0.01725307,0.8689281,0.04105592,-0.4929308,10.06918,-149.158,5.603516
06.12.2023 14:48:53,0.02263996,-0.8604453,0.03266978,0.5079901,-4.543898,-151.1004,5.331573,0.01689616,0.8688326,0.04112251,-0.4931059,10.05548,-149.1826,5.643982
06.12.2023 14:48:53,0.02259554,-0.8604439,0.03281143,0.5079854,-4.555297,-151.1005,5.318939,0.01618195,0.8687216,0.04154652,-0.4932898,10.05716,-149.2115,5.740509
06.12.2023 14:48:53,0.02242607,-0.86054,0.0328218,0.5078294,-4.546387,-151.0801,5.302399,0.01608972,0.8686564,0.04174071,-0.4933912,10.0712,-149.2263,5.761383
06.12.2023 14:48:53,0.02247136,-0.860566,0.03275106,0.507788,-4.542023,-151.0742,5.311249,0.01612008,0.8686959,0.04182321,-0.4933138,10.08121,-149.2165,5.762604
06.12.2023 14:48:53,0.02260744,-0.8605943,0.03267616,0.5077386,-4.542535,-151.067,5.329315,0.01626747,0.8687372,0.04174124,-0.4932431,10.08145,-149.2062,5.742798
06.12.2023 14:48:53,0.02261131,-0.8606012,0.03257095,0.5077338,-4.532368,-151.0659,5.335876,0.016408,0.8687877,0.04168324,-0.4931544,10.08371,-149.1937,5.724945
06.12.2023 14:48:53,0.02266045,-0.8606399,0.0326801,0.5076588,-4.545984,-151.0562,5.334778,0.01636324,0.8687842,0.04165541,-0.4931644,10.0784,-149.195,5.727875
06.12.2023 14:48:53,0.0226898,-0.8606426,0.0328307,0.5076435,-4.562565,-151.0547,5.328949,0.01579258,0.8687925,0.04178372,-0.4931576,10.05887,-149.1966,5.792114
06.12.2023 14:48:53,0.02255518,-0.8607406,0.03305601,0.5074685,-4.57692,-151.0327,5.303406,0.01532721,0.8687764,0.04181912,-0.4931975,10.03601,-149.2034,5.840851
06.12.2023 14:48:53,0.02246805,-0.8607156,0.03316965,0.5075073,-4.583086,-151.0386,5.287933,0.01514605,0.8687943,0.0416801,-0.4931833,10.0119,-149.2013,5.850922
06.12.2023 14:48:53,0.02243748,-0.8607858,0.03326027,0.5073835,-4.590219,-151.0226,5.280304,0.01485802,0.8687911,0.0415809,-0.4932062,9.985657,-149.2046,5.874176
06.12.2023 14:48:53,0.0224558,-0.8608001,0.03327269,0.5073577,-4.592505,-151.0191,5.281525,0.01458552,0.868732,0.0415994,-0.4933169,9.971954,-149.2201,5.903076
06.12.2023 14:48:53,0.02254535,-0.8608181,0.03331416,0.5073205,-4.601803,-151.0141,5.288147,0.01428071,0.868628,0.04176107,-0.4934951,9.970612,-149.2455,5.943726
06.12.2023 14:48:53,0.022568,-0.8607877,0.03326223,0.5073743,-4.59801,-151.021,5.293121,0.01423993,0.8685635,0.04167124,-0.4936174,9.959198,-149.2613,5.94339
06.12.2023 14:48:53,0.02256351,-0.8608502,0.03322164,0.5072713,-4.593702,-151.0071,5.295624,0.01409952,0.8683817,0.04146332,-0.4939587,9.930145,-149.3055,5.947479
06.12.2023 14:48:53,0.02264904,-0.8608358,0.03323691,0.507291,-4.600197,-151.0096,5.30307,0.01384341,0.8682761,0.04151485,-0.4941474,9.920532,-149.3315,5.977051
06.12.2023 14:48:53,0.02264044,-0.8608513,0.03316842,0.5072695,-4.592921,-151.0064,5.306335,0.01328434,0.8682539,0.04170147,-0.494186,9.907349,-149.3394,6.043701
06.12.2023 14:48:53,0.02253156,-0.8608959,0.03315601,0.5071995,-4.585332,-150.9973,5.296661,0.01265143,0.8682811,0.04188474,-0.4941393,9.88974,-149.3362,6.117035
06.12.2023 14:48:53,0.02257211,-0.8608841,0.03299213,0.5072283,-4.571507,-151.0003,5.310089,0.01230901,0.8683422,0.04201687,-0.4940294,9.883606,-149.3234,6.158112
06.12.2023 14:48:53,0.02254133,-0.8608527,0.03288423,0.5072902,-4.559076,-151.0082,5.313019,0.01236876,0.8683743,0.04195284,-0.4939768,9.880707,-149.3159,6.148224
06.12.2023 14:48:53,0.0224211,-0.8608488,0.03280617,0.5073069,-4.544369,-151.0104,5.305603,0.01250872,0.8683763,0.04189125,-0.4939751,9.882507,-149.3149,6.130707
06.12.2023 14:48:53,0.02231929,-0.8608571,0.0326589,0.5073069,-4.52389,-151.0101,5.304108,0.01269635,0.8682961,0.04177799,-0.4941207,9.881683,-149.3329,6.106354
06.12.2023 14:48:53,0.02221602,-0.8608479,0.03251419,0.5073364,-4.503589,-151.0136,5.302185,0.01277325,0.8682199,0.04162714,-0.4942653,9.87085,-149.3509,6.090881
06.12.2023 14:48:53,0.02217662,-0.8608282,0.03236531,0.5073811,-4.4866,-151.0191,5.306763,0.01251448,0.8681509,0.04150043,-0.4944038,9.843353,-149.3692,6.110229
06.12.2023 14:48:53,0.02206647,-0.8608019,0.03229149,0.5074352,-4.472912,-151.0262,5.299896,0.01239283,0.8681048,0.04152937,-0.4944854,9.839203,-149.3805,6.124481
06.12.2023 14:48:53,0.02191913,-0.8607618,0.03218644,0.5075162,-4.453979,-151.037,5.291016,0.0120951,0.8681304,0.04168744,-0.4944346,9.838104,-149.3756,6.162933
06.12.2023 14:48:53,0.02183214,-0.8607593,0.03195136,0.5075392,-4.425697,-151.0393,5.296021,0.01194562,0.8681324,0.04187384,-0.4944189,9.848206,-149.3751,6.188385
06.12.2023 14:48:53,0.0218459,-0.860769,0.03197219,0.5075209,-4.42855,-151.0369,5.296265,0.01165194,0.868202,0.04221071,-0.494275,9.865295,-149.359,6.236115
06.12.2023 14:48:53,0.02173982,-0.8607795,0.03197828,0.507507,-4.422968,-151.0353,5.285492,0.01138021,0.8682334,0.0422801,-0.4942202,9.856842,-149.353,6.266876
06.12.2023 14:48:53,0.02177378,-0.8607506,0.0319953,0.5075536,-4.426643,-151.0415,5.287628,0.01117469,0.8682173,0.04224357,-0.4942563,9.841492,-149.3581,6.285492
06.12.2023 14:48:53,0.0216972,-0.8608135,0.03199548,0.5074502,-4.422168,-151.0279,5.280579,0.01124655,0.8681377,0.04196693,-0.4944182,9.81778,-149.3775,6.263428
06.12.2023 14:48:53,0.02173826,-0.8607933,0.03216047,0.5074722,-4.440866,-151.0314,5.274872,0.01131278,0.8681005,0.04167887,-0.4945063,9.792725,-149.3872,6.240845
06.12.2023 14:48:53,0.0217183,-0.8608544,0.0322639,0.5073628,-4.44989,-151.0173,5.267426,0.01153287,0.8679048,0.04133071,-0.4948739,9.77005,-149.4331,6.20105
06.12.2023 14:48:53,0.02161111,-0.8609261,0.03238797,0.5072379,-4.455871,-151.0015,5.250244,0.01161595,0.8678233,0.04129586,-0.4950176,9.771088,-149.4516,6.191559
06.12.2023 14:48:53,0.02166358,-0.8609785,0.03255642,0.5071357,-4.475541,-150.9885,5.246124,0.01185066,0.8678375,0.04131782,-0.4949854,9.786682,-149.4468,6.16925
06.12.2023 14:48:53,0.02152266,-0.8610374,0.0325154,0.5070446,-4.463261,-150.9765,5.235046,0.01188675,0.86785,0.04147119,-0.4949498,9.804047,-149.443,6.174225
06.12.2023 14:48:53,0.02139654,-0.8611202,0.03248619,0.5069112,-4.453001,-150.9589,5.224976,0.01150073,0.8678564,0.04174834,-0.4949245,9.809723,-149.4424,6.228394
06.12.2023 14:48:53,0.02150027,-0.8611693,0.03252145,0.506821,-4.462496,-150.9468,5.233643,0.0109338,0.8678463,0.04188791,-0.4949432,9.791382,-149.4474,6.292999
06.12.2023 14:48:53,0.02154526,-0.8612559,0.0326096,0.5066662,-4.473783,-150.9264,5.233765,0.01058282,0.867854,0.04192936,-0.4949337,9.775543,-149.4474,6.330322
06.12.2023 14:48:53,0.02145622,-0.8613136,0.03263838,0.5065701,-4.471427,-150.914,5.223785,0.01031866,0.8678629,0.04171209,-0.4949419,9.738892,-149.4478,6.344269
06.12.2023 14:48:53,0.02142018,-0.861363,0.03278961,0.506478,-4.48426,-150.9024,5.211884,0.01042581,0.8678805,0.04142436,-0.4949332,9.716339,-149.4446,6.317108
06.12.2023 14:48:53,0.02132968,-0.861447,0.0328793,0.5063331,-4.487833,-150.8837,5.198456,0.01075528,0.8678507,0.04114307,-0.4950018,9.70697,-149.451,6.268555
06.12.2023 14:48:53,0.02132895,-0.8614235,0.03292409,0.5063702,-4.492228,-150.8889,5.195587,0.01110065,0.8678439,0.04093126,-0.4950237,9.705505,-149.4516,6.222137
06.12.2023 14:48:53,0.02131354,-0.8613849,0.03286758,0.50644,-4.485761,-150.898,5.196991,0.01128339,0.8678267,0.04105919,-0.495039,9.728607,-149.4539,6.211304
06.12.2023 14:48:53,0.02150949,-0.861368,0.03292692,0.5064567,-4.50302,-150.8999,5.21283,0.01100415,0.8678355,0.04137827,-0.4950033,9.744537,-149.452,6.257202
06.12.2023 14:48:53,0.02170463,-0.8613252,0.03283748,0.5065269,-4.505539,-150.9084,5.236969,0.01083831,0.8678439,0.0414327,-0.4949876,9.74054,-149.4507,6.276764
06.12.2023 14:48:53,0.02194424,-0.8612623,0.03296597,0.5066153,-4.532195,-150.9201,5.252747,0.01079852,0.8678626,0.0412311,-0.4949727,9.718231,-149.4476,6.269104
06.12.2023 14:48:53,0.02201232,-0.8612114,0.03310543,0.5066897,-4.549962,-150.9305,5.250946,0.01050496,0.8678176,0.04085241,-0.4950893,9.663666,-149.4615,6.277344
06.12.2023 14:48:53,0.02185893,-0.8611668,0.0332169,0.506765,-4.552083,-150.9414,5.228882,0.009936148,0.8677305,0.04064092,-0.4952711,9.610016,-149.4858,6.322937
06.12.2023 14:48:53,0.02186393,-0.8610954,0.03332898,0.5068787,-4.563481,-150.957,5.222229,0.009191583,0.8675857,0.04069515,-0.4955346,9.572632,-149.5229,6.401642
06.12.2023 14:48:53,0.02169173,-0.8610243,0.03346382,0.5069979,-4.566819,-150.974,5.196686,0.008448839,0.8675066,0.04090692,-0.4956688,9.551178,-149.544,6.488464
06.12.2023 14:48:53,0.02164114,-0.8610331,0.03342275,0.5069879,-4.559814,-150.9726,5.194153,0.008942734,0.8676711,0.0409989,-0.4953646,9.588959,-149.503,6.442902
06.12.2023 14:48:53,0.02158971,-0.8610368,0.03329443,0.506992,-4.54414,-150.9727,5.196503,0.01012198,0.8677504,0.04096116,-0.495206,9.652557,-149.4786,6.322388
06.12.2023 14:48:53,0.0216892,-0.8610384,0.0332412,0.5069886,-4.544667,-150.9717,5.209473,0.01087087,0.8678412,0.04111541,-0.4950183,9.710785,-149.4527,6.255524
06.12.2023 14:48:53,0.02171618,-0.8610335,0.03318946,0.5069992,-4.541126,-150.9729,5.215118,0.01119364,0.8678775,0.04127522,-0.494934,9.745148,-149.4416,6.232025
06.12.2023 14:48:53,0.02178685,-0.8610861,0.03319533,0.5069066,-4.545794,-150.9604,5.22226,0.01127261,0.8678933,0.04123457,-0.4949079,9.745636,-149.4377,6.22168
06.12.2023 14:48:53,0.02186979,-0.8611296,0.03322178,0.5068272,-4.553213,-150.9497,5.22934,0.01150366,0.8678874,0.04109738,-0.4949244,9.745087,-149.4384,6.190887
06.12.2023 14:48:53,0.02192159,-0.8612219,0.03334837,0.5066599,-4.568694,-150.9278,5.227966,0.01168852,0.8679426,0.04058616,-0.4948654,9.704773,-149.427,6.142944
06.12.2023 14:48:53,0.02192953,-0.8612728,0.0333808,0.5065708,-4.572338,-150.9161,5.227325,0.01191798,0.8680083,0.04021978,-0.4947747,9.681427,-149.4122,6.098633
06.12.2023 14:48:53,0.02201989,-0.8613076,0.0333718,0.5065084,-4.576683,-150.9075,5.237122,0.01154382,0.8679862,0.04020535,-0.4948235,9.658691,-149.4196,6.135376
06.12.2023 14:48:53,0.02199864,-0.861353,0.03342214,0.5064287,-4.580404,-150.8971,5.232513,0.01054275,0.8678916,0.04062769,-0.4949772,9.643616,-149.4452,6.260132
06.12.2023 14:48:53,0.02193977,-0.8613988,0.03338322,0.5063561,-4.573116,-150.8874,5.22934,0.009995022,0.867865,0.04109079,-0.4949971,9.658539,-149.4521,6.341309
06.12.2023 14:48:53,0.02196313,-0.8614373,0.0334882,0.5062827,-4.584833,-150.8781,5.225952,0.01028538,0.8678637,0.04108141,-0.4949941,9.674133,-149.4509,6.311829
06.12.2023 14:48:53,0.02178854,-0.8614192,0.0334435,0.5063238,-4.57028,-150.8838,5.211029,0.01095398,0.8678344,0.04091718,-0.4950446,9.695709,-149.4547,6.236053
06.12.2023 14:48:53,0.0217923,-0.8614709,0.03334149,0.5062425,-4.560391,-150.8725,5.217804,0.01159593,0.8678646,0.04084954,-0.4949827,9.725586,-149.4443,6.167847
06.12.2023 14:48:53,0.02179393,-0.86143,0.03327551,0.5063162,-4.55398,-150.882,5.221405,0.01131207,0.867925,0.04099246,-0.4948715,9.723816,-149.4313,6.203705
06.12.2023 14:48:53,0.02189158,-0.8613847,0.03318587,0.5063951,-4.550813,-150.8919,5.23587,0.01098901,0.8680515,0.04110849,-0.4946474,9.717316,-149.4033,6.241333
06.12.2023 14:48:53,0.02192785,-0.8613555,0.03304683,0.5064521,-4.53919,-150.8988,5.247253,0.01041964,0.8681733,0.04111876,-0.4944451,9.68631,-149.3782,6.297607
06.12.2023 14:48:53,0.02192052,-0.8612937,0.03300975,0.50656,-4.535129,-150.913,5.248138,0.0100418,0.8682437,0.04110409,-0.4943303,9.663574,-149.3639,6.333832
06.12.2023 14:48:53,0.02198057,-0.8612955,0.03300123,0.5065548,-4.537775,-150.9121,5.254608,0.009994754,0.8682461,0.04085076,-0.4943481,9.63562,-149.3649,6.324158
06.12.2023 14:48:53,0.02184345,-0.861226,0.03302004,0.5066779,-4.531699,-150.929,5.239288,0.01029361,0.8681959,0.04059659,-0.4944511,9.627136,-149.3761,6.280396
06.12.2023 14:48:53,0.02177306,-0.8612226,0.03305301,0.5066845,-4.530866,-150.9302,5.230377,0.01061752,0.8681566,0.04027111,-0.4945398,9.612976,-149.385,6.22998
06.12.2023 14:48:53,0.02176336,-0.861168,0.03300337,0.506781,-4.525421,-150.9428,5.231781,0.01087856,0.8679891,0.04009631,-0.4948424,9.609985,-149.4232,6.195587
06.12.2023 14:48:53,0.02175218,-0.8611242,0.03291288,0.5068617,-4.515849,-150.9532,5.235535,0.01062046,0.8678622,0.04043663,-0.4950427,9.628906,-149.4525,6.241821
06.12.2023 14:48:53,0.02174265,-0.8610501,0.03293639,0.5069864,-4.517651,-150.97,5.232574,0.0104067,0.8678296,0.04064537,-0.4950874,9.637482,-149.4602,6.275299
06.12.2023 14:48:54,0.02194068,-0.8610441,0.03291105,0.5069898,-4.526671,-150.9698,5.253632,0.0103964,0.8677781,0.04084937,-0.4951611,9.657104,-149.4713,6.288391
06.12.2023 14:48:54,0.0219299,-0.8609946,0.03291121,0.5070742,-4.526083,-150.9811,5.252106,0.01062762,0.8676865,0.04088744,-0.4953135,9.673798,-149.491,6.268341
06.12.2023 14:48:54,0.02204466,-0.8609909,0.0329699,0.5070719,-4.538561,-150.9807,5.26004,0.01056041,0.8675858,0.04087546,-0.4954923,9.668518,-149.5148,6.27533
06.12.2023 14:48:54,0.02208598,-0.8610166,0.0330401,0.5070217,-4.547888,-150.9742,5.260284,0.01046848,0.8674958,0.04094878,-0.4956457,9.67038,-149.5358,6.28949
06.12.2023 14:48:54,0.02209027,-0.8610179,0.03313718,0.5070131,-4.557729,-150.9735,5.255096,0.0105886,0.8674673,0.0409054,-0.4956967,9.672821,-149.5419,6.27533
06.12.2023 14:48:54,0.02215042,-0.8610594,0.0331465,0.5069393,-4.562128,-150.9636,5.260895,0.01096932,0.8674638,0.04076049,-0.4957063,9.680054,-149.5413,6.229156
06.12.2023 14:48:54,0.0220402,-0.8611364,0.03316491,0.5068121,-4.557499,-150.947,5.249603,0.01105274,0.8675001,0.0408333,-0.4956351,9.692139,-149.532,6.224609
06.12.2023 14:48:54,0.02202589,-0.8611701,0.03320141,0.5067531,-4.560257,-150.9393,5.246368,0.01094336,0.8675443,0.0409687,-0.4955489,9.699524,-149.5218,6.242798
06.12.2023 14:48:54,0.02205916,-0.8611928,0.03308349,0.5067208,-4.550526,-150.9344,5.256714,0.01093774,0.8676021,0.04106075,-0.4954403,9.708527,-149.508,6.248047
06.12.2023 14:48:54,0.02202128,-0.8612373,0.03298368,0.5066532,-4.538437,-150.9251,5.259125,0.01129781,0.8677843,0.04102981,-0.4951155,9.726379,-149.4638,6.208618
06.12.2023 14:48:54,0.02196664,-0.8612466,0.03291543,0.5066443,-4.52851,-150.9237,5.257751,0.01146881,0.8679331,0.04104298,-0.4948496,9.737793,-149.4283,6.190857
06.12.2023 14:48:54,0.02188024,-0.8612878,0.03277028,0.5065873,-4.50912,-150.9157,5.257965,0.01143376,0.8681232,0.0413206,-0.4944936,9.763947,-149.383,6.208252
06.12.2023 14:48:54,0.02184656,-0.8612903,0.03264113,0.5065929,-4.494397,-150.916,5.262115,0.01118901,0.8682517,0.04157952,-0.4942519,9.776154,-149.3533,6.246124
06.12.2023 14:48:54,0.0218849,-0.8612635,0.03247185,0.5066477,-4.479908,-150.9225,5.275513,0.01118402,0.8683301,0.04175688,-0.4940994,9.793762,-149.3343,6.25592
06.12.2023 14:48:54,0.02190221,-0.8612374,0.03249218,0.50669,-4.482938,-150.9282,5.275818,0.0112204,0.8683934,0.04183831,-0.4939804,9.804108,-149.3189,6.256256
06.12.2023 14:48:54,0.02199065,-0.8612102,0.03238846,0.506739,-4.477844,-150.9341,5.290344,0.01136282,0.8684157,0.04162553,-0.4939559,9.791046,-149.314,6.229767
06.12.2023 14:48:54,0.02201281,-0.8611645,0.03228796,0.5068221,-4.469226,-150.9446,5.297974,0.01169378,0.8684565,0.04143764,-0.4938921,9.791199,-149.3035,6.185699
06.12.2023 14:48:54,0.0220792,-0.8611007,0.0323158,0.5069258,-4.475876,-150.9584,5.302368,0.01213452,0.8685423,0.04140035,-0.4937339,9.812683,-149.2811,6.138702
06.12.2023 14:48:54,0.02217873,-0.8610334,0.03233419,0.5070346,-4.483524,-150.9727,5.310577,0.01276624,0.8686447,0.04146156,-0.4935327,9.854858,-149.2531,6.078033
06.12.2023 14:48:54,0.02216993,-0.8609963,0.03224516,0.5071037,-4.474237,-150.9816,5.314545,0.01341007,0.868775,0.04161401,-0.4932732,9.90686,-149.2178,6.020996
06.12.2023 14:48:54,0.02210437,-0.8609428,0.03219202,0.5072008,-4.465206,-150.9945,5.310669,0.01441299,0.8688542,0.04131243,-0.4931308,9.933746,-149.1943,5.902893
06.12.2023 14:48:54,0.02193824,-0.8608809,0.03212741,0.5073172,-4.449192,-151.0101,5.297394,0.01540527,0.8689105,0.04100331,-0.4930274,9.959229,-149.1759,5.785614
06.12.2023 14:48:54,0.02187439,-0.8607417,0.03207364,0.5075594,-4.440245,-151.0424,5.292969,0.01599039,0.8689545,0.04048749,-0.4929737,9.940979,-149.1642,5.69754
06.12.2023 14:48:54,0.02187581,-0.8606886,0.03205873,0.5076504,-4.438886,-151.0544,5.293518,0.01616514,0.8690447,0.04016275,-0.4928357,9.918579,-149.1436,5.660828
06.12.2023 14:48:54,0.021851,-0.8606735,0.03210372,0.5076741,-4.441892,-151.0579,5.2883,0.01609784,0.8690537,0.03995724,-0.4928387,9.894257,-149.143,5.655884
06.12.2023 14:48:54,0.02186039,-0.8606117,0.03227833,0.5077674,-4.459719,-151.071,5.278534,0.01583198,0.8690583,0.03994777,-0.4928401,9.878265,-149.1439,5.681885
06.12.2023 14:48:54,0.02188889,-0.8606488,0.03247929,0.5076905,-4.481206,-151.0615,5.27002,0.01483281,0.8689822,0.04049027,-0.492961,9.875732,-149.1658,5.813202
06.12.2023 14:48:54,0.02194361,-0.8606604,0.03272334,0.5076529,-4.508491,-151.0574,5.261383,0.01464145,0.8688684,0.04080929,-0.4931409,9.896515,-149.192,5.851501
06.12.2023 14:48:54,0.02200806,-0.8607215,0.03279071,0.5075421,-4.518867,-151.0428,5.264404,0.01582745,0.8688849,0.04037504,-0.4931109,9.92041,-149.1821,5.708191
06.12.2023 14:48:54,0.02221071,-0.8606886,0.03285775,0.5075848,-4.537308,-151.0482,5.280304,0.01757006,0.8688999,0.03970361,-0.4930799,9.952148,-149.1692,5.495789
06.12.2023 14:48:54,0.02251346,-0.8607687,0.03300903,0.5074258,-4.569832,-151.0269,5.302246,0.01825557,0.868867,0.0396159,-0.4931201,9.982208,-149.172,5.422577
06.12.2023 14:48:54,0.0228081,-0.8608459,0.03301895,0.5072808,-4.587914,-151.0069,5.331604,0.017829,0.8689296,0.03994166,-0.4929991,9.990601,-149.1591,5.483002
06.12.2023 14:48:54,0.02313909,-0.8608558,0.03317886,0.5072387,-4.622969,-151.0011,5.355225,0.01724463,0.8690405,0.0400916,-0.4928122,9.972595,-149.1369,5.548828
06.12.2023 14:48:54,0.02320648,-0.8609442,0.03335608,0.507074,-4.644338,-150.9797,5.352448,0.01709841,0.8691857,0.03983947,-0.4925817,9.939301,-149.1055,5.547791
06.12.2023 14:48:54,0.02311417,-0.8609851,0.03345664,0.5070021,-4.648876,-150.9708,5.33783,0.01687586,0.8692214,0.03949926,-0.4925536,9.892792,-149.1006,5.550537
06.12.2023 14:48:54,0.02311033,-0.8610041,0.03365845,0.5069567,-4.668583,-150.9656,5.325928,0.01654263,0.8693136,0.03941019,-0.4924094,9.865173,-149.082,5.577942
06.12.2023 14:48:54,0.0229154,-0.8609817,0.03368315,0.5070018,-4.659698,-150.9723,5.304932,0.01614064,0.8693516,0.03953499,-0.4923458,9.854919,-149.0754,5.624817
06.12.2023 14:48:54,0.02282162,-0.8609886,0.03360723,0.5069995,-4.646737,-150.9719,5.30011,0.01628276,0.8694547,0.03951656,-0.4921603,9.861267,-149.0504,5.608551
06.12.2023 14:48:54,0.02279997,-0.8609788,0.0336356,0.5070152,-4.648286,-150.9741,5.296234,0.01649955,0.8695575,0.03950349,-0.4919727,9.872345,-149.025,5.585083
06.12.2023 14:48:54,0.02278853,-0.8609464,0.0334732,0.5070813,-4.631593,-150.9823,5.304199,0.01693235,0.8696318,0.03964871,-0.4918149,9.911377,-149.0037,5.549194
06.12.2023 14:48:54,0.0227613,-0.86092,0.03342861,0.5071303,-4.625619,-150.9887,5.303864,0.01710948,0.8696373,0.03964517,-0.4917994,9.921021,-149.0011,5.531189
06.12.2023 14:48:54,0.02275175,-0.8609447,0.03336008,0.5070934,-4.618278,-150.9835,5.307098,0.01732254,0.8696719,0.03959561,-0.4917345,9.928162,-148.9916,5.506714
06.12.2023 14:48:54,0.02280152,-0.8608726,0.0333611,0.5072136,-4.621318,-150.9994,5.31134,0.01745063,0.8697133,0.03942303,-0.4916707,9.918213,-148.9819,5.483765
06.12.2023 14:48:54,0.0227196,-0.8608925,0.03338142,0.507182,-4.618547,-150.9955,5.302216,0.0174079,0.8697214,0.03927238,-0.49167,9.900757,-148.9811,5.479492
06.12.2023 14:48:54,0.02274994,-0.8608584,0.03340672,0.507237,-4.622833,-151.0028,5.303436,0.01688192,0.8697268,0.03939895,-0.4916686,9.883698,-148.9832,5.539246
06.12.2023 14:48:54,0.02279751,-0.8608689,0.03349216,0.5072113,-4.634035,-150.9997,5.303284,0.01629001,0.8696839,0.03955937,-0.4917516,9.866211,-148.9967,5.607971
06.12.2023 14:48:54,0.02291072,-0.8608545,0.03354272,0.5072274,-4.645628,-151.0017,5.311462,0.01624684,0.8695998,0.03957257,-0.4919007,9.86499,-149.0166,5.613861
06.12.2023 14:48:54,0.02280959,-0.8608653,0.03361133,0.507209,-4.646515,-150.9998,5.297546,0.01651017,0.8694844,0.03928726,-0.4921187,9.851257,-149.043,5.572571
06.12.2023 14:48:54,0.02273115,-0.8608919,0.03364618,0.507165,-4.645377,-150.9943,5.287994,0.01665252,0.8693846,0.03925623,-0.4922926,9.856079,-149.0654,5.557556
06.12.2023 14:48:54,0.02260446,-0.8609205,0.03368988,0.5071192,-4.642308,-150.9887,5.273163,0.01701005,0.8692427,0.03919418,-0.4925359,9.869965,-149.0962,5.519684
06.12.2023 14:48:54,0.02248943,-0.8609809,0.03362079,0.5070265,-4.628756,-150.9764,5.266296,0.01702321,0.8690968,0.03938809,-0.4927773,9.889893,-149.1291,5.530762
06.12.2023 14:48:54,0.02244868,-0.861044,0.03352838,0.5069271,-4.61722,-150.9628,5.268188,0.01705317,0.8690742,0.03949459,-0.4928077,9.902222,-149.1336,5.533997
06.12.2023 14:48:54,0.02254715,-0.8611064,0.03343803,0.5068228,-4.613985,-150.9483,5.283783,0.01725283,0.8690147,0.03945748,-0.4929087,9.90976,-149.1461,5.512512
06.12.2023 14:48:54,0.02265124,-0.8611533,0.03327182,0.5067494,-4.603585,-150.9375,5.304169,0.01729883,0.8689974,0.03940678,-0.4929416,9.907288,-149.1501,5.505219
06.12.2023 14:48:54,0.02277207,-0.8611653,0.03313288,0.5067326,-4.59687,-150.9344,5.32431,0.01715233,0.8690418,0.03942516,-0.492867,9.900848,-149.1407,5.520477
06.12.2023 14:48:54,0.02277954,-0.8611562,0.03317906,0.5067448,-4.601874,-150.9362,5.322296,0.01686526,0.8690209,0.03947268,-0.4929098,9.889313,-149.1475,5.552094
06.12.2023 14:48:54,0.02272025,-0.861195,0.03315351,0.5066832,-4.595878,-150.928,5.318237,0.01672701,0.8690127,0.03949279,-0.4929275,9.883484,-149.1503,5.567139
06.12.2023 14:48:54,0.02259115,-0.8611512,0.03315876,0.506763,-4.588919,-150.939,5.304718,0.0164179,0.8690023,0.0395339,-0.4929528,9.870087,-149.1548,5.600464
06.12.2023 14:48:54,0.0224905,-0.8611319,0.03329452,0.5067915,-4.596494,-150.9436,5.286713,0.01596711,0.8690539,0.03969939,-0.4928634,9.861145,-149.1452,5.654419
06.12.2023 14:48:54,0.02253469,-0.8610767,0.03331127,0.5068823,-4.60075,-150.9557,5.289612,0.01601328,0.8691648,0.03966055,-0.4926695,9.860016,-149.1193,5.646484
06.12.2023 14:48:54,0.02259438,-0.8610098,0.03324795,0.5069972,-4.598004,-150.9706,5.298615,0.01639878,0.8692448,0.03973139,-0.4925099,9.889008,-149.0974,5.611115
06.12.2023 14:48:54,0.02268719,-0.8609699,0.03330057,0.5070575,-4.608627,-150.9786,5.304382,0.01652298,0.8692305,0.03991832,-0.4925159,9.914673,-149.0989,5.609375
06.12.2023 14:48:54,0.02280262,-0.8608733,0.03328669,0.5072172,-4.614031,-150.9995,5.315765,0.01646263,0.8692442,0.0400642,-0.4924819,9.925842,-149.0954,5.623505
06.12.2023 14:48:54,0.0228809,-0.8608414,0.03323149,0.5072714,-4.613153,-151.0063,5.326447,0.0164471,0.8692034,0.04015181,-0.4925473,9.933655,-149.1046,5.630402
06.12.2023 14:48:54,0.02290038,-0.860843,0.0332496,0.5072666,-4.616074,-151.0057,5.327332,0.01671785,0.8691505,0.04005676,-0.4926392,9.939423,-149.1154,5.59848
06.12.2023 14:48:54,0.02283778,-0.8607596,0.03324639,0.5074112,-4.612166,-151.0251,5.320557,0.01707921,0.8691778,0.03976819,-0.4926021,9.931091,-149.1078,5.545776
06.12.2023 14:48:54,0.02302904,-0.860765,0.03324577,0.5073932,-4.623236,-151.0222,5.3396,0.01730674,0.8693148,0.03956368,-0.4923687,9.923706,-149.0752,5.510101
06.12.2023 14:48:54,0.02299439,-0.8607488,0.03321756,0.5074243,-4.618443,-151.0264,5.337646,0.01707592,0.8694188,0.03961852,-0.4921888,9.916229,-149.0525,5.535248
06.12.2023 14:48:54,0.02308544,-0.86075,0.03321119,0.5074185,-4.623114,-151.0253,5.347076,0.01641135,0.8695097,0.03999347,-0.4920204,9.916199,-149.0342,5.621979
06.12.2023 14:48:54,0.02313197,-0.8607224,0.03310457,0.5074703,-4.61531,-151.0316,5.357605,0.016013,0.8695632,0.0401098,-0.4919296,9.905396,-149.024,5.667877
06.12.2023 14:48:54,0.02317319,-0.8606986,0.03304738,0.5075125,-4.612078,-151.0369,5.364807,0.01606679,0.8695442,0.04003918,-0.4919671,9.901337,-149.0285,5.658722
06.12.2023 14:48:54,0.02318922,-0.8606858,0.03307358,0.5075316,-4.615608,-151.0396,5.364746,0.01640461,0.8694925,0.03984855,-0.4920628,9.901337,-149.039,5.614685
06.12.2023 14:48:54,0.02316641,-0.8607274,0.03302423,0.5074655,-4.609375,-151.0306,5.365723,0.01667975,0.8694421,0.03963424,-0.4921599,9.895447,-149.0499,5.575562
06.12.2023 14:48:54,0.02315957,-0.8607236,0.03297702,0.5074753,-4.604316,-151.0317,5.367767,0.01701162,0.8693494,0.03961122,-0.4923142,9.911804,-149.0692,5.541962
06.12.2023 14:48:54,0.02315349,-0.8607469,0.03288693,0.5074418,-4.595047,-151.0269,5.372589,0.01724761,0.8692874,0.03977629,-0.492402,9.941559,-149.081,5.528259
06.12.2023 14:48:54,0.02319427,-0.8607919,0.03288139,0.507364,-4.596839,-151.0164,5.37738,0.01740856,0.8692319,0.03978381,-0.4924939,9.951355,-149.0927,5.513153
06.12.2023 14:48:54,0.02318667,-0.8607776,0.03278098,0.5073952,-4.586489,-151.0201,5.382324,0.01748584,0.8692448,0.03992174,-0.492457,9.969513,-149.0883,5.513031
06.12.2023 14:48:54,0.02311126,-0.8607513,0.03277367,0.5074435,-4.581397,-151.0267,5.375031,0.01732332,0.8692675,0.04028034,-0.4923936,9.996124,-149.0824,5.549286
06.12.2023 14:48:54,0.02315558,-0.8607752,0.0328146,0.5073985,-4.588002,-151.0208,5.377258,0.01711642,0.8692628,0.04068898,-0.4923755,10.02521,-149.0829,5.593079
06.12.2023 14:48:54,0.02314043,-0.8607627,0.03269811,0.5074277,-4.575622,-151.0242,5.382416,0.01692293,0.8693142,0.04098725,-0.4922667,10.04413,-149.0709,5.628723
06.12.2023 14:48:54,0.02302506,-0.8607581,0.0327277,0.507439,-4.571833,-151.0262,5.369202,0.01706499,0.8693215,0.04101607,-0.4922465,10.05505,-149.0679,5.616058
06.12.2023 14:48:54,0.02287556,-0.8607133,0.03261864,0.5075287,-4.552389,-151.038,5.360321,0.01723549,0.8692788,0.04076578,-0.4923368,10.03964,-149.0779,5.585327
06.12.2023 14:48:54,0.02271192,-0.8607026,0.03268781,0.5075498,-4.549701,-151.0415,5.339966,0.01722578,0.8691812,0.04060319,-0.4925229,10.02274,-149.1016,5.578125
06.12.2023 14:48:54,0.02265347,-0.860709,0.03267266,0.5075426,-4.544796,-151.0407,5.335114,0.01716116,0.8691298,0.04054801,-0.4926203,10.01352,-149.1144,5.582001
06.12.2023 14:48:54,0.02256818,-0.8607292,0.0327215,0.5075091,-4.544641,-151.0366,5.324005,0.01717884,0.8690797,0.04064186,-0.4927003,10.02383,-149.1254,5.58606
06.12.2023 14:48:54,0.02250187,-0.8607001,0.03277318,0.5075577,-4.545903,-151.0435,5.314178,0.01736891,0.8691161,0.04074845,-0.4926208,10.04526,-149.1149,5.572662
06.12.2023 14:48:54,0.02246795,-0.8607067,0.03283943,0.5075438,-4.550468,-151.042,5.307037,0.01771198,0.8691975,0.04068012,-0.4924704,10.05795,-149.0937,5.53363
06.12.2023 14:48:54,0.02244996,-0.8607671,0.03302826,0.50743,-4.568037,-151.0277,5.29483,0.01814379,0.869203,0.04065698,-0.4924469,10.08008,-149.0891,5.489044
06.12.2023 14:48:54,0.02255937,-0.860783,0.03299714,0.5074002,-4.571322,-151.0233,5.307617,0.01834675,0.8691693,0.04071337,-0.4924943,10.09717,-149.0951,5.472229
06.12.2023 14:48:54,0.02261061,-0.8608015,0.03293292,0.5073708,-4.56795,-151.019,5.316589,0.01825433,0.8691014,0.04084828,-0.4926064,10.10535,-149.1109,5.489807
06.12.2023 14:48:55,0.02289405,-0.860793,0.03291489,0.5073736,-4.582673,-151.0186,5.345673,0.01801415,0.8689623,0.04101898,-0.4928464,10.10864,-149.1443,5.524902
06.12.2023 14:48:55,0.02316136,-0.8607652,0.03293276,0.5074075,-4.600019,-151.0225,5.37088,0.0179173,0.868914,0.04091122,-0.4929439,10.09235,-149.1569,5.529022
06.12.2023 14:48:55,0.02337567,-0.8607584,0.032988,0.5074056,-4.617955,-151.0219,5.388885,0.01791506,0.8688716,0.04063418,-0.4930417,10.06451,-149.1683,5.514069
06.12.2023 14:48:55,0.0233447,-0.8607485,0.03316696,0.5074121,-4.633837,-151.0236,5.375336,0.01789073,0.8688165,0.04039735,-0.4931591,10.03946,-149.1825,5.503693
06.12.2023 14:48:55,0.02324478,-0.8607688,0.03345848,0.5073631,-4.656805,-151.0186,5.348694,0.01779005,0.8688438,0.04017929,-0.4931325,10.01202,-149.1781,5.50119
06.12.2023 14:48:55,0.02315616,-0.8607489,0.03361564,0.5073904,-4.667184,-151.0231,5.330597,0.01757227,0.8688979,0.04015745,-0.4930468,9.997559,-149.1673,5.52121
06.12.2023 14:48:55,0.02297519,-0.8607071,0.03364114,0.507468,-4.659195,-151.0341,5.310791,0.01741678,0.8688952,0.04028521,-0.4930465,10.0015,-149.1684,5.544006
06.12.2023 14:48:55,0.02291869,-0.8606586,0.03363686,0.5075531,-4.655511,-151.0455,5.304993,0.01773202,0.8689441,0.04043178,-0.4929371,10.03403,-149.1539,5.520233
06.12.2023 14:48:55,0.02294733,-0.8606673,0.03361284,0.5075385,-4.654801,-151.0434,5.309296,0.01802445,0.8689834,0.04042463,-0.4928578,10.04993,-149.1425,5.490143
06.12.2023 14:48:55,0.02295124,-0.8606505,0.03346907,0.5075763,-4.640838,-151.0478,5.317871,0.01845701,0.8690049,0.04044558,-0.4928022,10.07651,-149.134,5.447815
06.12.2023 14:48:55,0.0230353,-0.8607003,0.03358973,0.5074801,-4.65762,-151.0353,5.319672,0.01878577,0.8689946,0.04040458,-0.4928114,10.09103,-149.1339,5.412689
06.12.2023 14:48:55,0.02296984,-0.8607007,0.03344067,0.5074922,-4.639083,-151.0364,5.321838,0.0188864,0.8690824,0.04028917,-0.4926621,10.0853,-149.1133,5.395203
06.12.2023 14:48:55,0.02299259,-0.8607454,0.0335119,0.5074107,-4.647416,-151.0258,5.320374,0.01865927,0.8691497,0.04026172,-0.4925542,10.06973,-149.0995,5.41568
06.12.2023 14:48:55,0.0229391,-0.8607156,0.03361582,0.5074569,-4.654586,-151.0326,5.308746,0.01812717,0.8692605,0.0403331,-0.4923727,10.04688,-149.0776,5.471863
06.12.2023 14:48:55,0.02291652,-0.8608069,0.03362363,0.5073026,-4.653988,-151.0121,5.306885,0.01786818,0.8693284,0.04034301,-0.4922615,10.03326,-149.0637,5.49765
06.12.2023 14:48:55,0.02297465,-0.8607889,0.03361066,0.5073313,-4.656101,-151.0157,5.313263,0.01802429,0.869391,0.04031396,-0.4921474,10.03928,-149.048,5.479736
06.12.2023 14:48:55,0.02299312,-0.8607558,0.03361841,0.507386,-4.657961,-151.023,5.314331,0.01810565,0.8693465,0.04051518,-0.4922068,10.0639,-149.0567,5.483368
06.12.2023 14:48:55,0.02301995,-0.8607525,0.03357612,0.5073933,-4.655349,-151.0237,5.319397,0.01821742,0.8692977,0.04070772,-0.4922727,10.08942,-149.0662,5.483521
06.12.2023 14:48:55,0.0229199,-0.8607714,0.03349677,0.5073711,-4.641675,-151.0207,5.31427,0.01898971,0.8692619,0.04066628,-0.4923103,10.12891,-149.0686,5.404236
06.12.2023 14:48:55,0.02280901,-0.8607741,0.03354691,0.5073681,-4.64017,-151.0208,5.300385,0.01974717,0.8691676,0.04040163,-0.4924689,10.14526,-149.0858,5.314453
06.12.2023 14:48:55,0.02267588,-0.8607829,0.03345491,0.5073651,-4.623326,-151.0203,5.292603,0.01986858,0.8690633,0.04032023,-0.4926546,10.14395,-149.1095,5.298798
06.12.2023 14:48:55,0.02257603,-0.8608088,0.03335958,0.5073319,-4.608082,-151.0157,5.288483,0.01968894,0.8689296,0.04040143,-0.492891,10.14182,-149.1417,5.322754
06.12.2023 14:48:55,0.02254222,-0.86079,0.03310016,0.5073824,-4.580497,-151.0214,5.300018,0.01906431,0.8688583,0.04060658,-0.4930243,10.12686,-149.1623,5.397614
06.12.2023 14:48:55,0.02262659,-0.860769,0.03303124,0.5074188,-4.578613,-151.0258,5.312195,0.01891378,0.8688388,0.0406459,-0.4930611,10.12222,-149.1679,5.4151
06.12.2023 14:48:55,0.02269892,-0.8607878,0.03298565,0.5073865,-4.578308,-151.0211,5.322174,0.01922716,0.8687944,0.04046274,-0.4931423,10.12167,-149.1767,5.37384
06.12.2023 14:48:55,0.02278507,-0.8607528,0.03293813,0.5074453,-4.578652,-151.0285,5.33316,0.01938225,0.8687598,0.04023713,-0.4932157,10.10791,-149.1847,5.345947
06.12.2023 14:48:55,0.02269261,-0.8607703,0.03295694,0.5074182,-4.575116,-151.0252,5.323059,0.01942658,0.8687389,0.04016077,-0.493257,10.10281,-149.1896,5.337433
06.12.2023 14:48:55,0.02261868,-0.8607743,0.03309337,0.5074059,-4.584286,-151.0244,5.307831,0.01952053,0.8687289,0.03989792,-0.4932923,10.08191,-149.1925,5.313293
06.12.2023 14:48:55,0.02243698,-0.8607626,0.03301741,0.5074388,-4.566212,-151.0289,5.294128,0.01956452,0.8687049,0.03964716,-0.493353,10.05936,-149.1991,5.294983
06.12.2023 14:48:55,0.02244604,-0.8607837,0.03302845,0.5074019,-4.567818,-151.024,5.294586,0.01975394,0.8686477,0.03938183,-0.4934674,10.04361,-149.2122,5.261658
06.12.2023 14:48:55,0.02230167,-0.8607728,0.03302172,0.5074274,-4.558755,-151.0277,5.280548,0.02001761,0.8685869,0.0390623,-0.4935892,10.02664,-149.2258,5.217834
06.12.2023 14:48:55,0.02238369,-0.860779,0.03300686,0.507414,-4.562058,-151.0257,5.289612,0.0204535,0.8686021,0.03872978,-0.4935707,10.01819,-149.2204,5.155273
06.12.2023 14:48:55,0.02244806,-0.8607877,0.03302563,0.5073953,-4.567655,-151.0231,5.294983,0.0206055,0.8686971,0.0385173,-0.4934139,10.00565,-149.1981,5.127106
06.12.2023 14:48:55,0.02244205,-0.8608318,0.03303072,0.5073205,-4.567782,-151.0131,5.294495,0.02027779,0.8687244,0.03847826,-0.4933824,9.983185,-149.1947,5.15744
06.12.2023 14:48:55,0.02239037,-0.8608555,0.03296052,0.507287,-4.557825,-151.0085,5.29364,0.01986867,0.8687668,0.03874753,-0.4933033,9.986877,-149.1868,5.213165
06.12.2023 14:48:55,0.02242336,-0.8608513,0.03299315,0.5072905,-4.562971,-151.009,5.294983,0.01886443,0.8686982,0.0394605,-0.4934072,10.00107,-149.2073,5.354584
06.12.2023 14:48:55,0.02243543,-0.860862,0.03294356,0.5072752,-4.558768,-151.0067,5.299164,0.01811883,0.8685504,0.04017042,-0.4936378,10.02948,-149.2439,5.470795
06.12.2023 14:48:55,0.02244781,-0.8608837,0.03290473,0.5072404,-4.555639,-151.0019,5.302826,0.01822723,0.8684855,0.04025854,-0.4937409,10.04437,-149.2577,5.465576
06.12.2023 14:48:55,0.0224195,-0.8609217,0.03277917,0.5071852,-4.541564,-150.9941,5.307648,0.01916717,0.8686763,0.03945778,-0.4934341,10.01794,-149.2099,5.324371
06.12.2023 14:48:55,0.02249372,-0.8609324,0.03273443,0.5071666,-4.541456,-150.9912,5.317688,0.01992349,0.8689724,0.0386544,-0.4929461,9.980774,-149.139,5.200317
06.12.2023 14:48:55,0.02257098,-0.8609318,0.03264157,0.5071701,-4.536777,-150.9911,5.33075,0.02046155,0.8693475,0.0380615,-0.4923084,9.952179,-149.0502,5.109253
06.12.2023 14:48:55,0.02261773,-0.8608717,0.03264903,0.5072696,-4.540275,-151.0043,5.334412,0.01971089,0.8698562,0.03832696,-0.4914191,9.936432,-148.9363,5.194275
06.12.2023 14:48:55,0.02251784,-0.8608334,0.03260661,0.5073418,-4.530295,-151.014,5.32663,0.0192403,0.8701271,0.03851446,-0.4909433,9.928741,-148.8759,5.249237
06.12.2023 14:48:55,0.02259828,-0.8607912,0.03268623,0.5074046,-4.54287,-151.0225,5.32959,0.01904055,0.8705655,0.03847655,-0.4901762,9.91394,-148.7751,5.262726
06.12.2023 14:48:55,0.02243953,-0.860791,0.03263074,0.5074156,-4.528147,-151.0241,5.317078,0.0193453,0.8710064,0.03798287,-0.4894189,9.881927,-148.6718,5.200073
06.12.2023 14:48:55,0.02253634,-0.8607323,0.03256107,0.5075153,-4.526938,-151.0369,5.3302,0.01970198,0.8714071,0.03716228,-0.4887541,9.820007,-148.5791,5.11441
06.12.2023 14:48:55,0.02243755,-0.8607082,0.03260149,0.507558,-4.525194,-151.043,5.317841,0.01936261,0.8716989,0.03683441,-0.4882719,9.76825,-148.515,5.127289
06.12.2023 14:48:55,0.02245651,-0.860622,0.03259547,0.5077037,-4.525758,-151.0623,5.319305,0.01853046,0.8718876,0.03699293,-0.4879551,9.737549,-148.4764,5.217834
06.12.2023 14:48:55,0.0225007,-0.8606026,0.03253573,0.5077385,-4.522444,-151.0666,5.326965,0.01787609,0.8720804,0.03689263,-0.4876425,9.690948,-148.4367,5.276062
06.12.2023 14:48:55,0.02252247,-0.8605263,0.03250469,0.5078688,-4.520697,-151.0838,5.330261,0.01738417,0.872116,0.03683305,-0.487601,9.657471,-148.4323,5.321777
06.12.2023 14:48:55,0.02251709,-0.8605655,0.03247754,0.5078045,-4.517677,-151.0751,5.331665,0.01745223,0.8721241,0.03653167,-0.4876068,9.631104,-148.4314,5.298065
06.12.2023 14:48:55,0.02248221,-0.8605047,0.03247428,0.5079092,-4.515363,-151.0892,5.32785,0.01806886,0.8722408,0.03608165,-0.4874092,9.620605,-148.4015,5.20993
06.12.2023 14:48:55,0.02238807,-0.860521,0.0325171,0.5078831,-4.514094,-151.0861,5.316162,0.01909653,0.8722783,0.03540301,-0.4873527,9.610168,-148.388,5.068542
06.12.2023 14:48:55,0.02227768,-0.8605378,0.03250208,0.5078603,-4.506169,-151.0833,5.306244,0.01958195,0.8723266,0.03491245,-0.4872825,9.588226,-148.3752,-0.008004593
06.12.2023 14:48:55,0.02235841,-0.8605328,0.03246472,0.5078675,-4.507186,-151.0839,5.316376,0.01922694,0.8723028,0.03521879,-0.4873169,9.59903,-148.3821,5.044952
06.12.2023 14:48:55,0.02228656,-0.8605553,0.03252752,0.5078287,-4.509189,-151.0792,5.305817,0.01837383,0.8722576,0.03582587,-0.4873865,9.612091,-148.3965,5.164886
06.12.2023 14:48:55,0.02219639,-0.8605698,0.03268403,0.507798,-4.519382,-151.076,5.287903,0.01793795,0.872187,0.03620249,-0.4875013,9.625366,-148.4146,5.230347
06.12.2023 14:48:55,0.02219457,-0.8606312,0.03271165,0.5076922,-4.52197,-151.062,5.286682,0.01802501,0.8720608,0.03628526,-0.4877175,9.638458,-148.4432,5.227417
06.12.2023 14:48:55,0.02219299,-0.8607033,0.03274605,0.5075676,-4.525235,-151.0455,5.285156,0.01833333,0.8719713,0.03626909,-0.4878674,9.654083,-148.4619,5.196411
06.12.2023 14:48:55,0.0221237,-0.8607248,0.03276889,0.5075328,-4.523444,-151.0411,5.277161,0.01896175,0.8718482,0.0360407,-0.4880803,9.666382,-148.4871,5.121765
06.12.2023 14:48:55,0.02220672,-0.8607549,0.03266252,0.5074851,-4.517755,-151.0341,5.29184,0.01900616,0.8717126,0.03598166,-0.488325,9.662933,-148.519,5.115295
06.12.2023 14:48:55,0.02248926,-0.8608066,0.03259166,0.5073894,-4.527172,-151.0203,5.324432,0.01880345,0.8715525,0.03600805,-0.4886165,9.654175,-148.558,5.138641
06.12.2023 14:48:55,0.02276021,-0.8608007,0.03259532,0.5073871,-4.543309,-151.0193,5.351013,0.01817394,0.8715015,0.03620877,-0.4887165,9.638916,-148.5739,5.213531
06.12.2023 14:48:55,0.02282688,-0.8608006,0.03263747,0.5073817,-4.551353,-151.0186,5.355194,0.01783864,0.8714322,0.03633952,-0.4888426,9.633148,-148.5921,5.255127
06.12.2023 14:48:55,0.02271777,-0.8607542,0.03282048,0.5074534,-4.563111,-151.0293,5.333313,0.01802973,0.871286,0.03623201,-0.4891042,9.633057,-148.6255,5.231323
06.12.2023 14:48:55,0.02249256,-0.8607829,0.03297986,0.5074044,-4.565726,-151.024,5.302002,0.01878727,0.8712226,0.03593693,-0.4892103,9.646057,-148.636,5.139435
06.12.2023 14:48:55,0.02224251,-0.8607425,0.03314217,0.5074734,-4.567225,-151.0345,5.267426,0.01913712,0.8711795,0.03587804,-0.4892779,9.65979,-148.6436,5.101471
06.12.2023 14:48:55,0.02210719,-0.8606934,0.0333257,0.5075507,-4.577497,-151.046,5.24292,0.01941298,0.8711371,0.03592388,-0.4893391,9.679871,-148.6511,5.076752
06.12.2023 14:48:55,0.02190564,-0.8606898,0.03333423,0.507565,-4.566605,-151.0484,5.222412,0.01939408,0.8711339,0.03606335,-0.4893353,9.692749,-148.6513,5.086487
06.12.2023 14:48:55,0.02194841,-0.8606276,0.03326354,0.5076731,-4.562141,-151.0624,5.230194,0.01864803,0.8710865,0.03645364,-0.4894198,9.68985,-148.6664,5.183624
06.12.2023 14:48:55,0.02204814,-0.8606566,0.03327834,0.5076186,-4.569399,-151.055,5.239471,0.01786786,0.8710726,0.03678974,-0.4894485,9.679626,-148.674,5.280823
06.12.2023 14:48:55,0.02207903,-0.860623,0.03330076,0.5076728,-4.573429,-151.0622,5.240936,0.01742432,0.8710778,0.03694366,-0.4894436,9.670074,-148.6754,5.333862
06.12.2023 14:48:55,0.02201878,-0.860671,0.033188,0.5076014,-4.558759,-151.0524,5.241943,0.0175768,0.8711212,0.03666773,-0.4893818,9.651093,-148.6654,5.302704
06.12.2023 14:48:55,0.02195892,-0.8606892,0.03329134,0.5075663,-4.565471,-151.0483,5.230164,0.01772841,0.8710504,0.03656775,-0.4895097,9.649567,-148.6814,5.282593
06.12.2023 14:48:55,0.02188679,-0.860669,0.03318495,0.5076107,-4.550771,-151.0539,5.229004,0.01808065,0.8709482,0.03665063,-0.4896724,9.677582,-148.7022,5.252899
06.12.2023 14:48:55,0.02200056,-0.8607029,0.03326089,0.5075434,-4.564882,-151.045,5.236176,0.01843221,0.8709561,0.03655577,-0.4896524,9.687866,-148.6982,5.21225
06.12.2023 14:48:55,0.02206821,-0.8607754,0.03331693,0.5074139,-4.574323,-151.0278,5.240295,0.01897203,0.8709548,0.03653884,-0.4896354,9.716522,-148.6943,5.157166
06.12.2023 14:48:55,0.02223244,-0.8607733,0.03330893,0.5074108,-4.583095,-151.0269,5.257019,0.01933121,0.8709304,0.03631669,-0.4896811,9.714508,-148.6983,5.108948
06.12.2023 14:48:55,0.02230424,-0.8608037,0.03322049,0.5073617,-4.578523,-151.0198,5.269562,0.01950157,0.870904,0.03610332,-0.4897371,9.702759,-148.7042,5.08017
06.12.2023 14:48:55,0.02234926,-0.8607915,0.03328095,0.5073766,-4.587123,-151.0219,5.270386,0.01924716,0.8708933,0.03596426,-0.4897765,9.67453,-148.7094,5.097992
06.12.2023 14:48:55,0.02226068,-0.8607795,0.03328712,0.5074004,-4.582582,-151.0254,5.261139,0.01885982,0.8708825,0.03596078,-0.4898111,9.652405,-148.715,5.136749
06.12.2023 14:48:55,0.02210041,-0.8607982,0.03317286,0.5073831,-4.561955,-151.023,5.252045,0.01836197,0.870933,0.03580275,-0.4897517,9.608643,-148.7078,5.177307
06.12.2023 14:48:55,0.02210644,-0.8607486,0.03314446,0.5074689,-4.559525,-151.0343,5.253845,0.017967,0.8709708,0.03592962,-0.4896899,9.599121,-148.7014,5.223663
06.12.2023 14:48:55,0.02216368,-0.8607287,0.03296372,0.507512,-4.545014,-151.0391,5.269836,0.01775355,0.8710228,0.03592915,-0.4896053,9.587097,-148.6908,5.244568
06.12.2023 14:48:55,0.0222173,-0.8607154,0.03296221,0.5075322,-4.547995,-151.0416,5.275116,0.01780652,0.8710735,0.03587163,-0.4895173,9.584351,-148.6788,5.235565
06.12.2023 14:48:55,0.02232921,-0.8606291,0.03286448,0.5076798,-4.544908,-151.0606,5.291138,0.01835467,0.8711755,0.03567506,-0.4893297,9.595551,-148.6516,5.16861
06.12.2023 14:48:55,0.02236597,-0.8605549,0.03295606,0.5077981,-4.556136,-151.0767,5.288788,0.01886244,0.8711089,0.03555429,-0.4894378,9.611969,-148.6639,5.111572
06.12.2023 14:48:55,0.02222347,-0.8605164,0.03295184,0.5078698,-4.547437,-151.0866,5.274567,0.01882529,0.8710994,0.035467,-0.4894627,9.601166,-148.6669,5.110474
06.12.2023 14:48:55,0.02216314,-0.8604569,0.03303193,0.5079682,-4.551862,-151.1002,5.263397,0.01870611,0.8710728,0.0352913,-0.4895271,9.576904,-148.6749,5.112854
06.12.2023 14:48:55,0.02203538,-0.8603999,0.03302446,0.5080707,-4.543707,-151.1142,5.250641,0.01857345,0.8710794,0.03518203,-0.4895282,9.558502,-148.6749,5.119965
06.12.2023 14:48:56,0.02200956,-0.8603647,0.03309293,0.508127,-4.54898,-151.1221,5.243805,0.01789853,0.8709968,0.03519391,-0.4896997,9.521729,-148.6994,5.189087
06.12.2023 14:48:56,0.02192906,-0.8603025,0.03317353,0.5082304,-4.552272,-151.1364,5.230591,0.01726191,0.8709347,0.03541855,-0.4898167,9.508362,-148.7176,5.266052
06.12.2023 14:48:56,0.0219559,-0.8602977,0.03320983,0.508235,-4.557424,-151.1371,5.231079,0.01695252,0.8709091,0.03536952,-0.4898765,9.486053,-148.7261,5.294556
06.12.2023 14:48:56,0.02197004,-0.8602505,0.03315927,0.5083178,-4.553278,-151.1479,5.235016,0.01715804,0.8709235,0.03504944,-0.4898668,9.465637,-148.7227,5.25589
06.12.2023 14:48:56,0.02185035,-0.860213,0.0331324,0.508388,-4.543661,-151.1575,5.224365,0.01791353,0.8710092,0.03461096,-0.4897186,9.464325,-148.6991,5.154785
06.12.2023 14:48:56,0.0218003,-0.8601879,0.03309243,0.5084353,-4.536807,-151.1637,5.221497,0.01799259,0.8710176,0.0348945,-0.4896806,9.497101,-148.6952,5.162689
06.12.2023 14:48:56,0.02164885,-0.8601235,0.03314721,0.5085471,-4.533404,-151.1793,5.202759,0.0175773,0.8710626,0.03521212,-0.4895929,9.505524,-148.6863,5.22171
06.12.2023 14:48:56,0.02149482,-0.8601469,0.03329355,0.5085046,-4.538854,-151.1747,5.179199,0.01714609,0.8710271,0.03540542,-0.4896573,9.50061,-148.6968,5.276093
06.12.2023 14:48:56,0.02123415,-0.8601148,0.0335071,0.5085558,-4.544733,-151.1831,5.140656,0.01702467,0.8710016,0.0353125,-0.4897136,9.484467,-148.7041,5.283264
06.12.2023 14:48:56,0.02103575,-0.8600816,0.03364524,0.5086111,-4.546798,-151.1916,5.112671,0.01725758,0.8709792,0.03489024,-0.4897756,9.455353,-148.7097,5.236481
06.12.2023 14:48:56,0.02094198,-0.8601751,0.03400022,0.5084331,-4.57635,-151.1697,5.083557,0.01697745,0.870949,0.0346387,-0.4898569,9.414429,-148.72,5.250732
06.12.2023 14:48:56,0.02102327,-0.8602445,0.0342663,0.5082946,-4.607352,-151.1522,5.076782,0.01637934,0.8709772,0.03470327,-0.4898225,9.387268,-148.7173,5.314026
06.12.2023 14:48:56,0.02110868,-0.8602231,0.03459314,0.508305,-4.644607,-151.1549,5.06604,0.01607059,0.8710057,0.03467418,-0.4897844,9.367004,-148.713,5.343079
06.12.2023 14:48:56,0.02132659,-0.8603158,0.03474019,0.508129,-4.671824,-151.1316,5.079926,0.0159026,0.8711081,0.0344201,-0.4896255,9.332245,-148.6913,5.344757
06.12.2023 14:48:56,0.02140982,-0.8603824,0.03484616,0.5080056,-4.687131,-151.1154,5.082611,0.01616479,0.8712207,0.03397471,-0.4894475,9.302521,-148.6651,5.292542
06.12.2023 14:48:56,0.02145262,-0.8603935,0.03481333,0.5079872,-4.686383,-151.1126,5.088867,0.0161206,0.8712366,0.03365839,-0.4894426,9.268433,-148.6631,5.279114
06.12.2023 14:48:56,0.0214798,-0.8602881,0.03472699,0.5081702,-4.679461,-151.1366,5.095612,0.0159484,0.8713111,0.0335911,-0.4893202,9.252075,-148.6472,5.291962
06.12.2023 14:48:56,0.0214764,-0.8601754,0.03455587,0.5083728,-4.662389,-151.1628,5.104187,0.01550398,0.8713967,0.03396762,-0.489156,9.264801,-148.6284,5.356842
06.12.2023 14:48:56,0.02156935,-0.8599518,0.03451525,0.5087498,-4.663851,-151.2127,5.113708,0.01549711,0.8714558,0.03410852,-0.4890411,9.278564,-148.6139,5.364899
06.12.2023 14:48:56,0.02172593,-0.8596873,0.03451892,0.5091898,-4.673422,-151.2711,5.126556,0.01619612,0.8714837,0.03400893,-0.4889757,9.307861,-148.603,5.289001
06.12.2023 14:48:56,0.02188203,-0.8593697,0.03458268,0.5097146,-4.688921,-151.341,5.135376,0.01671331,0.8715229,0.03415891,-0.488878,9.351898,-148.5895,5.245178
06.12.2023 14:48:56,0.02225274,-0.8589996,0.0346734,0.510316,-4.719674,-151.4208,5.163361,0.01710318,0.8715584,0.0342164,-0.4887972,9.379547,-148.5781,5.208984
06.12.2023 14:48:56,0.0227218,-0.8585845,0.03499516,0.5109715,-4.779022,-151.5087,5.187103,0.01732795,0.8715559,0.0342268,-0.4887931,9.393188,-148.5771,5.187042
06.12.2023 14:48:56,0.0231436,-0.8581403,0.03528364,0.5116782,-4.832368,-151.6034,5.207764,0.01726093,0.8715222,0.03429567,-0.4888507,9.396301,-148.5851,5.197937
06.12.2023 14:48:56,0.02373297,-0.8577036,0.03577276,0.512349,-4.915358,-151.6939,5.233215,0.01718248,0.871457,0.03423871,-0.4889737,9.3862,-148.6013,5.203186
06.12.2023 14:48:56,0.0243635,-0.8573222,0.03631048,0.5129197,-5.005571,-151.7712,5.260315,0.0169929,0.8713399,0.03422201,-0.48919,9.37381,-148.6302,5.222321
06.12.2023 14:48:56,0.02513522,-0.8569598,0.03693535,0.5134431,-5.112709,-151.8422,5.296326,0.01691934,0.8711551,0.03441418,-0.4895082,9.388824,-148.6732,5.242126
06.12.2023 14:48:56,0.02582516,-0.8566408,0.03760697,0.5138925,-5.219646,-151.9038,5.321838,0.01678132,0.8709468,0.03461466,-0.4898694,9.401001,-148.722,5.269043
06.12.2023 14:48:56,0.02654094,-0.856343,0.03831659,0.5142998,-5.331861,-151.9599,5.347809,0.01676747,0.8707364,0.03499754,-0.4902164,9.438354,-148.7696,5.293823
06.12.2023 14:48:56,0.02728602,-0.8560871,0.03917285,0.514622,-5.460225,-152.0054,5.368378,0.01692515,0.8705691,0.03517107,-0.4904958,9.464478,-148.8068,5.289276
06.12.2023 14:48:56,0.02802506,-0.8558054,0.04015653,0.514975,-5.600798,-152.0556,5.380463,0.01749636,0.8704111,0.03513786,-0.4907583,9.493256,-148.8397,5.231628
06.12.2023 14:48:56,0.02879489,-0.8554162,0.04110879,0.5155037,-5.740206,-152.1294,5.396179,0.01809985,0.8703037,0.03481035,-0.4909503,9.494507,-148.8619,5.153778
06.12.2023 14:48:56,0.02953815,-0.8549511,0.0420199,0.5161595,-5.874091,-152.2202,5.410645,0.01832378,0.8701378,0.03458581,-0.4912518,9.48465,-148.9001,5.120239
06.12.2023 14:48:56,0.03033977,-0.8545674,0.0430891,0.5166598,-6.026922,-152.2909,5.422302,0.01831881,0.8699592,0.03451794,-0.4915729,9.477539,-148.9421,5.118561
06.12.2023 14:48:56,0.03131906,-0.8541961,0.04433284,0.51711,-6.207453,-152.3555,5.441223,0.01841382,0.8697447,0.03428435,-0.4919652,9.459534,-148.9926,5.09787
06.12.2023 14:48:56,0.03217484,-0.8537817,0.04582615,0.5176114,-6.405203,-152.4291,5.432434,0.01853831,0.869528,0.03408431,-0.4923572,9.446564,-149.0431,5.076111
06.12.2023 14:48:56,0.03306846,-0.8534091,0.04759638,0.5180097,-6.632346,-152.4907,5.411346,0.01860887,0.8691899,0.03413142,-0.4929481,9.4552,-149.1211,5.074768
06.12.2023 14:48:56,0.03382842,-0.8530053,0.04948737,0.5184482,-6.863394,-152.5595,5.369263,0.0185422,0.8689528,0.03428355,-0.4933578,9.466583,-149.1761,5.092163
06.12.2023 14:48:56,0.03462727,-0.8524388,0.05166342,0.5191146,-7.124792,-152.6614,5.311615,0.01839672,0.8688031,0.03458515,-0.4936057,9.488373,-149.2106,5.125092
06.12.2023 14:48:56,0.03544812,-0.8518119,0.05397875,0.5198522,-7.401123,-152.7746,5.246613,0.0184926,0.868655,0.0347551,-0.4938509,9.510712,-149.2435,5.126465
06.12.2023 14:48:56,0.03624927,-0.8510481,0.05646285,0.5207833,-7.692775,-152.9163,5.167084,0.01860097,0.8685467,0.03485268,-0.4940304,9.52655,-149.2674,5.122131
06.12.2023 14:48:56,0.0369132,-0.850325,0.05854114,0.5216874,-7.936314,-153.0527,5.098114,0.01907492,0.8686675,0.03478174,-0.4938048,9.546387,-149.236,5.069611
06.12.2023 14:48:56,0.03761319,-0.8495845,0.06038272,0.5226332,-8.158747,-153.1933,5.046021,0.01926582,0.8686727,0.03481631,-0.4937859,9.560638,-149.2331,5.052429
06.12.2023 14:48:56,0.03817544,-0.848842,0.06209116,0.5235978,-8.359766,-153.3366,-0.01226285,0.01937377,0.8687389,0.03510406,-0.4936447,9.595459,-149.2155,5.057281
06.12.2023 14:48:56,0.03856722,-0.8480718,0.0636474,0.5246293,-8.535497,-153.489,-0.07920289,0.01960599,0.8687938,0.03545363,-0.4935141,9.643494,-149.1992,5.053253
06.12.2023 14:48:56,0.03922896,-0.8472201,0.06518684,0.525766,-8.725788,-153.6548,-0.120275,0.02021555,0.8690102,0.03583398,-0.4930809,9.715942,-149.1421,5.011688
06.12.2023 14:48:56,0.03991538,-0.8463174,0.06682653,0.5269611,-8.927271,-153.83,-0.1663281,0.02055439,0.8691365,0.03636304,-0.4928052,9.787903,-149.1072,5.006348
06.12.2023 14:48:56,0.04083871,-0.8453576,0.06860492,0.5282009,-9.156603,-154.0123,-0.1989302,0.02064922,0.8691757,0.03686276,-0.4926949,9.84314,-149.0948,5.024658
06.12.2023 14:48:56,0.04172054,-0.8444334,0.07046922,0.5293636,-9.391744,-154.1859,-0.2408484,0.02071187,0.8691195,0.03731199,-0.4927578,9.89151,-149.1051,5.04425
06.12.2023 14:48:56,0.04262738,-0.8434694,0.07243168,0.530562,-9.637891,-154.366,-0.2876307,0.02072459,0.8689917,0.03759533,-0.4929609,9.920471,-149.1333,5.060211
06.12.2023 14:48:56,0.04346678,-0.8424735,0.07429225,0.5318174,-9.869884,-154.5539,-0.3361811,0.02087078,0.8689167,0.03754187,-0.493091,9.923401,-149.1497,5.043304
06.12.2023 14:48:56,0.04423769,-0.8414718,0.07627246,0.533058,-10.1092,-154.7425,-0.3995855,0.02103786,0.8688297,0.0374699,-0.4932427,9.92569,-149.169,5.023407
06.12.2023 14:48:56,0.04493463,-0.8405833,0.07794692,0.5341582,-10.31421,-154.9094,-0.4501385,0.0207449,0.8687933,0.03766569,-0.4933044,9.928619,-149.1789,5.064148
06.12.2023 14:48:56,0.04543019,-0.8397198,0.07970811,0.5352135,-10.5151,-155.0729,-0.5259011,0.01985826,0.8686583,0.03824936,-0.4935336,9.936554,-149.2148,5.187164
06.12.2023 14:48:56,0.04585237,-0.8387861,0.08140195,0.5363854,-10.70467,-155.2529,-0.6067307,0.01931505,0.868606,0.03859438,-0.4936203,9.940155,-149.2296,5.261536
06.12.2023 14:48:56,0.04628849,-0.8378537,0.08284133,0.5375835,-10.87026,-155.4339,-0.67109,0.01939653,0.8685089,0.03872358,-0.4937778,9.957611,-149.2508,5.261658
06.12.2023 14:48:56,0.04653769,-0.8367986,0.08435166,0.5389687,-11.03073,-155.6434,-0.7612491,0.01970365,0.8683563,0.03906083,-0.4940073,10.00858,-149.282,5.251526
06.12.2023 14:48:56,0.04675512,-0.8359914,0.08532565,0.5400481,-11.13744,-155.8043,-0.8167562,0.02000785,0.8681473,0.03932352,-0.4943417,10.05194,-149.3267,5.238068
06.12.2023 14:48:56,0.04716682,-0.8350908,0.08620006,0.5412654,-11.24644,-155.9823,-0.8492508,0.02040143,0.8679771,0.03953787,-0.4946071,10.09558,-149.3618,5.212585
06.12.2023 14:48:56,0.04742,-0.8342185,0.08688959,0.5424768,-11.32759,-156.1582,-0.8855388,0.02069665,0.8678212,0.03977489,-0.4948496,10.13589,-149.3943,5.19809
06.12.2023 14:48:56,0.04778091,-0.8334528,0.08747333,0.5435272,-11.40543,-156.31,-0.9026234,0.02041258,0.8677309,0.04024293,-0.4949817,10.16635,-149.4151,5.253937
06.12.2023 14:48:56,0.04801533,-0.8327056,0.08801425,0.5445637,-11.47116,-156.4602,-0.9292299,0.01989209,0.867757,0.04076662,-0.4949144,10.18896,-149.4107,5.335358
06.12.2023 14:48:56,0.04825135,-0.8320338,0.08847018,0.5454949,-11.5289,-156.5948,-0.9489014,0.01978477,0.8677751,0.04123946,-0.4948477,10.23001,-149.4048,5.37265
06.12.2023 14:48:56,0.04841359,-0.8313848,0.08898972,0.5463848,-11.58809,-156.7251,-0.9794056,0.0202864,0.8678609,0.04151815,-0.4946538,10.28635,-149.3792,5.337341
06.12.2023 14:48:56,0.04863726,-0.8308619,0.08947784,0.5470801,-11.64835,-156.8277,-0.9993228,0.02078446,0.867887,0.04192523,-0.4945528,10.35526,-149.3665,5.310272
06.12.2023 14:48:56,0.04899104,-0.83032,0.08981965,0.5478148,-11.70274,-156.933,-0.9978318,0.02086729,0.8679243,0.04243131,-0.4944406,10.41043,-149.3544,5.33017
06.12.2023 14:48:56,0.04931268,-0.8298979,0.0900674,0.5483845,-11.74628,-157.0143,-0.9910589,0.02071502,0.8678655,0.04323633,-0.4944806,10.48199,-149.3648,5.391602
06.12.2023 14:48:56,0.04964071,-0.8294711,0.09045313,0.548937,-11.80349,-157.0951,-0.9924878,0.02059527,0.8678042,0.04374668,-0.4945483,10.52603,-149.3772,5.433136
06.12.2023 14:48:56,0.05001104,-0.8291902,0.0906811,0.5492899,-11.84852,-157.1456,-0.976728,0.02064171,0.8678345,0.04409455,-0.4944622,10.56339,-149.3678,5.447815
06.12.2023 14:48:56,0.05038896,-0.8289595,0.09113027,0.5495293,-11.91539,-157.1835,-0.9730781,0.02033163,0.8678669,0.04474654,-0.4943596,10.61078,-149.3592,5.51535
06.12.2023 14:48:56,0.05076808,-0.8287731,0.09159762,0.5496978,-11.98417,-157.2118,-0.9695122,0.02021452,0.8679355,0.04582032,-0.4941455,10.7113,-149.338,5.587006
06.12.2023 14:48:56,0.05126862,-0.8285357,0.09210235,0.5499249,-12.06422,-157.2481,-0.9575756,0.02069914,0.8680682,0.04682424,-0.4937983,10.83914,-149.2968,5.593628
06.12.2023 14:48:56,0.05188343,-0.8283832,0.09268396,0.5499992,-12.15912,-157.2636,-0.9374299,0.02152117,0.8681706,0.04770585,-0.4934986,10.97388,-149.2601,5.559814
06.12.2023 14:48:56,0.05245393,-0.8282349,0.09318396,0.5500839,-12.24337,-157.2797,-0.9163929,0.02181109,0.8680543,0.04855776,-0.4936074,11.0752,-149.2791,5.580261
06.12.2023 14:48:56,0.0532872,-0.8280948,0.09379487,0.5501109,-12.3551,-157.2878,-0.876413,0.02219554,0.8679179,0.04932339,-0.4937541,11.17328,-149.3023,5.586639
06.12.2023 14:48:56,0.0540412,-0.827914,0.0944257,0.5502017,-12.46363,-157.3056,-0.846378,0.02203823,0.8676558,0.0499224,-0.4941615,11.22379,-149.3609,5.639557
06.12.2023 14:48:56,0.05491345,-0.8277997,0.09513785,0.5501643,-12.58766,-157.306,-0.8083167,0.02088866,0.867259,0.05127573,-0.4947691,11.29276,-149.4553,5.836304
06.12.2023 14:48:56,0.05575906,-0.8276737,0.09581013,0.5501523,-12.70616,-157.3095,-0.7705976,0.01969138,0.8669057,0.05254031,-0.4953042,11.34998,-149.54,6.032318
06.12.2023 14:48:56,0.05667072,-0.8275025,0.09639201,0.550215,-12.82015,-157.3218,-0.721736,0.02048524,0.8666431,0.05265953,-0.4957188,11.40662,-149.5929,5.963013
06.12.2023 14:48:56,0.0575837,-0.8274698,0.096814,0.5500954,-12.91906,-157.3059,-0.6593518,0.02208073,0.8665335,0.05217492,-0.4958932,11.44919,-149.6064,5.777222
06.12.2023 14:48:56,0.05849957,-0.8274073,0.09709716,0.5500429,-13.00478,-157.2973,-0.588595,0.02259172,0.8662419,0.05231428,-0.4963646,11.49179,-149.668,5.737793
06.12.2023 14:48:56,0.05940904,-0.8274062,0.09743872,0.5498865,-13.09576,-157.275,-0.5205934,0.02244243,0.8658713,0.05271055,-0.4969759,11.52219,-149.7527,5.780121
06.12.2023 14:48:56,0.06016197,-0.8274108,0.09780979,0.5497319,-13.17957,-157.2544,-0.4696526,0.02253149,0.8656327,0.05296956,-0.4973597,11.5527,-149.8053,5.789093
06.12.2023 14:48:56,0.06095037,-0.8274106,0.09808508,0.5495963,-13.25642,-157.2347,-0.4092523,0.02336645,0.8653672,0.05332177,-0.4977452,11.63516,-149.8559,5.729126
06.12.2023 14:48:56,0.06159942,-0.8275702,0.09821658,0.5492601,-13.31064,-157.1854,-0.34957,0.02535483,0.865155,0.05238639,-0.4981162,11.65576,-149.8906,5.479797
06.12.2023 14:48:56,0.06209534,-0.8276969,0.0982407,0.549009,-13.3447,-157.1474,-0.2990115,0.02664488,0.8650039,0.05197893,-0.4983538,11.68906,-149.9142,5.329529
06.12.2023 14:48:56,0.06251525,-0.8278746,0.09807566,0.5487228,-13.3557,-157.102,-0.2428049,0.02728813,0.8649339,0.05171048,-0.4984684,11.69919,-149.9251,5.250793
06.12.2023 14:48:56,0.06279977,-0.8281101,0.09759346,0.5484209,-13.32755,-157.0504,-0.1786673,0.02800294,0.8647618,0.05121924,-0.498778,11.69125,-149.96,5.153595
06.12.2023 14:48:56,0.06321254,-0.8284423,0.09663061,0.5480421,-13.26128,-156.98,-0.06942536,0.02832104,0.864543,0.05088527,-0.4991733,11.67627,-150.0091,5.105652
06.12.2023 14:48:56,0.06346415,-0.8287074,0.0956587,0.5477826,-13.18378,-156.9275,5.022705,0.02906773,0.8642356,0.05148991,-0.4996006,11.77921,-150.0671,5.06958
06.12.2023 14:48:56,0.06332768,-0.829117,0.09438488,0.5473995,-13.05247,-156.8559,5.098785,0.030615,0.8640264,0.05144563,-0.4998744,11.86371,-150.0972,-0.08492628
06.12.2023 14:48:57,0.06316992,-0.8295329,0.09313513,0.5470016,-12.92206,-156.7831,5.171234,-0.03331543,-0.8638304,-0.05117312,0.5000684,11.99194,-150.1103,-0.3681529
06.12.2023 14:48:57,0.06294722,-0.8300283,0.09196917,0.5464727,-12.7955,-156.6939,5.233765,-0.03535023,-0.8636647,-0.05103862,0.5002288,12.0957,-150.1225,-0.5773616
06.12.2023 14:48:57,0.06244652,-0.8307229,0.09090056,0.5456528,-12.66056,-156.5674,5.267273,0.03796925,0.8636658,0.0514254,-0.4999952,12.28458,-150.0829,-0.8179706
06.12.2023 14:48:57,0.06170286,-0.8314803,0.08987112,0.5447537,-12.51398,-156.4323,5.275513,0.04038275,0.8635859,0.0514119,-0.4999454,12.42194,-150.0659,-1.05984
06.12.2023 14:48:57,0.06082981,-0.8322765,0.08878271,0.5438136,-12.35356,-156.2918,5.275208,0.0429825,0.8638185,0.05144875,-0.4993228,12.57416,-149.9718,-1.32253
06.12.2023 14:48:57,0.05995546,-0.8331855,0.08764229,0.5427026,-12.18803,-156.1272,5.280212,0.04537104,0.8640366,0.05154403,-0.4987238,12.71973,-149.882,-1.560865
06.12.2023 14:48:57,0.05897793,-0.8339408,0.0862884,0.541866,-11.99551,-155.999,5.284363,0.04859631,0.8643076,0.05140033,-0.4979646,12.88873,-149.7653,-1.898369
06.12.2023 14:48:57,0.05801999,-0.8347463,0.08487362,0.5409518,-11.79835,-155.8595,5.294922,0.05364498,0.8646217,0.05022795,-0.4970198,13.05835,-149.6094,-2.479609
06.12.2023 14:48:57,0.05696044,-0.8355042,0.08343261,0.5401179,-11.59236,-155.7319,5.295624,0.05775552,0.8648152,0.04939683,-0.4963054,13.20801,-149.4904,-2.945745
06.12.2023 14:48:57,0.05581002,-0.83628,0.08209065,0.5392423,-11.39032,-155.6007,5.28125,0.0605782,0.8651337,0.04968237,-0.4953843,13.3942,-149.3553,-3.22142
06.12.2023 14:48:57,0.0544826,-0.8370612,0.08081422,0.538358,-11.18369,-155.4704,5.245087,0.06300431,0.8655572,0.05004375,-0.4943045,13.56424,-149.2011,-3.455079
06.12.2023 14:48:57,0.05134686,-0.8388627,0.07864808,0.5361786,-10.77846,-155.1613,5.105408,0.06851375,0.8667807,0.05056963,-0.4913653,13.91656,-148.7838,-4.009477
06.12.2023 14:48:57,0.049728,-0.839789,0.07762278,0.5350292,-10.57867,-154.9999,5.026886,0.07298993,0.8670503,0.0499986,-0.4903023,14.1069,-148.6159,-4.504244
06.12.2023 14:48:57,0.04770219,-0.8410322,0.0763908,0.5334359,-10.33402,-154.7776,-0.07344323,0.07930283,0.8671876,0.04929046,-0.4891495,14.38513,-148.4249,-5.194205
06.12.2023 14:48:57,0.04668641,-0.8416585,0.07578284,0.5326241,-10.21248,-154.6646,-0.1245583,0.08319403,0.8670063,0.04839363,-0.488914,14.5126,-148.3685,-5.640733
06.12.2023 14:48:57,0.04508521,-0.8426414,0.07483162,0.5313408,-10.02185,-154.4863,-0.2060203,0.08964951,0.8665508,0.04657052,-0.4887576,14.69162,-148.3053,-6.398259
06.12.2023 14:48:57,0.04340042,-0.843726,0.07383966,0.5298967,-9.822495,-154.2863,-0.2918271,0.09581707,0.8660344,0.04482621,-0.4886657,14.86267,-148.253,-7.122088
06.12.2023 14:48:57,0.04145605,-0.8449546,0.07278301,0.5282385,-9.601469,-154.058,-0.3972771,0.10324,0.8652645,0.04252384,-0.4887234,15.04959,-148.2129,-8.003366
06.12.2023 14:48:57,0.03964838,-0.8463215,0.07194681,0.5263,-9.410929,-153.7935,-0.5006712,0.1112715,0.864498,0.04007366,-0.4885243,15.25357,-148.1358,-8.958612
06.12.2023 14:48:57,0.03786017,-0.8479356,0.07112054,0.5239407,-9.223393,-153.4723,-0.599044,0.1206337,0.8637301,0.03695312,-0.487906,15.46011,-147.9965,-10.09279
06.12.2023 14:48:57,0.03616156,-0.8498505,0.07040358,0.5210469,-9.053043,-153.08,-0.6906276,0.130228,0.8629903,0.03374052,-0.4869804,15.66537,-147.817,-11.26124
06.12.2023 14:48:57,0.03457782,-0.8520826,0.06967494,0.5175955,-8.889669,-152.6125,-0.7655542,0.1422525,0.8625113,0.02952796,-0.4847336,15.88541,-147.4522,-12.75216
06.12.2023 14:48:57,0.03307081,-0.8548939,0.06881703,0.513154,-8.719855,-152.0112,-0.8163823,0.1544243,0.8619469,0.02457801,-0.4822826,16.02997,-147.0681,-14.30408
06.12.2023 14:48:57,0.03172703,-0.8575497,0.06808224,0.5088876,-8.572386,-151.4361,-0.862076,0.1645133,0.8615699,0.02041788,-0.479808,16.13098,-146.6972,-15.60152
06.12.2023 14:48:57,0.03054122,-0.8608584,0.06727361,0.5034524,-8.42868,-150.7051,-0.8778207,0.1758972,0.8611166,0.01548494,-0.4767583,16.20908,-146.2534,-17.08408
06.12.2023 14:48:57,-0.02950725,0.864365,-0.06613225,-0.4976233,-8.261532,-149.9208,-0.8573549,0.189482,0.8604553,0.008978239,-0.4728982,16.22498,-145.7122,-18.89192
06.12.2023 14:48:57,-0.02857057,0.8679813,-0.06500798,-0.4914939,-8.10201,-149.1,-0.8278853,0.2031881,0.8595542,0.003111004,-0.4689048,16.2973,-145.1586,-20.68494
06.12.2023 14:48:57,-0.02768771,0.8714456,-0.06371742,-0.4855472,-7.928655,-148.3055,-0.7878654,0.2160145,0.8580706,0.001294271,-0.4658874,16.74158,-144.6908,-22.17287
06.12.2023 14:48:57,-0.02661824,0.8747801,-0.062617,-0.4797191,-7.763869,-147.5327,-0.7810737,0.2258824,0.8565248,-0.00125588,-0.4640484,16.97525,-144.41,-23.37501
06.12.2023 14:48:57,-0.02546225,0.8781773,-0.06153651,-0.4736767,-7.596837,-146.7357,-0.7847643,0.2341133,0.8552287,-0.001784042,-0.4623546,17.32373,-144.1297,-24.30377
06.12.2023 14:48:57,-0.02429849,0.8810004,-0.06072908,-0.4685722,-7.456641,-146.0669,-0.8146701,0.2368983,0.8544464,0.0004129948,-0.4623857,17.69626,-144.0736,-24.49343
06.12.2023 14:48:57,-0.02292946,0.8835316,-0.06003215,-0.4639422,-7.316861,-145.464,-0.8772187,0.2411137,0.8526368,0.003425821,-0.4635331,18.26001,-144.1355,-24.78182
06.12.2023 14:48:57,-0.02142739,0.8858247,-0.05938054,-0.4597059,-7.175102,-144.9151,-0.9605868,0.2460519,0.8500341,0.007064515,-0.4656723,18.95557,-144.3086,-25.10307
06.12.2023 14:48:57,-0.01993399,0.8877183,-0.05856746,-0.4562113,-7.017415,-144.4625,-1.041864,0.2524591,0.8476098,0.007913096,-0.466647,19.42029,-144.3583,-25.73886
06.12.2023 14:48:57,-0.0184001,0.8893148,-0.05771945,-0.453265,-6.854115,-144.0817,-1.131007,0.2607874,0.8442873,0.007478354,-0.4680951,19.87875,-144.4687,-26.64055
06.12.2023 14:48:57,-0.01677958,0.8903163,-0.05708851,-0.451438,-6.707662,-143.8481,-1.25,0.2709156,0.8402171,0.006662277,-0.469676,20.40741,-144.5812,-27.75785
06.12.2023 14:48:57,-0.0149506,0.8911747,-0.05642901,-0.4498887,-6.54759,-143.6513,-1.391551,0.2798412,0.8361096,0.005176237,-0.4717869,20.82541,-144.7856,-28.77131
06.12.2023 14:48:57,-0.0133494,0.8913091,-0.05628809,-0.4496905,-6.450592,-143.6316,-1.547086,0.2861084,0.8329595,0.004443401,-0.4736041,21.16513,-144.9665,-29.46366
06.12.2023 14:48:57,-0.01120355,0.8912131,-0.05604757,-0.4499692,-6.314345,-143.6749,-1.756725,0.2914921,0.8302252,0.00499591,-0.4751143,21.57556,-145.0918,-30.00267
06.12.2023 14:48:57,-0.009054691,0.8903456,-0.05656134,-0.4516675,-6.251777,-143.907,-2.01605,0.2932724,0.8290277,0.00628098,-0.4760934,21.83786,-145.1748,-30.11876
06.12.2023 14:48:57,-0.007226935,0.8891888,-0.05695248,-0.4539246,-6.191046,-144.2091,-2.239687,0.2964264,0.8275596,0.005562108,-0.4767028,21.96698,-145.231,-30.49106
06.12.2023 14:48:57,-0.00541077,0.8877885,-0.05736425,-0.4566309,-6.130657,-144.5698,-2.46605,0.2981225,0.8274347,0.003104297,-0.4758837,21.79095,-145.1512,-30.81304
06.12.2023 14:48:57,-0.004045041,0.8861144,-0.05776625,-0.4598348,-6.090264,-144.9936,-2.649039,0.29947,0.8272917,0.001645322,-0.4752931,21.70203,-145.0869,-31.04357
06.12.2023 14:48:57,-0.002696805,0.8843675,-0.05818828,-0.4631426,-6.05123,-145.4317,-2.83181,0.2894174,0.8297357,0.00974964,-0.4771596,22.00024,-145.2968,-29.50476
06.12.2023 14:48:57,-0.001625447,0.8826483,-0.05817742,-0.466417,-5.982038,-145.8614,-2.962474,0.2817462,0.8305897,0.0169863,-0.4800534,22.38095,-145.6473,-28.251
06.12.2023 14:48:57,-0.00054939,0.8809161,-0.05792731,-0.4697138,-5.887431,-146.2924,-3.080215,0.2763335,0.8299912,0.02090455,-0.4840635,22.59143,-146.1848,-27.38589
06.12.2023 14:48:57,-4.29107E-05,0.8791533,-0.05778708,-0.4730225,-5.834078,-146.7247,-3.145856,0.2724204,0.8290592,0.02488814,-0.4876766,22.87695,-146.6575,-26.6869
06.12.2023 14:48:57,0.0004283816,0.8774636,-0.0576944,-0.4761604,-5.787632,-147.1357,-3.209136,0.2731362,0.8266658,0.02593033,-0.4912718,23.13397,-147.117,-26.63962
06.12.2023 14:48:57,0.0007198697,0.8756586,-0.05727684,-0.4795215,-5.717262,-147.573,-3.237363,0.2737905,0.825042,0.02649231,-0.4936017,23.30054,-147.415,-26.63453
06.12.2023 14:48:57,0.000958651,0.8737453,-0.05710095,-0.4830196,-5.673371,-148.0313,-3.274331,0.2758176,0.8232977,0.02680232,-0.4953656,23.50537,-147.6237,-26.80283
06.12.2023 14:48:57,0.0009504378,0.8719925,-0.05662194,-0.4862325,-5.613854,-148.4493,-3.267272,0.2767828,0.8222834,0.03002345,-0.4963263,23.91257,-147.6991,-26.72188
06.12.2023 14:48:57,0.0006136291,0.8702522,-0.05624896,-0.4893842,-5.583768,-148.8599,-3.232641,0.2768469,0.8218595,0.03471933,-0.4966862,24.39514,-147.688,-26.47916
06.12.2023 14:48:57,0.0001803012,0.8685572,-0.05587921,-0.4924285,-5.560168,-149.257,-3.187741,0.2765075,0.8215234,0.03849168,-0.4971533,24.76584,-147.7112,-26.23724
06.12.2023 14:48:57,-0.0004441278,0.8669335,-0.05558049,-0.495315,-5.555457,-149.634,-3.126799,0.2755295,0.8217852,0.04247193,-0.4969394,25.0993,-147.6505,-25.92986
06.12.2023 14:48:57,-0.0009347368,0.8655041,-0.05516256,-0.4978544,-5.532915,-149.965,-3.070078,0.2721225,0.8225952,0.04630242,-0.4971344,25.28799,-147.6837,-25.35481
06.12.2023 14:48:57,0.001759652,-0.8640122,0.05464772,0.5004933,-5.520045,-150.308,-2.975079,0.2672886,0.8233781,0.04978992,-0.4981227,25.38196,-147.8523,-24.62272
06.12.2023 14:48:57,0.002462314,-0.8628056,0.05432935,0.502602,-5.521914,-150.5833,-2.900284,0.2609692,0.8242391,0.05214687,-0.4998058,25.29361,-148.1494,-23.77189
06.12.2023 14:48:57,0.003042929,-0.8616226,0.05384728,0.504676,-5.501019,-150.8532,-2.827798,-0.2549263,-0.8250952,-0.05483011,0.5012226,25.24466,-148.4055,-22.9416
06.12.2023 14:48:57,0.003409549,-0.8605242,0.05324746,0.5066076,-5.456849,-151.1043,-2.76858,-0.2470447,-0.8268025,-0.05752742,0.502053,25.07114,-148.6072,-21.92733
06.12.2023 14:48:57,0.003637186,-0.8595615,0.05282245,0.508282,-5.422872,-151.3233,-2.731633,-0.2385331,-0.8287374,-0.06038489,0.502643,24.8696,-148.7844,-20.84507
06.12.2023 14:48:57,0.003918569,-0.8586733,0.05233164,0.5098296,-5.386122,-151.525,-2.684584,-0.2289437,-0.8308058,-0.06430324,0.5032013,24.70981,-148.9685,-19.59368
06.12.2023 14:48:57,0.004203341,-0.8578345,0.05178677,0.5112929,-5.344692,-151.7151,-2.63336,-0.2204787,-0.8323457,-0.06790456,0.5039631,24.58875,-149.1708,-18.4773
06.12.2023 14:48:57,0.004712851,-0.8571547,0.05142698,0.5124637,-5.335763,-151.8673,-2.569079,-0.2121733,-0.8336715,-0.07194688,0.5047753,24.52145,-149.3809,-17.35418
06.12.2023 14:48:57,0.005169067,-0.856506,0.0512179,0.5135635,-5.338876,-152.0115,-2.518573,-0.2065009,-0.8341674,-0.07566959,0.5057631,24.58002,-149.5871,-16.52403
06.12.2023 14:48:57,0.005795693,-0.8558462,0.05120214,0.5146573,-5.371202,-152.1562,-2.462835,-0.2014528,-0.8345656,-0.07853545,0.5067043,24.58713,-149.7821,-15.80876
06.12.2023 14:48:57,0.00673723,-0.8552334,0.05118373,0.5156652,-5.422335,-152.2885,-2.375534,-0.199836,-0.8343015,-0.08067311,0.5074431,24.71991,-149.9079,-15.50046
06.12.2023 14:48:57,0.007739007,-0.8546954,0.05113434,0.5165473,-5.474556,-152.4035,-2.279774,-0.1976118,-0.8343282,-0.08271447,0.5079414,24.80209,-150.0089,-15.13896
06.12.2023 14:48:57,0.008636656,-0.8542215,0.05102479,0.5173274,-5.515148,-152.5048,-2.190075,-0.1975166,-0.834565,-0.08620479,0.5070083,25.13126,-149.8893,-14.95331
06.12.2023 14:48:57,0.009376469,-0.853774,0.05089366,0.5180656,-5.544488,-152.6007,-2.11437,-0.1951706,-0.8351056,-0.08973967,0.5064128,25.33801,-149.8477,-14.51985
06.12.2023 14:48:57,0.009862776,-0.8533668,0.05080333,0.5187359,-5.562994,-152.6887,-2.065596,-0.1925592,-0.8364753,-0.09241089,0.5046685,25.42346,-149.6485,-14.13576
06.12.2023 14:48:57,0.01019295,-0.8529209,0.05073004,0.5194695,-5.573771,-152.7858,-2.033604,-0.1899992,-0.8378999,-0.09298854,0.5031673,25.30594,-149.4748,-13.87007
06.12.2023 14:48:57,0.01035079,-0.8526644,0.05053237,0.5199066,-5.562827,-152.8426,-2.009078,-0.1872332,-0.8391383,-0.09408569,0.5019347,25.23428,-149.3438,-13.54653
06.12.2023 14:48:57,0.01029182,-0.852447,0.0503859,0.5202782,-5.544099,-152.8916,-2.008448,-0.1837265,-0.8405551,-0.09560951,0.5005702,25.16141,-149.2065,-13.12398
06.12.2023 14:48:57,0.01035972,-0.852235,0.05007695,0.5206538,-5.517071,-152.9395,-1.985592,0.1782963,0.8422408,0.09747944,-0.4993383,25.01477,-149.1147,-12.47619
06.12.2023 14:48:57,0.01031471,-0.8520392,0.04986382,0.5209957,-5.492744,-152.9839,-1.979344,0.1724949,0.8438451,0.09908081,-0.4983513,24.82471,-149.0608,-11.79921
06.12.2023 14:48:57,0.01031115,-0.8518275,0.04965682,0.5213615,-5.471451,-153.0316,-1.969543,0.1650647,0.8457131,0.1002894,-0.4974585,24.50311,-149.0378,-10.97239
06.12.2023 14:48:57,0.01045429,-0.8517689,0.04946267,0.5214729,-5.460804,-153.0446,-1.944511,0.158841,0.847204,0.1010835,-0.4967868,24.21396,-149.0268,-10.29169
06.12.2023 14:48:57,0.01049744,-0.8516352,0.04950008,0.5216866,-5.466559,-153.0736,-1.943924,0.1512885,0.8486324,0.1014711,-0.4966272,23.81366,-149.0981,-9.485301
06.12.2023 14:48:57,0.01049333,-0.8515322,0.04933201,0.521871,-5.449473,-153.0971,-1.935345,0.1444222,0.8499519,0.1006849,-0.4965749,23.33591,-149.1644,-8.817719
06.12.2023 14:48:57,0.01047761,-0.8514851,0.04916901,0.5219634,-5.432397,-153.1083,-1.927614,0.1384611,0.8512408,0.09846555,-0.49651,22.76602,-149.2041,-8.329018
06.12.2023 14:48:57,0.01032228,-0.851478,0.04882134,0.5220107,-5.389006,-153.1124,-1.922083,0.13231,0.8525298,0.09630971,-0.4963985,22.19177,-149.2376,-7.819884
06.12.2023 14:48:57,0.01011714,-0.8514091,0.04839174,0.522167,-5.334378,-153.1307,-1.917153,0.1243513,0.8539725,0.09359349,-0.4964958,21.4592,-149.3109,-7.154853
06.12.2023 14:48:57,0.0099911,-0.8513686,0.04810834,0.5222618,-5.298919,-153.1416,-1.91293,0.1137366,0.8551084,0.09243444,-0.4973021,20.73602,-149.5154,-6.117783
06.12.2023 14:48:57,0.009649499,-0.8512717,0.0480184,0.5224342,-5.269232,-153.1651,-1.941978,0.10237,0.8562605,0.0931384,-0.4976583,20.15268,-149.6768,-4.909612
06.12.2023 14:48:57,0.009252307,-0.8512919,0.04810044,0.5224011,-5.253466,-153.1624,-1.985591,0.08891346,0.8575165,0.09723991,-0.497297,19.78558,-149.792,-3.306965
06.12.2023 14:48:57,0.008653793,-0.8512096,0.04797218,0.5225573,-5.204625,-153.1841,-2.037329,0.07505433,0.859108,0.1017003,-0.4959409,19.42947,-149.7831,-1.661789
06.12.2023 14:48:57,0.008081105,-0.8512005,0.04750329,0.5226241,-5.124281,-153.191,-2.065357,0.06595495,0.8606389,0.1051266,-0.4938615,19.2467,-149.6255,-0.5728696
06.12.2023 14:48:57,0.007398173,-0.851113,0.04670176,0.5228488,-5.004456,-153.2169,-2.084952,0.05784525,0.8617008,0.1071035,-0.4925998,18.97931,-149.5519,5.344086
06.12.2023 14:48:57,0.006746971,-0.8510059,0.04574811,0.5231162,-4.871581,-153.2474,-2.092427,0.05216313,0.8621535,0.1095386,-0.4919063,18.89816,-149.5425,6.05188
06.12.2023 14:48:58,0.006077078,-0.8510222,0.0442532,0.5232265,-4.685155,-153.2528,-2.068026,0.04663484,0.8623137,0.1118178,-0.4916677,18.80994,-149.5922,6.742371
06.12.2023 14:48:58,0.005618736,-0.8508651,0.04268621,0.5236172,-4.503761,-153.2952,-2.02008,0.04536877,0.861945,0.1136879,-0.4920036,18.92365,-149.6787,6.987305
06.12.2023 14:48:58,0.005237439,-0.8507904,0.04137364,0.5238477,-4.352238,-153.318,-1.979082,0.04513106,0.8617114,0.1154998,-0.4920126,19.09116,-149.7123,7.11972
06.12.2023 14:48:58,0.005110972,-0.8507885,0.04016961,0.5239459,-4.226958,-153.3233,-1.919067,0.05142018,0.8605095,0.1172286,-0.4930891,19.62326,-149.8332,6.605682
06.12.2023 14:48:58,0.00490916,-0.85079,0.03923713,0.524016,-4.123703,-153.327,-1.882705,0.05391651,0.8598052,0.1191594,-0.493588,19.95929,-149.9117,6.477814
06.12.2023 14:48:58,0.005017603,-0.8507954,0.03862168,0.524052,-4.07012,-153.3277,-1.835061,0.05711287,0.8591158,0.1212378,-0.4939227,20.3511,-149.9641,6.285339
06.12.2023 14:48:58,0.004941451,-0.8508697,0.03787968,0.5239862,-3.993301,-153.3142,-1.797316,0.05866718,0.8584208,0.1238648,-0.4942969,20.70319,-150.0469,6.293396
06.12.2023 14:48:58,0.004960441,-0.8509958,0.03711672,0.5238358,-3.920329,-153.2891,-1.748647,0.05727134,0.8577651,0.1273056,-0.4947245,20.96582,-150.1809,6.651703
06.12.2023 14:48:58,0.004883711,-0.8510723,0.03618592,0.5237774,-3.825021,-153.2757,-1.699643,0.05552145,0.8573276,0.1298179,-0.4950293,21.11478,-150.2866,6.988007
06.12.2023 14:48:58,0.004667865,-0.8510782,0.03520928,0.5238363,-3.716639,-153.2783,-1.662003,0.05451216,0.8570039,0.1313854,-0.4952884,21.2121,-150.3619,7.191132
06.12.2023 14:48:58,0.004546827,-0.8509814,0.03429316,0.5240554,-3.619562,-153.3027,-1.619444,0.05264743,0.8570793,0.1315974,-0.4953035,21.12488,-150.386,7.39325
06.12.2023 14:48:58,0.004663167,-0.850983,0.03364865,0.5240936,-3.563616,-153.304,-1.569327,0.05113978,0.8574036,0.1309734,-0.4950655,20.97568,-150.3556,7.503052
06.12.2023 14:48:58,0.004829952,-0.8510224,0.03300511,0.5240689,-3.510912,-153.2968,-1.514086,0.05113377,0.8580041,0.129545,-0.4944011,20.83463,-150.2373,7.403687
06.12.2023 14:48:58,0.005155538,-0.851013,0.03262056,0.5241051,-3.492916,-153.299,-1.459232,0.05249104,0.8586519,0.1280001,-0.4935357,20.76114,-150.0773,7.155762
06.12.2023 14:48:58,0.005552249,-0.8509526,0.03241689,0.5242119,-3.496731,-153.3116,-1.408644,0.05602546,0.8595916,0.1252668,-0.492211,20.69458,-149.8133,6.606934
06.12.2023 14:48:58,0.005855986,-0.8508462,0.03232963,0.5243866,-3.506208,-153.3341,-1.374443,0.05857779,0.8602965,0.1237204,-0.4910722,20.68832,-149.6069,6.233368
06.12.2023 14:48:58,0.006205471,-0.8507171,0.03240051,0.5245876,-3.533836,-153.3609,-1.345444,0.06012483,0.8610137,0.1232157,-0.4897533,20.72815,-149.4044,6.021149
06.12.2023 14:48:58,0.006427452,-0.8505286,0.0324817,0.5248855,-3.554651,-153.4011,-1.329928,0.06033729,0.8616006,0.124009,-0.4884932,20.8215,-149.2452,6.023254
06.12.2023 14:48:58,0.00648849,-0.8503659,0.03273144,0.5251329,-3.582291,-153.4357,-1.340111,0.05985633,0.8620447,0.1244097,-0.4876663,20.83533,-149.1447,6.080597
06.12.2023 14:48:58,0.006536805,-0.8502001,0.03281356,0.5253954,-3.592794,-153.4715,-1.341475,0.05984426,0.8622529,0.1244869,-0.4872799,20.84286,-149.0938,6.079163
06.12.2023 14:48:58,0.006402018,-0.8500409,0.03292358,0.5256478,-3.594986,-153.5063,-1.36235,0.06119667,0.862389,0.1233006,-0.4871727,20.80075,-149.0457,5.868622
06.12.2023 14:48:58,0.006297052,-0.8498492,0.03282463,0.5259652,-3.578501,-153.5488,-1.367934,0.06337423,0.8625764,0.1211797,-0.4870947,20.7114,-148.9782,5.519135
06.12.2023 14:48:58,0.005867415,-0.8497736,0.03263915,0.5261038,-3.534269,-153.5673,-1.399167,0.06587606,0.8624835,0.1184677,-0.4875942,20.58066,-148.9776,5.112671
06.12.2023 14:48:58,0.005450054,-0.8497364,0.03230513,0.526189,-3.476388,-153.5778,-1.419968,0.06659617,0.8621839,0.1161212,-0.4885896,20.3855,-149.0685,-0.08112096
06.12.2023 14:48:58,0.005193061,-0.8496905,0.03224549,0.5262693,-3.454924,-153.5888,-1.441734,0.06606839,0.8617529,0.114239,-0.4898637,20.16623,-149.2168,-0.1155332
06.12.2023 14:48:58,0.004998442,-0.849681,0.03219698,0.5262895,-3.438411,-153.5916,-1.457848,0.0650084,0.8612647,0.1128643,-0.491181,19.96765,-149.3838,-0.06555232
06.12.2023 14:48:58,0.004896743,-0.8497107,0.03229314,0.5262365,-3.441727,-153.5852,-1.473375,0.06285524,0.8605445,0.1119171,-0.492937,19.74908,-149.6264,5.127777
06.12.2023 14:48:58,0.004899807,-0.8497596,0.0325691,0.5261405,-3.46896,-153.5737,-1.489408,0.06181074,0.8598243,0.1114485,-0.4944299,19.64175,-149.8307,5.231781
06.12.2023 14:48:58,0.005051025,-0.8498044,0.0330823,0.5260348,-3.528269,-153.562,-1.505328,0.06123263,0.8591322,0.1109702,-0.4958105,19.56012,-150.0155,5.285706
06.12.2023 14:48:58,0.005112175,-0.8498657,0.03344586,0.5259122,-3.567597,-153.5473,-1.520882,0.06158305,0.8582245,0.1106966,-0.4973978,19.55255,-150.2236,5.261414
06.12.2023 14:48:58,0.005077882,-0.8499128,0.03373725,0.5258178,-3.594087,-153.5363,-1.541481,0.06188818,0.8575464,0.1096872,-0.4987511,19.46909,-150.3893,5.193451
06.12.2023 14:48:58,0.005056061,-0.8500435,0.03373612,0.5256066,-3.593043,-153.5078,-1.542648,0.06242676,0.8570933,0.1084719,-0.4997278,19.37894,-150.4991,5.082916
06.12.2023 14:48:58,0.004632592,-0.850032,0.03365102,0.5256347,-3.559153,-153.5119,-1.578912,-0.06294218,-0.8566482,-0.1069698,0.5007491,19.25912,-150.6111,-0.04188874
06.12.2023 14:48:58,0.004338921,-0.8500441,0.03332533,0.5256383,-3.509693,-153.5111,-1.587844,-0.06336514,-0.8564494,-0.1045352,0.5015492,19.0412,-150.681,-0.2172803
06.12.2023 14:48:58,0.003750372,-0.8500107,0.0327419,0.5257336,-3.41716,-153.5218,-1.610297,-0.06282869,-0.8560988,-0.1028672,0.5025592,18.84399,-150.7988,-0.246745
06.12.2023 14:48:58,0.003255307,-0.849903,0.03196428,0.5259587,-3.311097,-153.5488,-1.612365,-0.05971391,-0.8558363,-0.1023439,0.5034921,18.60989,-150.9429,5.049988
06.12.2023 14:48:58,0.002666942,-0.8497844,0.0309807,0.5262125,-3.17929,-153.5788,-1.611111,-0.05534466,-0.8554237,-0.1029113,0.5045756,18.40994,-151.1323,5.539948
06.12.2023 14:48:58,0.002074211,-0.8497531,0.02989103,0.5263286,-3.037149,-153.5898,-1.603297,-0.05166143,-0.8546328,-0.1037555,0.5061311,18.27591,-151.3844,5.984619
06.12.2023 14:48:58,0.001468393,-0.8497392,0.02870498,0.5264193,-2.884886,-153.5971,-1.590815,-0.04996941,-0.8536668,-0.1037662,0.5079259,18.17493,-151.6413,6.182648
06.12.2023 14:48:58,0.0009673054,-0.8496833,0.02734695,0.5265828,-2.722071,-153.6133,-1.557935,-0.05126979,-0.8526026,-0.1016652,0.5100044,18.04144,-151.8829,5.957153
06.12.2023 14:48:58,0.0009532939,-0.8496087,0.02648748,0.5267472,-2.63724,-153.6315,-1.507765,-0.0553776,-0.8522155,-0.09818233,0.5109034,17.93997,-151.925,5.348969
06.12.2023 14:48:58,0.001073836,-0.849573,0.02560414,0.5268482,-2.558342,-153.6411,-1.44283,-0.06058414,-0.8520851,-0.09437269,0.5112481,17.87204,-151.8825,-0.396717
06.12.2023 14:48:58,0.001286126,-0.8494959,0.02491435,0.5270051,-2.503755,-153.659,-1.38084,-0.06450679,-0.8525262,-0.0921017,0.5104461,17.879,-151.7159,-0.9381723
06.12.2023 14:48:58,0.001379575,-0.8495278,0.02424901,0.5269844,-2.444662,-153.6532,-1.33138,-0.06587011,-0.8530802,-0.09107824,0.5095294,17.85706,-151.5686,-1.150244
06.12.2023 14:48:58,0.001167848,-0.8496264,0.02356064,0.5268573,-2.365043,-153.6335,-1.309964,-0.06458034,-0.8541409,-0.09208384,0.5077336,17.87851,-151.3462,-0.9882385
06.12.2023 14:48:58,0.0007529892,-0.8497897,0.02269071,0.5266327,-2.255616,-153.6003,-1.297122,-0.06125422,-0.8550006,-0.09388868,0.5063663,17.86084,-151.2075,-0.5677683
06.12.2023 14:48:58,0.0001413434,-0.850102,0.02185186,0.5261644,-2.137707,-153.5346,-1.304788,-0.05905404,-0.8554517,-0.09482216,0.5056913,17.82404,-151.1441,-0.3016989
06.12.2023 14:48:58,-0.0009659473,-0.8505599,0.02088658,0.5254623,-1.977982,-153.4376,-1.352735,-0.05722867,-0.8554307,-0.09513571,0.5058779,17.74811,-151.1869,-0.09729272
06.12.2023 14:48:58,-0.002124309,-0.8509645,0.01994399,0.5248401,-1.81735,-153.3515,-1.407474,-0.05738639,-0.8553547,-0.09419413,0.5061647,17.66397,-151.2124,-0.1653654
06.12.2023 14:48:58,-0.002891939,-0.8514144,0.01922176,0.5241332,-1.701926,-153.2545,-1.437419,-0.05926753,-0.8548787,-0.09204189,0.5071471,17.56131,-151.3046,-0.4681767
06.12.2023 14:48:58,-0.00355433,-0.8520052,0.0183856,0.5231982,-1.582138,-153.1264,-1.450018,-0.06176756,-0.8542594,-0.0898195,0.5082894,17.48886,-151.4145,-0.8346642
06.12.2023 14:48:58,-0.003946876,-0.8525464,0.01762871,0.5223393,-1.486153,-153.0088,-1.441403,-0.06370599,-0.8538916,-0.08881255,0.508845,17.50388,-151.4641,-1.080645
06.12.2023 14:48:58,-0.004164479,-0.8529891,0.01683243,0.5216405,-1.396496,-152.9125,-1.41379,-0.06433178,-0.8538953,-0.08872849,0.5087745,17.53232,-151.4491,-1.149288
06.12.2023 14:48:58,-0.00428388,-0.8533797,0.0161417,0.5210223,-1.322848,-152.8274,-1.38316,-0.06454687,-0.8540775,-0.08842637,0.5084941,17.51465,-151.406,-1.193111
06.12.2023 14:48:58,-0.00454211,-0.8537375,0.01540018,0.5204562,-1.235821,-152.7494,-1.36327,-0.06410832,-0.8546114,-0.08812222,0.5077047,17.45758,-151.2984,-1.179219
06.12.2023 14:48:58,-0.004973931,-0.8540673,0.01457332,0.5199345,-1.130001,-152.6774,-1.355463,-0.06416004,-0.8552374,-0.08726776,0.5067908,17.37451,-151.1643,-1.249006
06.12.2023 14:48:58,-0.00551822,-0.8544139,0.01382663,0.5193799,-1.025375,-152.6012,-1.363541,-0.0638435,-0.8560807,-0.08638112,0.5055573,17.26605,-150.9894,-1.288256
06.12.2023 14:48:58,-0.005992043,-0.8548597,0.01334798,0.518653,-0.9514812,-152.5028,-1.380616,-0.06229403,-0.8566008,-0.0859526,0.5049423,17.13196,-150.9123,-1.167487
06.12.2023 14:48:58,-0.006385671,-0.8552647,0.01297832,0.5179896,-0.8929552,-152.4131,-1.3965,-0.05957712,-0.8566512,-0.08581194,0.5052086,16.95947,-150.9655,-0.9000803
06.12.2023 14:48:58,-0.006489889,-0.855669,0.01310033,0.5173171,-0.8998345,-152.3234,-1.413256,-0.057535,-0.8562508,-0.08522892,0.5062217,16.78299,-151.1098,-0.7163751
06.12.2023 14:48:58,-0.006394704,-0.8560696,0.013284,0.5166504,-0.9245882,-152.2346,-1.414101,-0.05637753,-0.8558303,-0.08425293,0.5072254,16.61911,-151.2423,-0.645133
06.12.2023 14:48:58,-0.006157845,-0.8564549,0.01381898,0.5160001,-0.9921704,-152.1489,-1.421812,-0.05610344,-0.8551595,-0.08256026,0.5086634,16.4364,-151.4198,-0.6993895
06.12.2023 14:48:58,-0.005989232,-0.8567449,0.01449223,0.5155019,-1.06905,-152.084,-1.444489,-0.05557766,-0.8546981,-0.08115452,0.5097218,16.26712,-151.551,-0.7169586
06.12.2023 14:48:58,-0.005835414,-0.8569124,0.01504265,0.5152096,-1.132671,-152.0463,-1.46155,-0.05501433,-0.8545641,-0.08013403,0.5101687,16.1333,-151.604,-0.7161011
06.12.2023 14:48:58,-0.005908325,-0.8570326,0.01572077,0.5149885,-1.195333,-152.0188,-1.508487,-0.05442202,-0.8547629,-0.0793251,0.5100257,16.01825,-151.5797,-0.7074932
06.12.2023 14:48:58,-0.005854878,-0.8571484,0.01628962,0.5147786,-1.254724,-151.9925,-1.536543,-0.05394049,-0.8555044,-0.07873963,0.5089232,15.93103,-151.4274,-0.7088984
06.12.2023 14:48:58,-0.005887863,-0.8572508,0.01681561,0.5145908,-1.304779,-151.969,-1.57057,-0.05266786,-0.855932,-0.07833429,0.5083997,15.8157,-151.3602,-0.6130778
06.12.2023 14:48:58,-0.005873757,-0.8572953,0.01744057,0.5144959,-1.367172,-151.9583,-1.60594,-0.04962531,-0.8566844,-0.07833494,0.5074375,15.63666,-151.2488,-0.3221708
06.12.2023 14:48:58,-0.005781268,-0.8572617,0.018131,0.5145293,-1.440382,-151.965,-1.63768,-0.04584192,-0.857192,-0.07820486,0.5069562,15.40198,-151.2051,5.040894
06.12.2023 14:48:58,-0.005662933,-0.8571274,0.01877172,0.5147312,-1.509903,-151.9941,-1.664251,-0.04289528,-0.8576025,-0.07748591,0.5066299,15.15829,-151.1706,5.287506
06.12.2023 14:48:58,-0.005340189,-0.857007,0.01957232,0.5149054,-1.607234,-152.02,-1.680181,-0.04079955,-0.8579687,-0.07587394,0.5064269,14.87616,-151.1379,5.397797
06.12.2023 14:48:58,-0.004771218,-0.8568076,0.02085269,0.5151923,-1.765981,-152.0626,-1.700583,-0.03943195,-0.8584805,-0.07384746,0.5059674,14.59576,-151.0624,5.408264
06.12.2023 14:48:58,-0.0041953,-0.8565904,0.02217436,0.5155032,-1.92913,-152.1088,-1.722929,-0.03756297,-0.8590454,-0.07230097,0.5053737,14.33383,-150.9768,5.495972
06.12.2023 14:48:58,-0.003740857,-0.8564085,0.02320481,0.5157635,-2.056603,-152.1473,-1.739959,-0.03541216,-0.8595223,-0.0710905,0.5048897,14.08887,-150.9109,5.633087
06.12.2023 14:48:58,-0.003311912,-0.8562576,0.02425396,0.5159689,-2.184506,-152.1787,-1.760552,-0.0328677,-0.8603565,-0.07046374,0.5037276,13.8797,-150.7618,5.837036
06.12.2023 14:48:58,-0.002780861,-0.8561046,0.02525481,0.5161777,-2.313699,-152.2104,-1.768344,-0.03082001,-0.8610291,-0.06963557,0.502822,13.67969,-150.6425,5.982727
06.12.2023 14:48:58,-0.002110056,-0.8560193,0.02617379,0.5162767,-2.443362,-152.227,-1.75732,-0.02806113,-0.8614765,-0.06891783,0.5023159,13.44925,-150.5812,6.210083
06.12.2023 14:48:58,-0.001387208,-0.8559504,0.02708877,0.5163461,-2.575782,-152.2395,-1.740903,-0.02394681,-0.861815,-0.06877801,0.5019671,13.19769,-150.5528,6.60791
06.12.2023 14:48:58,-0.0005477026,-0.8558696,0.0279558,0.5164353,-2.710375,-152.2544,-1.710283,-0.0201811,-0.862111,-0.06836184,0.5016811,12.93906,-150.5278,6.955414
06.12.2023 14:48:58,0.0003928469,-0.8558037,0.02864161,0.5165071,-2.833228,-152.2659,-1.658955,-0.01687347,-0.8623798,-0.06755715,0.5014503,12.66855,-150.5035,7.235046
06.12.2023 14:48:58,0.001407982,-0.8558412,0.02935437,0.5164031,-2.963486,-152.2539,-1.601324,-0.01477151,-0.8627474,-0.06669243,0.5009998,12.46259,-150.4435,7.389404
06.12.2023 14:48:58,0.002559274,-0.8557485,0.03012781,0.5165079,-3.10738,-152.2698,-1.534661,-0.01327084,-0.8630958,-0.06604575,0.5005273,12.31317,-150.3802,7.496704
06.12.2023 14:48:58,0.0038341,-0.8556743,0.0307729,0.5165848,-3.246077,-152.2812,-1.448173,0.01218206,0.8635281,0.06543779,-0.4998888,12.19196,-150.2935,7.564056
06.12.2023 14:48:58,0.005063913,-0.8556216,0.03132881,0.516628,-3.373435,-152.2876,-1.360687,0.01098239,0.8638623,0.06518143,-0.4993724,12.099,-150.2271,7.664154
06.12.2023 14:48:58,0.006398791,-0.8554997,0.03177864,0.5167877,-3.496459,-152.3088,-1.257063,0.01065219,0.8639534,0.06430786,-0.4993351,11.99347,-150.2145,7.645691
06.12.2023 14:48:58,0.007586319,-0.8554118,0.03225738,0.5168875,-3.613705,-152.3223,-1.169407,0.01073141,0.8641163,0.06362927,-0.4991384,11.9313,-150.1812,7.596649
06.12.2023 14:48:58,0.009200326,-0.8552549,0.03260152,0.5170991,-3.74294,-152.3492,-1.032389,0.01177698,0.8640994,0.06287438,-0.4992399,11.91626,-150.183,7.449371
06.12.2023 14:48:58,0.01079836,-0.855125,0.03305436,0.5172545,-3.882021,-152.369,-0.903208,0.012177,0.8639886,0.06256884,-0.4994603,11.90836,-150.2078,7.393524
06.12.2023 14:48:58,0.01243469,-0.8549874,0.03328909,0.51743,-4.002021,-152.3903,-0.7574021,-0.01190559,-0.863337,-0.06374547,0.5004438,12.00662,-150.3514,7.497192
06.12.2023 14:48:58,0.01403295,-0.8548232,0.03361607,0.5176392,-4.128846,-152.4165,-0.6210266,-0.01173107,-0.862868,-0.06450155,0.5011595,12.06937,-150.4551,7.564636
06.12.2023 14:48:59,0.0154137,-0.8545786,0.03372244,0.5179968,-4.221098,-152.4619,-0.4936188,-0.01197994,-0.8622055,-0.06529727,0.5021896,12.15948,-150.5995,7.595123
06.12.2023 14:48:59,0.01664288,-0.8543876,0.03380914,0.5182682,-4.302554,-152.4959,-0.3795379,-0.01271287,-0.8617226,-0.06604994,0.5029014,12.27432,-150.6992,7.572571
06.12.2023 14:48:59,0.01817414,-0.8540768,0.0339606,0.5187189,-4.408358,-152.5536,-0.2406557,-0.01485043,-0.8615128,-0.06633568,0.5031648,12.42581,-150.7284,7.379395
06.12.2023 14:48:59,0.01944776,-0.8537111,0.03399956,0.5192719,-4.487922,-152.6251,-0.1209496,-0.01620531,-0.8613682,-0.0666464,0.5033295,12.53476,-150.7478,7.264557
06.12.2023 14:48:59,0.02304841,-0.8525277,0.03362377,0.52109,-4.666225,-152.859,5.24472,-0.01927783,-0.8620702,-0.06697948,0.5019732,12.74915,-150.5567,6.966736
06.12.2023 14:48:59,0.02421425,-0.8520704,0.03321206,0.521811,-4.695979,-152.9513,5.379639,-0.01969417,-0.8624558,-0.06675014,0.5013248,12.75195,-150.4659,6.906036
06.12.2023 14:48:59,0.02522206,-0.8515499,0.03288457,0.522633,-4.724776,-153.0581,5.493439,-0.01889487,-0.8627617,-0.06674385,0.5008299,12.70624,-150.4034,6.980713
06.12.2023 14:48:59,0.02604178,-0.8510695,0.03250594,0.5233985,-4.737459,-153.1576,5.592163,-0.01755622,-0.8628632,-0.06714395,0.5006502,12.66907,-150.3895,7.135742
06.12.2023 14:48:59,0.02643455,-0.8505537,0.03207169,0.5242433,-4.719268,-153.2688,5.652039,-0.01609497,-0.8628747,-0.06765793,0.5006103,12.63577,-150.3959,7.310913
06.12.2023 14:48:59,0.02686866,-0.8500817,0.03165707,0.5250114,-4.705542,-153.3697,5.71521,-0.01557017,-0.8628076,-0.06800212,0.5006959,12.63937,-150.4132,7.384064
06.12.2023 14:48:59,0.02713669,-0.8495324,0.03121479,0.5259125,-4.679333,-153.4889,5.763153,-0.01547299,-0.8626863,-0.06822313,0.5008778,12.65515,-150.4402,7.408325
06.12.2023 14:48:59,0.02744992,-0.8490597,0.03081961,0.5266824,-4.660428,-153.5906,5.813385,-0.01628778,-0.8624366,-0.06789743,0.5013261,12.66873,-150.493,7.312164
06.12.2023 14:48:59,0.02772238,-0.8483461,0.03034213,0.5278443,-4.631531,-153.7452,5.862549,-0.01781153,-0.8620965,-0.06743401,0.5019212,12.70941,-150.5609,7.138763
06.12.2023 14:48:59,0.0278029,-0.8480142,0.03011153,0.5283865,-4.614511,-153.8175,5.881439,-0.018901,-0.8619701,-0.06695507,0.5021626,12.72446,-150.5834,7.004486
06.12.2023 14:48:59,0.02783704,-0.8474957,0.02987214,0.5292295,-4.594164,-153.9306,5.894714,-0.02006108,-0.8618555,-0.06660966,0.5023602,12.75699,-150.6011,6.870667
06.12.2023 14:48:59,0.027687,-0.8470833,0.02961909,0.5299115,-4.561147,-154.0224,5.891815,-0.0209067,-0.8619072,-0.06589286,0.5023317,12.73499,-150.5864,6.744232
06.12.2023 14:48:59,0.02726791,-0.8466012,0.0294162,0.5307142,-4.516749,-154.1313,5.8591,-0.02038472,-0.8622083,-0.06549316,0.5018885,12.66608,-150.5256,6.768707
06.12.2023 14:48:59,0.02684901,-0.8463181,0.0291158,0.5312034,-4.462525,-154.1975,5.834076,-0.01826442,-0.8624868,-0.06567953,0.5014669,12.56284,-150.4805,6.986725
06.12.2023 14:48:59,0.02638056,-0.8459758,0.02907494,0.5317742,-4.430534,-154.2758,5.788025,-0.01682747,-0.8627275,-0.06558806,0.5011151,12.47156,-150.4388,7.121216
06.12.2023 14:48:59,0.02598435,-0.8457032,0.02900547,0.5322308,-4.40002,-154.3384,5.751373,-0.01581006,-0.8629887,-0.06511847,0.5007596,12.36716,-150.3911,7.191833
06.12.2023 14:48:59,0.02570666,-0.8454912,0.02894296,0.5325844,-4.377298,-154.3868,5.726379,-0.01632671,-0.8630658,-0.06436102,0.500708,12.32199,-150.3745,7.095673
06.12.2023 14:48:59,0.02534286,-0.8453072,0.02896981,0.5328923,-4.357924,-154.4295,5.687805,-0.01681044,-0.8631797,-0.0637246,0.500577,12.28711,-150.3488,7.009216
06.12.2023 14:48:59,0.0249279,-0.8451658,0.02893056,0.5331383,-4.328933,-154.4637,5.648651,-0.0165949,-0.8632439,-0.06323683,0.5005354,12.22641,-150.3394,7.001801
06.12.2023 14:48:59,0.0245508,-0.8450223,0.02886871,0.5333866,-4.300047,-154.498,5.614563,-0.01648505,-0.8633326,-0.06274978,0.5004473,12.17197,-150.3234,6.983551
06.12.2023 14:48:59,0.02400775,-0.8449121,0.0287376,0.5335929,-4.254237,-154.5267,5.568848,-0.01674793,-0.8635095,-0.0620461,0.500221,12.11783,-150.2855,6.914429
06.12.2023 14:48:59,0.02357611,-0.8448388,0.02862557,0.5337342,-4.217037,-154.5464,5.533112,-0.01650206,-0.8635064,-0.06138425,0.5003164,12.03778,-150.293,6.901062
06.12.2023 14:48:59,0.02319297,-0.8448182,0.0286081,0.5337844,-4.191909,-154.5539,5.496735,-0.0163064,-0.863506,-0.06086231,0.5003872,11.97458,-150.2984,6.890656
06.12.2023 14:48:59,0.0227,-0.8447849,0.02857675,0.53386,-4.158721,-154.5651,5.45047,-0.01602736,-0.8635147,-0.06043375,0.5004333,11.91589,-150.3017,6.893799
06.12.2023 14:48:59,0.02235304,-0.84484,0.02891991,0.5337689,-4.170696,-154.5549,5.396179,-0.01569404,-0.8633752,-0.06070436,0.5006515,11.92303,-150.3345,6.944489
06.12.2023 14:48:59,0.02188565,-0.8448932,0.02937111,0.5336797,-4.185785,-154.5456,5.323578,-0.01566102,-0.863433,-0.06068239,0.5005556,11.91916,-150.3217,6.945709
06.12.2023 14:48:59,0.02152299,-0.84503,0.02987972,0.5334494,-4.212821,-154.5172,5.258331,-0.01604924,-0.8634623,-0.0606053,0.5005021,11.93402,-150.3123,6.902161
06.12.2023 14:48:59,0.02099054,-0.8452381,0.03044418,0.533109,-4.234899,-154.4745,5.173737,-0.01634798,-0.8633579,-0.06038353,0.5006992,11.9288,-150.3353,6.861115
06.12.2023 14:48:59,0.02042739,-0.8454496,0.03106797,0.5327594,-4.260921,-154.431,5.082581,-0.01659697,-0.8632262,-0.06016423,0.5009446,11.9209,-150.365,6.825531
06.12.2023 14:48:59,0.0199633,-0.8457413,0.03186752,0.5322665,-4.310124,-154.3688,-0.008989406,-0.01677798,-0.8631959,-0.05963694,0.5010536,11.87885,-150.374,6.777618
06.12.2023 14:48:59,0.01955771,-0.8460293,0.0324746,0.5317871,-4.344317,-154.3075,-0.08310927,-0.01712359,-0.8632438,-0.05934448,0.5009942,11.8699,-150.3621,6.725739
06.12.2023 14:48:59,0.01923969,-0.8463264,0.03321365,0.5312799,-4.396752,-154.243,-0.1566141,-0.01773824,-0.8634394,-0.05940041,0.5006291,11.91159,-150.3116,6.664948
06.12.2023 14:48:59,0.01896798,-0.8466867,0.03372488,0.530683,-4.429983,-154.1652,-0.2111689,-0.0180855,-0.863548,-0.0594623,0.5004219,11.93814,-150.2831,6.632324
06.12.2023 14:48:59,0.01873743,-0.847051,0.03427743,0.5300742,-4.469817,-154.086,-0.264139,-0.01782677,-0.8636889,-0.05996606,0.5001279,11.97379,-150.2495,6.685059
06.12.2023 14:48:59,0.01868685,-0.847361,0.03473977,0.52955,-4.511863,-154.0174,-0.2944902,0.01745837,0.8637518,0.06042069,-0.4999774,11.99799,-150.2351,6.746979
06.12.2023 14:48:59,0.01872514,-0.8477903,0.03511885,0.5288361,-4.551314,-153.9226,-0.310047,0.01748369,0.8637661,0.06046877,-0.4999459,12.00427,-150.2313,6.747009
06.12.2023 14:48:59,0.01870251,-0.8481218,0.03533893,0.5282905,-4.57156,-153.85,-0.3227108,0.01781889,0.8637669,0.06050926,-0.4999278,12.02765,-150.2278,6.715851
06.12.2023 14:48:59,0.0187731,-0.8485209,0.03551184,0.5276351,-4.592921,-153.7621,-0.3228031,0.01812432,0.8637795,0.06047723,-0.499899,12.04211,-150.2225,6.68335
06.12.2023 14:48:59,0.0189313,-0.8488398,0.03566468,0.527106,-4.617582,-153.6909,-0.3137894,-0.01815159,-0.8635932,-0.06073027,0.5001892,12.06821,-150.2633,6.697754
06.12.2023 14:48:59,0.01912488,-0.8490933,0.03580131,0.5266812,-4.642756,-153.6337,-0.3008831,-0.01834373,-0.8633497,-0.06103963,0.5005646,12.10925,-150.3154,6.699799
06.12.2023 14:48:59,0.01936314,-0.8494226,0.03589651,0.5261348,-4.66662,-153.5598,-0.2804101,-0.01919239,-0.8631873,-0.06115162,0.5007992,12.16885,-150.3441,6.62384
06.12.2023 14:48:59,0.01957664,-0.8496322,0.03607513,0.5257761,-4.697042,-153.5118,-0.2684155,-0.02008293,-0.8629516,-0.06126957,0.501156,12.23126,-150.3891,6.545135
06.12.2023 14:48:59,0.01994937,-0.8498016,0.03637945,0.5254673,-4.749305,-153.4707,-0.2487401,-0.02048968,-0.8626171,-0.06163624,0.5016701,12.29022,-150.4593,6.530457
06.12.2023 14:48:59,0.02030343,-0.8499978,0.03675253,0.5251102,-4.807151,-153.4236,-0.2347375,-0.02054507,-0.8623145,-0.06253512,0.5020767,12.38177,-150.5216,6.581055
06.12.2023 14:48:59,0.02079054,-0.850174,0.03719134,0.524775,-4.879413,-153.3794,-0.2117888,-0.02052678,-0.8619849,-0.06358837,0.502511,12.48428,-150.5896,6.648346
06.12.2023 14:48:59,0.02120908,-0.8502595,0.0377125,0.5245826,-4.955537,-153.3552,-0.2012994,-0.02105894,-0.8616363,-0.06466027,0.5029498,12.62045,-150.6562,6.662262
06.12.2023 14:48:59,0.02173301,-0.8503287,0.03815188,0.524417,-5.030015,-153.3339,-0.1756911,-0.02180433,-0.8614172,-0.06509058,0.5032379,12.70575,-150.6956,6.616028
06.12.2023 14:48:59,0.02207137,-0.8503917,0.0387954,0.5242536,-5.113246,-153.3145,-0.1805493,-0.02247015,-0.8611895,-0.0655519,0.5035383,12.78952,-150.7373,6.579742
06.12.2023 14:48:59,0.02244709,-0.8504635,0.03931465,0.5240824,-5.186596,-153.2932,-0.174169,-0.02348309,-0.8611481,-0.0654866,0.5035713,12.8418,-150.7365,6.475555
06.12.2023 14:48:59,0.02281227,-0.8504436,0.03974618,0.5240663,-5.250715,-153.2925,-0.1644516,-0.02448507,-0.8612281,-0.06522962,0.5034201,12.87473,-150.7093,6.359467
06.12.2023 14:48:59,0.02318826,-0.8504453,0.04023518,0.5240097,-5.321107,-153.2867,-0.1568968,-0.02484007,-0.8612198,-0.0653428,0.5034023,12.90656,-150.7065,6.330688
06.12.2023 14:48:59,0.02353307,-0.8504568,0.0407029,0.5239397,-5.387547,-153.2789,-0.1510115,-0.02418949,-0.861279,-0.06528629,0.50334,12.86331,-150.7005,6.391449
06.12.2023 14:48:59,0.02394911,-0.8502898,0.04125807,0.5241484,-5.466769,-153.3092,-0.1452373,-0.02316931,-0.8613389,-0.06526511,0.5032883,12.80212,-150.698,6.491119
06.12.2023 14:48:59,0.02411652,-0.8501611,0.0418315,0.524304,-5.532813,-153.3332,-0.1645752,-0.02223586,-0.8612897,-0.06509228,0.503437,12.73059,-150.7203,6.575073
06.12.2023 14:48:59,0.02437179,-0.8499273,0.0424249,0.5246235,-5.606062,-153.3792,-0.1776477,-0.02171524,-0.8613504,-0.06504855,0.5033613,12.6962,-150.7121,6.623535
06.12.2023 14:48:59,0.02460052,-0.8497767,0.0429626,0.5248129,-5.672295,-153.4074,-0.1891291,-0.02177723,-0.8614215,-0.06502071,0.5032406,12.69727,-150.6954,6.614655
06.12.2023 14:48:59,0.02482563,-0.8495194,0.04324896,0.5251952,-5.713734,-153.4602,-0.18706,-0.02256144,-0.8617496,-0.06505017,0.50264,12.74673,-150.612,6.53302
06.12.2023 14:48:59,0.02521545,-0.8492997,0.04343839,0.5255163,-5.755679,-153.5037,-0.1626363,-0.02322012,-0.8619189,-0.06519002,0.5023018,12.79935,-150.5652,6.472687
06.12.2023 14:48:59,0.02552116,-0.8491557,0.04357978,0.5257226,-5.787897,-153.5315,-0.1427566,-0.02355624,-0.8620589,-0.06541958,0.5020158,12.84204,-150.5277,6.450104
06.12.2023 14:48:59,0.02589039,-0.8489132,0.0437012,0.5260859,-5.821993,-153.5803,-0.1165555,-0.02341059,-0.8621656,-0.06557748,0.5018189,12.84958,-150.5036,6.472046
06.12.2023 14:48:59,0.02614468,-0.8487511,0.04388587,0.5263195,-5.855346,-153.6123,-0.1045561,-0.0226898,-0.862219,-0.06577247,0.5017345,12.82739,-150.4975,6.554413
06.12.2023 14:48:59,0.02620283,-0.8486078,0.04416832,0.5265239,-5.886375,-153.6416,-0.117474,-0.02226251,-0.8620741,-0.06577727,0.5020019,12.80264,-150.5352,6.59964
06.12.2023 14:48:59,0.02613806,-0.8484357,0.04447775,0.5267783,-5.91258,-153.6783,-0.1444038,-0.02240811,-0.8619097,-0.0655124,0.5023124,12.78424,-150.5734,6.572449
06.12.2023 14:48:59,0.02611374,-0.8483245,0.0449179,0.5269213,-5.953983,-153.7005,-0.17458,-0.02301433,-0.861852,-0.06506187,0.5024424,12.77448,-150.5837,6.486908
06.12.2023 14:48:59,0.02612621,-0.848261,0.04504163,0.5270123,-5.966778,-153.7136,-0.1815397,-0.02356698,-0.8618813,-0.06481943,0.5023979,12.78253,-150.573,6.417297
06.12.2023 14:48:59,0.02625145,-0.8482307,0.04532769,0.5270303,-6.002237,-153.7176,-0.1868674,-0.02383632,-0.8620701,-0.06490435,0.5020503,12.8071,-150.5261,6.392334
06.12.2023 14:48:59,0.0263775,-0.8481622,0.04550322,0.5271192,-6.026958,-153.7303,-0.1858896,-0.02346329,-0.8622882,-0.06527147,0.5016454,12.8226,-150.4773,6.447266
06.12.2023 14:48:59,0.02649079,-0.8481427,0.04555691,0.5271401,-6.039049,-153.7332,-0.1782517,-0.02314643,-0.8625464,-0.06563053,0.5011691,12.8407,-150.4186,6.495483
06.12.2023 14:48:59,0.02655874,-0.8482064,0.04560554,0.5270301,-6.047928,-153.7184,-0.1737948,-0.02295584,-0.8626791,-0.06583503,0.5009227,12.8504,-150.3886,6.52417
06.12.2023 14:48:59,0.0266224,-0.8482302,0.04577259,0.5269741,-6.068075,-153.7117,-0.1773557,-0.02244423,-0.8626479,-0.06589901,0.5009913,12.82709,-150.4007,6.579468
06.12.2023 14:48:59,0.02659937,-0.8483415,0.04604499,0.5267724,-6.093276,-153.6863,-0.1947458,-0.02248816,-0.8625247,-0.06561489,0.5012386,12.80099,-150.4307,6.56073
06.12.2023 14:48:59,0.02665434,-0.8484247,0.04652908,0.5265929,-6.143837,-153.665,-0.2175626,-0.02288643,-0.8624063,-0.06512446,0.5014882,12.77493,-150.4575,6.494629
06.12.2023 14:48:59,0.02684368,-0.8484756,0.04702462,0.5264573,-6.203644,-153.6494,-0.2282566,-0.02331857,-0.86233,-0.06474206,0.5016491,12.76172,-150.4733,6.430695
06.12.2023 14:48:59,0.02701998,-0.8485273,0.0474405,0.5263277,-6.254898,-153.6342,-0.2354045,-0.02331332,-0.8623409,-0.06453995,0.5016565,12.74136,-150.4724,6.419434
06.12.2023 14:48:59,0.02715008,-0.8485936,0.04781038,0.5261807,-6.298879,-153.6164,-0.2441238,-0.02265581,-0.8623571,-0.0646334,0.5016469,12.71262,-150.4749,6.490234
06.12.2023 14:48:59,0.02743602,-0.8486588,0.04828576,0.5260171,-6.362582,-153.5966,-0.2439007,-0.02194164,-0.8624322,-0.06498577,0.5015038,12.70654,-150.4624,6.580658
06.12.2023 14:48:59,0.02764101,-0.8487041,0.04876797,0.5258888,-6.422049,-153.582,-0.252251,-0.02171598,-0.8625383,-0.06504311,0.5013238,12.69952,-150.44,6.604828
06.12.2023 14:48:59,0.02782436,-0.8487639,0.04908287,0.5257533,-6.463892,-153.5652,-0.2524658,-0.02171664,-0.8625974,-0.06500495,0.501227,12.69595,-150.4267,6.601685
06.12.2023 14:48:59,0.02794593,-0.8488615,0.04941018,0.5255586,-6.503231,-153.5408,-0.2590079,-0.02155242,-0.8626886,-0.06513099,0.5010607,12.69928,-150.4064,6.623901
06.12.2023 14:48:59,0.02820944,-0.8489287,0.04960603,0.5254175,-6.538304,-153.5222,-0.2440727,-0.02149071,-0.8628434,-0.06544847,0.5007554,12.72778,-150.369,6.645874
06.12.2023 14:48:59,0.02831563,-0.8489644,0.04974191,0.5253412,-6.558,-153.5125,-0.2413647,-0.02156052,-0.8629616,-0.06585598,0.5004951,12.77274,-150.338,6.6604
06.12.2023 14:48:59,0.02844759,-0.8490372,0.04971135,0.5252194,-6.563022,-153.4953,-0.2256556,-0.02164111,-0.8631039,-0.06632415,0.5001844,12.82446,-150.3008,6.676941
06.12.2023 14:48:59,0.02852538,-0.8491036,0.04975597,0.5251036,-6.572105,-153.4797,-0.2198613,-0.0217024,-0.863171,-0.0666982,0.5000163,12.86545,-150.2819,6.691162
06.12.2023 14:48:59,0.02860049,-0.8491743,0.04987729,0.5249737,-6.588515,-153.4627,-0.2188794,-0.02173285,-0.8631117,-0.06685379,0.5000965,12.88248,-150.2939,6.697968
06.12.2023 14:49:00,0.02861283,-0.8493322,0.05008841,0.5246974,-6.609945,-153.4268,-0.2283484,-0.02131616,-0.8628981,-0.06713715,0.5004449,12.88586,-150.3452,6.759247
06.12.2023 14:49:00,0.02863193,-0.8493453,0.05023827,0.5246608,-6.625739,-153.4228,-0.2352998,-0.02120514,-0.8625488,-0.06744438,0.5010102,12.90875,-150.4242,6.793488
06.12.2023 14:49:00,0.02861991,-0.8494001,0.05043971,0.5245533,-6.644712,-153.4098,-0.2478732,-0.02111747,-0.8622081,-0.06786913,0.5015426,12.9447,-150.5,6.832062
06.12.2023 14:49:00,0.02877243,-0.8494156,0.05068875,0.524496,-6.678248,-153.4033,-0.2476284,-0.02114912,-0.8618498,-0.06817405,0.5021156,12.97552,-150.5795,6.852142
06.12.2023 14:49:00,0.02898524,-0.8494145,0.05098557,0.5244572,-6.72008,-153.3995,-0.2445305,-0.02193343,-0.8616232,-0.06827451,0.5024569,13.03021,-150.6225,6.783234
06.12.2023 14:49:00,0.02911005,-0.8494128,0.05103722,0.524448,-6.732654,-153.3982,-0.2353809,-0.02282711,-0.8614662,-0.06820069,0.5026964,13.07419,-150.6496,6.692291
06.12.2023 14:49:00,0.02929433,-0.8493964,0.05113499,0.5244548,-6.753315,-153.3992,-0.2233412,-0.02391328,-0.8614894,-0.06791352,0.502645,13.1088,-150.6348,6.566895
06.12.2023 14:49:00,0.02935222,-0.8494127,0.05126848,0.524412,-6.769855,-153.3942,-0.2254449,-0.0244659,-0.8614258,-0.0677671,0.5027473,13.12616,-150.6444,6.504303
06.12.2023 14:49:00,0.02957164,-0.8493509,0.0513456,0.5244924,-6.790601,-153.4049,-0.2093011,-0.02462339,-0.8614417,-0.06771547,0.5027192,13.13022,-150.6394,6.485321
06.12.2023 14:49:00,0.02972005,-0.8493047,0.05145571,0.5245481,-6.810292,-153.4127,-0.2019165,-0.02465756,-0.8612971,-0.06767753,0.5029703,13.12799,-150.6725,6.482086
06.12.2023 14:49:00,0.02978821,-0.8492454,0.05161613,0.5246243,-6.830052,-153.424,-0.2056137,-0.02438742,-0.8610876,-0.06795594,0.5033046,13.13931,-150.7212,6.528503
06.12.2023 14:49:00,0.02990235,-0.849122,0.05171511,0.5248079,-6.846561,-153.4491,-0.2019477,-0.02391549,-0.8607991,-0.06835686,0.5037662,13.15079,-150.7892,6.603424
06.12.2023 14:49:00,0.02991167,-0.84912,0.05194025,0.5247884,-6.869111,-153.4482,-0.2145719,-0.02360869,-0.8605072,-0.06858984,0.5042474,13.15512,-150.8574,6.652252
06.12.2023 14:49:00,0.02994065,-0.8490952,0.0521908,0.524802,-6.895319,-153.4518,-0.2270878,-0.02407446,-0.8603052,-0.06867487,0.5045583,13.19003,-150.8977,6.613983
06.12.2023 14:49:00,0.02990981,-0.8490452,0.0523239,0.5248713,-6.906434,-153.4623,-0.2387696,-0.02443487,-0.8601234,-0.06874754,0.5048411,13.21768,-150.9347,6.585175
06.12.2023 14:49:00,0.02983709,-0.8490286,0.05249245,0.5248855,-6.918496,-153.4658,-0.2562576,-0.02475039,-0.8600011,-0.06871308,0.5050387,13.23227,-150.9593,6.553711
06.12.2023 14:49:00,0.02984908,-0.8491183,0.05262614,0.5247263,-6.93232,-153.4452,-0.2619147,-0.02560663,-0.8598474,-0.068669,0.5052636,13.2774,-150.985,6.468262
06.12.2023 14:49:00,0.02983322,-0.8492257,0.05271622,0.5245443,-6.940217,-153.4213,-0.2674529,-0.02600898,-0.8597558,-0.06861717,0.505406,13.29547,-151.0016,6.426636
06.12.2023 14:49:00,0.02978799,-0.8492907,0.05288289,0.524425,-6.953803,-153.4066,-0.2810353,-0.02578081,-0.8598093,-0.06875426,0.5053082,13.2959,-150.991,6.456451
06.12.2023 14:49:00,0.02985398,-0.8493498,0.05303397,0.5243101,-6.972578,-153.3919,-0.2828158,-0.02512591,-0.8598639,-0.06904057,0.5052091,13.28625,-150.9837,6.537445
06.12.2023 14:49:00,0.02989816,-0.8495066,0.05325647,0.524031,-6.997069,-153.3557,-0.2897109,-0.02468037,-0.8599603,-0.06895284,0.5050789,13.25183,-150.9675,6.575226
06.12.2023 14:49:00,0.02986409,-0.8496428,0.05348104,0.5237892,-7.01704,-153.3248,-0.3046893,-0.02458603,-0.8600549,-0.06866515,0.5049615,13.21811,-150.9492,6.566467
06.12.2023 14:49:00,0.02974753,-0.8498135,0.0535237,0.5235144,-7.014287,-153.2884,-0.3164163,-0.02425961,-0.8601973,-0.06810649,0.5048105,13.1441,-150.9248,6.564423
06.12.2023 14:49:00,0.02979838,-0.8500589,0.05365072,0.5231,-7.029918,-153.2331,-0.3157047,-0.02381499,-0.8602806,-0.06776595,0.5047356,13.08466,-150.9134,6.587769
06.12.2023 14:49:00,0.02975802,-0.8502581,0.05365028,0.5227786,-7.027567,-153.1898,-0.3169623,-0.02306636,-0.8604146,-0.06784873,0.5045306,13.04965,-150.8902,6.665039
06.12.2023 14:49:00,0.02966817,-0.850521,0.05373934,0.5223467,-7.031039,-153.1324,-0.3275808,-0.02272069,-0.860554,-0.06783289,0.5043107,13.02841,-150.8622,6.696381
06.12.2023 14:49:00,0.02948071,-0.8507537,0.05347968,0.5220048,-6.99451,-153.0848,-0.3273995,-0.02327015,-0.8606445,-0.06778593,0.5041375,13.05606,-150.8361,6.63739
06.12.2023 14:49:00,0.02919695,-0.8509604,0.05330087,0.5217021,-6.960098,-153.0436,-0.3419096,-0.02422292,-0.8607586,-0.06772711,0.5039057,13.10605,-150.8001,6.537079
06.12.2023 14:49:00,0.02881469,-0.8512176,0.05290788,0.5213436,-6.898853,-152.9935,-0.352704,-0.02475884,-0.860804,-0.06765886,0.5038114,13.13058,-150.7843,6.478912
06.12.2023 14:49:00,0.0283389,-0.8514988,0.05238827,0.5209628,-6.819629,-152.9399,-0.3648998,-0.0252203,-0.8607711,-0.067457,0.5038717,13.1373,-150.7882,6.421722
06.12.2023 14:49:00,0.02791596,-0.8517051,0.05182869,0.5207043,-6.739618,-152.9023,-0.3705457,-0.02513471,-0.8607175,-0.06743993,0.5039697,13.13046,-150.8015,6.430176
06.12.2023 14:49:00,0.02758002,-0.8519353,0.05119995,0.5204079,-6.658066,-152.8588,-0.3632396,-0.02506563,-0.860723,-0.06741311,0.5039674,13.12381,-150.8013,6.435425
06.12.2023 14:49:00,0.02729025,-0.8521132,0.05059774,0.5201906,-6.581839,-152.8261,-0.3536808,-0.0245533,-0.8607267,-0.06760612,0.5039605,13.11316,-150.8047,6.49765
06.12.2023 14:49:00,0.02693714,-0.8523082,0.04993549,0.5199535,-6.49595,-152.7905,-0.3466197,-0.02398964,-0.8607314,-0.06767696,0.5039701,13.0874,-150.8093,6.557922
06.12.2023 14:49:00,0.02657283,-0.85245,0.04945363,0.5197859,-6.427036,-152.7657,-0.3520968,-0.02373959,-0.8608143,-0.06753085,0.5038599,13.05859,-150.7942,6.57312
06.12.2023 14:49:00,0.02626694,-0.8526372,0.04910128,0.5195276,-6.374345,-152.7294,-0.3589795,-0.02412124,-0.8608075,-0.06702144,0.5039214,13.03024,-150.7956,6.505737
06.12.2023 14:49:00,0.02584265,-0.8527352,0.04884006,0.5194126,-6.323459,-152.7135,-0.3840675,-0.0242293,-0.8607933,-0.0665161,0.5040075,12.98633,-150.8016,6.466034
06.12.2023 14:49:00,0.02522884,-0.8528934,0.04861999,0.5192037,-6.265349,-152.6859,-0.4295568,-0.02403649,-0.8607801,-0.06634196,0.5040621,12.95779,-150.808,6.475464
06.12.2023 14:49:00,0.02460212,-0.8530651,0.04845697,0.518967,-6.212099,-152.655,-0.4795633,-0.02357849,-0.8607538,-0.06654087,0.5041025,12.95081,-150.8175,6.533051
06.12.2023 14:49:00,0.02399646,-0.8531722,0.04825459,0.518838,-6.156209,-152.6382,-0.5259449,-0.02298952,-0.860669,-0.06675144,0.5042467,12.93713,-150.8415,6.605286
06.12.2023 14:49:00,0.02329267,-0.8532915,0.04812429,0.5186861,-6.101566,-152.6192,-0.5861386,-0.02281729,-0.8604929,-0.06689493,0.5045359,12.94077,-150.8824,6.633545
06.12.2023 14:49:00,0.02271071,-0.8534533,0.04794294,0.5184623,-6.049258,-152.5896,-0.6308081,-0.02328923,-0.860425,-0.06648161,0.5046847,12.92706,-150.8961,6.56369
06.12.2023 14:49:00,0.02224672,-0.8535964,0.04785373,0.5182551,-6.013023,-152.5627,-0.6695586,-0.02384642,-0.8603874,-0.06618224,0.5047621,12.92972,-150.901,6.491425
06.12.2023 14:49:00,0.0218473,-0.8537549,0.04777553,0.5180181,-5.981756,-152.5315,-0.7024326,-0.02383839,-0.8605227,-0.06596158,0.5045608,12.90778,-150.8719,6.477325
06.12.2023 14:49:00,0.02140308,-0.8539472,0.04776147,0.5177209,-5.954185,-152.4928,-0.7431462,-0.0231517,-0.8605521,-0.06626856,0.5045022,12.89832,-150.8702,6.56308
06.12.2023 14:49:00,0.02118498,-0.8541458,0.04787216,0.5173921,-5.952359,-152.4501,-0.7689083,-0.02220327,-0.860622,-0.0666725,0.5043725,12.88336,-150.8611,6.679901
06.12.2023 14:49:00,0.02097807,-0.8543597,0.04782519,0.5170513,-5.935759,-152.4046,-0.7840536,-0.0218632,-0.860652,-0.0666917,0.5043337,12.86557,-150.8577,6.714417
06.12.2023 14:49:00,0.0208371,-0.8545563,0.04786411,0.5167285,-5.931501,-152.3619,-0.7979907,-0.02199589,-0.8606294,-0.06663056,0.5043744,12.86716,-150.8619,6.698029
06.12.2023 14:49:00,0.02073387,-0.8547853,0.04799941,0.5163413,-5.939017,-152.3112,-0.8135325,-0.02300389,-0.860526,-0.06619526,0.5045633,12.88235,-150.8783,6.574005
06.12.2023 14:49:00,0.02037159,-0.8549507,0.04811057,0.5160714,-5.928697,-152.2769,-0.8539276,-0.02409024,-0.8604782,-0.06582702,0.5046422,12.90897,-150.8803,6.445129
06.12.2023 14:49:00,0.02009056,-0.8551506,0.04803277,0.5157585,-5.904707,-152.2352,-0.8747522,-0.02462281,-0.8606115,-0.06574338,0.5044,12.93204,-150.8447,6.385071
06.12.2023 14:49:00,0.01971224,-0.8552949,0.04802687,0.5155342,-5.881938,-152.2062,-0.9100704,-0.02462977,-0.8607047,-0.06590594,0.5042195,12.94882,-150.8221,6.392303
06.12.2023 14:49:00,0.01941372,-0.8554956,0.04788092,0.5152262,-5.850247,-152.1647,-0.9286161,-0.02388433,-0.8609766,-0.06615846,0.5037578,12.9313,-150.7662,6.476929
06.12.2023 14:49:00,0.0191972,-0.8557197,0.04750828,0.5148963,-5.801173,-152.1185,-0.9254556,-0.02369204,-0.8612537,-0.06619119,0.5032887,12.92419,-150.7047,6.493622
06.12.2023 14:49:00,0.01905716,-0.85589,0.04712991,0.5146531,-5.755969,-152.0836,-0.9150508,-0.02345383,-0.8616261,-0.06631079,0.5026461,12.92334,-150.6211,6.518402
06.12.2023 14:49:00,0.01885997,-0.856016,0.0466321,0.5144962,-5.695547,-152.0597,-0.903768,-0.02316609,-0.8618035,-0.06622593,0.5023665,12.89877,-150.5842,6.539429
06.12.2023 14:49:00,0.0186481,-0.8560594,0.0462212,0.5144689,-5.642662,-152.0538,-0.8999867,-0.02315377,-0.861836,-0.06600113,0.5023412,12.87582,-150.5787,6.527222
06.12.2023 14:49:00,0.01837028,-0.8561619,0.04583211,0.514343,-5.588127,-152.0351,-0.9033575,-0.0232631,-0.8618196,-0.06567193,0.5024073,12.8494,-150.5838,6.49765
06.12.2023 14:49:00,0.01799753,-0.8562696,0.04535589,0.5142193,-5.519417,-152.0164,-0.9109251,-0.02363013,-0.8617355,-0.06542414,0.5025667,12.84583,-150.601,6.448059
06.12.2023 14:49:00,0.017818,-0.8562709,0.04508083,0.5142475,-5.481741,-152.0189,-0.9124261,-0.02374095,-0.8616657,-0.06535276,0.5026904,12.84497,-150.6164,6.43399
06.12.2023 14:49:00,0.01751935,-0.8563274,0.04467793,0.5141988,-5.424541,-152.0106,-0.9175619,-0.02398426,-0.8616384,-0.06564765,0.5026874,12.88831,-150.6177,6.427063
06.12.2023 14:49:00,0.01733411,-0.8563127,0.04433012,0.5142596,-5.379342,-152.017,-0.9155058,-0.02423036,-0.8616944,-0.06555627,0.5025914,12.89365,-150.6029,6.396362
06.12.2023 14:49:00,0.01728274,-0.8562704,0.04398862,0.5143613,-5.342632,-152.0285,-0.9008986,-0.02434564,-0.8617865,-0.06544388,0.5024425,12.88943,-150.5814,6.376923
06.12.2023 14:49:00,0.01705041,-0.856223,0.04371177,0.5144713,-5.301574,-152.0421,-0.9079921,-0.02371714,-0.8618456,-0.06533783,0.5023849,12.84262,-150.5755,6.432678
06.12.2023 14:49:00,0.01699891,-0.8561725,0.04335559,0.5145872,-5.263403,-152.0555,-0.8925983,-0.02288728,-0.8619887,-0.0653809,0.5021722,12.79922,-150.5513,6.515778
06.12.2023 14:49:00,0.01702224,-0.8561655,0.04318016,0.5146129,-5.247516,-152.0577,-0.8800288,-0.02236171,-0.8619987,-0.06532232,0.5021865,12.76297,-150.5549,6.564758
06.12.2023 14:49:00,0.01704823,-0.8561025,0.04302126,0.5147301,-5.233319,-152.0723,-0.8687407,-0.02221051,-0.861959,-0.06508509,0.5022922,12.7305,-150.5674,6.566833
06.12.2023 14:49:00,0.01718592,-0.8560457,0.04294734,0.5148262,-5.234101,-152.0844,-0.8513854,-0.0222934,-0.8618591,-0.06490798,0.5024827,12.71741,-150.5908,6.549896
06.12.2023 14:49:00,0.01744032,-0.8560353,0.04305938,0.5148256,-5.260156,-152.0843,-0.8330134,-0.02257382,-0.8615688,-0.06480285,0.5029814,12.72235,-150.6551,6.520355
06.12.2023 14:49:00,0.01771587,-0.8560045,0.04330062,0.5148471,-5.300138,-152.0879,-0.8203826,-0.02296883,-0.8614113,-0.06460793,0.5032584,12.72546,-150.6885,6.472137
06.12.2023 14:49:00,0.0180556,-0.8559037,0.0437082,0.5149685,-5.360167,-152.1058,-0.8119622,-0.02370379,-0.8612018,-0.06427348,0.5036253,12.73438,-150.7311,6.382782
06.12.2023 14:49:00,0.01839983,-0.8558694,0.04419733,0.5149716,-5.42859,-152.1084,-0.8072218,-0.02416177,-0.8611177,-0.06410892,0.5037684,12.74442,-150.7467,6.328888
06.12.2023 14:49:00,0.01864352,-0.8557898,0.04462801,0.515058,-5.485243,-152.1221,-0.809436,-0.0243211,-0.8612737,-0.06414255,0.5034897,12.75742,-150.709,6.3125
06.12.2023 14:49:00,0.01886127,-0.8557237,0.04496057,0.5151309,-5.530735,-152.1335,-0.8082841,-0.02418478,-0.8613969,-0.06406372,0.5032955,12.742,-150.6829,6.319672
06.12.2023 14:49:00,0.019004,-0.8556302,0.04530817,0.5152506,-5.57322,-152.1514,-0.8157262,-0.02350243,-0.8616775,-0.06416113,0.5028349,12.71283,-150.6253,6.389038
06.12.2023 14:49:00,0.01913736,-0.8556142,0.04554767,0.515251,-5.604643,-152.1527,-0.8168785,-0.02293465,-0.8621007,-0.06406476,0.5021474,12.67154,-150.5351,6.433685
06.12.2023 14:49:00,0.01918966,-0.8555807,0.04565177,0.5152954,-5.617924,-152.1592,-0.8182275,-0.02236064,-0.8624622,-0.06381241,0.5015846,12.61426,-150.4601,6.470978
06.12.2023 14:49:00,0.01936794,-0.8555338,0.04573896,0.5153589,-5.636986,-152.1678,-0.8063019,-0.02114109,-0.8625299,-0.06405158,0.5014904,12.56766,-150.4552,6.605469
06.12.2023 14:49:00,0.01959774,-0.8554629,0.04585329,0.5154577,-5.661736,-152.1811,-0.791162,-0.02016856,-0.8624284,-0.06448185,0.50165,12.5538,-150.4848,6.72879
06.12.2023 14:49:00,0.01964065,-0.8554054,0.04585896,0.515551,-5.664749,-152.1935,-0.7878973,-0.02038946,-0.8622883,-0.06463188,0.5018625,12.58102,-150.5137,6.717499
06.12.2023 14:49:00,0.01983904,-0.8553686,0.04578351,0.5156112,-5.669037,-152.2005,-0.7642818,-0.0210445,-0.8621348,-0.06461508,0.5021013,12.61679,-150.5425,6.653503
06.12.2023 14:49:00,0.01986594,-0.8552677,0.0457869,0.5157772,-5.670817,-152.2227,-0.7629415,-0.02252199,-0.8619184,-0.06443985,0.5024312,12.68433,-150.5784,6.499237
06.12.2023 14:49:00,0.01981143,-0.8551843,0.04567756,0.5159273,-5.656714,-152.2423,-0.7627769,-0.02347966,-0.8617275,-0.06444205,0.5027142,12.73953,-150.612,6.406708
06.12.2023 14:49:00,0.0198647,-0.8551291,0.04542065,0.5160394,-5.634548,-152.2555,-0.7429507,-0.02386182,-0.8615703,-0.06511051,0.5028796,12.82767,-150.6388,6.409485
06.12.2023 14:49:00,0.0199875,-0.8550367,0.04536968,0.5161923,-5.636695,-152.2753,-0.7288438,-0.02389667,-0.861545,-0.0655947,0.5028585,12.87769,-150.6405,6.434265
06.12.2023 14:49:00,0.01995613,-0.8549247,0.04531613,0.5163836,-5.629414,-152.3007,-0.729995,-0.02334687,-0.8615567,-0.0659141,0.5028224,12.87753,-150.6412,6.507355
06.12.2023 14:49:00,0.01986085,-0.8548901,0.04530338,0.5164457,-5.622455,-152.3093,-0.7390122,-0.02297619,-0.8616682,-0.06577063,0.5026672,12.8421,-150.6208,6.534332
06.12.2023 14:49:00,0.01995625,-0.8548512,0.04540959,0.5164971,-5.638497,-152.3166,-0.736315,-0.02254614,-0.8617867,-0.06529032,0.5025462,12.76981,-150.6018,6.547791
06.12.2023 14:49:00,0.02007708,-0.8548313,0.04551158,0.5165163,-5.655663,-152.3195,-0.7306543,-0.02188842,-0.8617798,-0.06504859,0.5026184,12.70764,-150.612,6.59964
06.12.2023 14:49:00,0.020276,-0.8548158,0.04553723,0.516532,-5.669975,-152.3212,-0.7127344,-0.02110737,-0.8616229,-0.06512465,0.5029108,12.66934,-150.6553,6.684357
06.12.2023 14:49:01,0.02048724,-0.8547404,0.0455819,0.5166443,-5.686807,-152.3359,-0.6953847,-0.02059017,-0.8612518,-0.06502774,0.5035801,12.62842,-150.746,6.736023
06.12.2023 14:49:01,0.0208426,-0.8547205,0.04555919,0.5166652,-5.70566,-152.3375,-0.6592309,-0.02067808,-0.8609132,-0.06486728,0.5041757,12.61646,-150.8237,6.723145
06.12.2023 14:49:01,0.02122626,-0.8546999,0.04563406,0.516677,-5.735778,-152.3383,-0.626065,-0.02177075,-0.8604959,-0.06477302,0.5048539,12.66934,-150.9087,6.615204
06.12.2023 14:49:01,0.02146139,-0.854682,0.04573972,0.5166876,-5.760103,-152.3398,-0.6093322,-0.02225112,-0.860238,-0.06472328,0.5052786,12.69159,-150.9629,6.56839
06.12.2023 14:49:01,0.02161674,-0.854669,0.04602001,0.5166777,-5.796846,-152.3398,-0.6107404,-0.02267385,-0.8599772,-0.06498272,0.5056702,12.74118,-151.016,6.545319
06.12.2023 14:49:01,0.02166544,-0.8546697,0.04629421,0.5166498,-5.826672,-152.3378,-0.622147,-0.02259276,-0.8597577,-0.0649785,0.5060477,12.73535,-151.0668,6.556519
06.12.2023 14:49:01,0.02164564,-0.8547089,0.04655736,0.5165623,-5.851392,-152.3279,-0.6392187,-0.02274006,-0.8597776,-0.06461192,0.506054,12.7077,-151.0634,6.520294
06.12.2023 14:49:01,0.02161965,-0.8547419,0.04662415,0.5165027,-5.85645,-152.3204,-0.6453559,-0.02297525,-0.8599048,-0.06443037,0.5058504,12.7038,-151.0334,6.484406
06.12.2023 14:49:01,0.02156544,-0.8547533,0.04657711,0.5164904,-5.848623,-152.3186,-0.6477914,-0.02237878,-0.860247,-0.06463738,0.5052686,12.69055,-150.9602,6.550568
06.12.2023 14:49:01,0.02143299,-0.8548467,0.04642778,0.5163547,-5.826205,-152.2998,-0.6509658,-0.02137908,-0.8605833,-0.06524985,0.5046601,12.69409,-150.8891,6.68045
06.12.2023 14:49:01,0.02126678,-0.8548915,0.04623424,0.5163049,-5.79738,-152.2923,-0.6554123,-0.020868,-0.8609069,-0.06566285,0.5040756,12.70642,-150.8173,6.750275
06.12.2023 14:49:01,0.02124849,-0.8549476,0.04596322,0.5162369,-5.769738,-152.2814,-0.6405669,-0.0216734,-0.8612733,-0.06553837,0.5034317,12.74216,-150.7264,6.657135
06.12.2023 14:49:01,0.0210287,-0.854979,0.04566742,0.5162202,-5.727669,-152.2778,-0.6444101,-0.02254601,-0.8614762,-0.0652578,0.5030825,12.76563,-150.6732,6.550751
06.12.2023 14:49:01,0.02094927,-0.8549991,0.04533549,0.5162193,-5.690367,-152.2757,-0.6324025,-0.02338954,-0.8614509,-0.06513442,0.5031033,12.80228,-150.671,6.459869
06.12.2023 14:49:01,0.0208562,-0.8550195,0.04511911,0.5162082,-5.663608,-152.2731,-0.6285673,-0.0233543,-0.8613114,-0.06550479,0.5032957,12.83658,-150.7004,6.486877
06.12.2023 14:49:01,0.020857,-0.8550198,0.04485559,0.5162307,-5.637767,-152.2744,-0.6129103,-0.02309398,-0.8612309,-0.06606679,0.5033719,12.87701,-150.7173,6.546509
06.12.2023 14:49:01,0.02070081,-0.8550445,0.04452078,0.516225,-5.595634,-152.2719,-0.6082543,-0.02303226,-0.8612351,-0.06623798,0.503345,12.89044,-150.7157,6.562469
06.12.2023 14:49:01,0.02063558,-0.8550436,0.04425028,0.5162525,-5.565187,-152.274,-0.5987082,-0.02340361,-0.861227,-0.06587218,0.5033897,12.87567,-150.7164,6.504456
06.12.2023 14:49:01,0.02050554,-0.8550091,0.0441322,0.5163249,-5.545828,-152.2834,-0.6049215,-0.02366701,-0.8612605,-0.06561698,0.5033534,12.86575,-150.7079,6.462952
06.12.2023 14:49:01,0.02052155,-0.854969,0.04382112,0.516417,-5.516176,-152.2937,-0.5853826,-0.02388467,-0.8613656,-0.0653019,0.5032042,12.84741,-150.6839,6.421417
06.12.2023 14:49:01,0.02031447,-0.8549829,0.04352354,0.5164275,-5.474669,-152.2938,-0.5880527,-0.02368974,-0.861488,-0.06538142,0.5029936,12.84433,-150.6574,6.443542
06.12.2023 14:49:01,0.0203026,-0.8549173,0.04324238,0.51656,-5.446275,-152.3099,-0.573291,-0.02341344,-0.8615933,-0.06538794,0.5028253,12.82925,-150.6362,6.469849
06.12.2023 14:49:01,0.02021617,-0.8549226,0.04301601,0.5165737,-5.418917,-152.3105,-0.5683656,-0.02308536,-0.8616922,-0.0653188,0.5026799,12.80365,-150.6176,6.49707
06.12.2023 14:49:01,0.02025059,-0.8548712,0.04274135,0.5166803,-5.393931,-152.323,-0.5492682,-0.02294941,-0.8616144,-0.06494828,0.5028676,12.75873,-150.6397,6.49054
06.12.2023 14:49:01,0.02014206,-0.8547935,0.04248992,0.5168335,-5.362713,-152.3424,-0.5458956,-0.02308538,-0.8614243,-0.06422164,0.5032801,12.69391,-150.6872,6.438049
06.12.2023 14:49:01,0.02006329,-0.8547958,0.04244732,0.5168365,-5.353855,-152.3427,-0.5511125,-0.0230732,-0.8612448,-0.06371193,0.5036525,12.64212,-150.7322,6.412659
06.12.2023 14:49:01,0.01987064,-0.8547832,0.04233751,0.5168737,-5.331614,-152.3476,-0.5637243,-0.02275233,-0.8610348,-0.06349068,0.504054,12.60092,-150.7852,6.435089
06.12.2023 14:49:01,0.0196988,-0.8547516,0.04219482,0.5169442,-5.307363,-152.3567,-0.572533,-0.02230417,-0.8609258,-0.063563,0.5042511,12.5817,-150.8141,6.485596
06.12.2023 14:49:01,0.01958377,-0.8547689,0.04200571,0.5169355,-5.281981,-152.3547,-0.5724929,-0.02203412,-0.8608743,-0.06357401,0.5043494,12.56693,-150.8285,6.513916
06.12.2023 14:49:01,0.01955478,-0.8547975,0.04194185,0.5168943,-5.27402,-152.3488,-0.5712744,-0.02193701,-0.8608914,-0.06364246,0.5043158,12.56812,-150.8251,6.527283
06.12.2023 14:49:01,0.01946607,-0.8548179,0.04172753,0.5168815,-5.247731,-152.3461,-0.567121,-0.02221891,-0.8609653,-0.06324936,0.5042269,12.54575,-150.8083,6.475403
06.12.2023 14:49:01,0.01949437,-0.8548312,0.04162121,0.5168667,-5.238986,-152.3434,-0.5579049,-0.02247401,-0.8610241,-0.06296179,0.5041512,12.53223,-150.7944,6.432495
06.12.2023 14:49:01,0.01942522,-0.8548213,0.0414551,0.5168991,-5.218559,-152.3469,-0.5549853,-0.02266834,-0.861143,-0.0626105,0.503983,12.509,-150.7678,6.391052
06.12.2023 14:49:01,0.01930051,-0.8548737,0.041362,0.5168247,-5.202069,-152.3367,-0.5612301,-0.0225052,-0.861276,-0.062527,0.5037733,12.49161,-150.7397,6.400513
06.12.2023 14:49:01,0.01927189,-0.8549401,0.04127773,0.5167226,-5.192166,-152.3225,-0.5583924,-0.02225269,-0.8613678,-0.0624772,0.5036338,12.47226,-150.7217,6.421448
06.12.2023 14:49:01,0.01913593,-0.8549626,0.04118663,0.5166976,-5.175173,-152.319,-0.5661676,-0.02204771,-0.8614179,-0.06255458,0.5035475,12.46817,-150.7118,6.445587
06.12.2023 14:49:01,0.01905214,-0.8549678,0.04104232,0.5167036,-5.156034,-152.3192,-0.5658307,-0.02185427,-0.8614206,-0.06295701,0.5035013,12.49689,-150.7102,6.488037
06.12.2023 14:49:01,0.01896761,-0.8550101,0.04089904,0.5166482,-5.136992,-152.3111,-0.5652584,-0.02195684,-0.8614507,-0.0630935,0.5034281,12.51648,-150.7012,6.485229
06.12.2023 14:49:01,0.01891362,-0.8550594,0.04075101,0.5165802,-5.119304,-152.3012,-0.5613294,-0.02225973,-0.861455,-0.06316143,0.503399,12.54083,-150.6967,6.458893
06.12.2023 14:49:01,0.01878658,-0.8550373,0.04057174,0.5166355,-5.094135,-152.308,-0.5634546,-0.02221733,-0.861492,-0.06332642,0.5033166,12.55484,-150.6874,6.472046
06.12.2023 14:49:01,0.01879926,-0.8550404,0.04048491,0.5166368,-5.086365,-152.3076,-0.5570396,-0.02208346,-0.8615386,-0.06363609,0.5032039,12.57794,-150.6759,6.502533
06.12.2023 14:49:01,0.0186999,-0.8550505,0.0403081,0.5166375,-5.063115,-152.3069,-0.5562661,-0.02209461,-0.8616206,-0.06381187,0.5030406,12.59628,-150.6557,6.510315
06.12.2023 14:49:01,0.01853309,-0.8550202,0.04013424,0.5167071,-5.036108,-152.3157,-0.562704,-0.02229605,-0.8617496,-0.06390495,0.5027988,12.61761,-150.6234,6.493622
06.12.2023 14:49:01,0.0184123,-0.8550527,0.03995012,0.5166719,-5.010894,-152.3102,-0.5633873,-0.02240372,-0.8618193,-0.06385738,0.5026807,12.61932,-150.6067,6.479065
06.12.2023 14:49:01,0.01838315,-0.8550057,0.03979642,0.5167626,-4.994021,-152.3216,-0.5576195,-0.02227045,-0.8618571,-0.06387082,0.5026201,12.61307,-150.5993,6.492554
06.12.2023 14:49:01,0.01825214,-0.8550385,0.03975587,0.5167161,-4.982298,-152.3154,-0.5678033,-0.02199498,-0.8618333,-0.06377635,0.502685,12.58762,-150.6083,6.514984
06.12.2023 14:49:01,0.01827336,-0.8550273,0.03971955,0.5167368,-4.979979,-152.318,-0.5636734,-0.02176022,-0.8617991,-0.06340005,0.5028015,12.53653,-150.6213,6.517273
06.12.2023 14:49:01,0.01824906,-0.8549982,0.03972401,0.5167854,-4.978943,-152.3246,-0.5666108,-0.02181475,-0.8617344,-0.06307226,0.5029512,12.50696,-150.6379,6.493927
06.12.2023 14:49:01,0.01819372,-0.8550302,0.03977554,0.5167304,-4.980752,-152.3176,-0.5747994,-0.02166797,-0.8617863,-0.06292865,0.5028866,12.48434,-150.6286,6.499512
06.12.2023 14:49:01,0.0182352,-0.8550233,0.03984017,0.5167354,-4.989552,-152.3186,-0.5746076,-0.02151738,-0.8618441,-0.06285347,0.5028033,12.46832,-150.6174,6.509338
06.12.2023 14:49:01,0.01806561,-0.8550231,0.03981834,0.5167433,-4.977342,-152.32,-0.5900143,-0.02155401,-0.8619365,-0.06266043,0.5026676,12.45154,-150.5974,6.493195
06.12.2023 14:49:01,0.01805065,-0.8550401,0.03975671,0.5167206,-4.970421,-152.3166,-0.5876774,-0.02158941,-0.8619776,-0.06241718,0.5026258,12.42957,-150.5894,6.475067
06.12.2023 14:49:01,0.0181009,-0.8550563,0.0398148,0.5166874,-4.979125,-152.3123,-0.5860102,-0.02142259,-0.8620287,-0.06236021,0.5025523,12.41437,-150.5797,6.487671
06.12.2023 14:49:01,0.01809067,-0.8550496,0.03989804,0.5166925,-4.986685,-152.3135,-0.5920079,-0.02098269,-0.8620541,-0.06230816,0.5025337,12.38379,-150.5786,6.528168
06.12.2023 14:49:01,0.01804417,-0.8551012,0.04003039,0.5165983,-4.996981,-152.3018,-0.6039174,-0.02091697,-0.8621421,-0.06209912,0.5024114,12.3595,-150.5606,6.521423
06.12.2023 14:49:01,0.01798957,-0.8551108,0.04008655,0.51658,-4.999267,-152.2998,-0.6125233,-0.0209901,-0.8622042,-0.06190491,0.5023258,12.34464,-150.5471,6.502045
06.12.2023 14:49:01,0.01788574,-0.8551223,0.04013571,0.5165609,-4.997946,-152.2978,-0.6255448,-0.02128898,-0.8622897,-0.06156539,0.5022082,12.32846,-150.5271,6.451447
06.12.2023 14:49:01,0.01798417,-0.8551732,0.04013953,0.5164728,-5.004223,-152.2858,-0.6155833,-0.02137699,-0.8623711,-0.0613579,0.50209,12.3132,-150.509,6.429535
06.12.2023 14:49:01,0.01805531,-0.8551903,0.04011524,0.516444,-5.006079,-152.2816,-0.6069743,-0.0211383,-0.8624669,-0.06150803,0.5019172,12.31454,-150.4883,6.460571
06.12.2023 14:49:01,0.01831147,-0.8552318,0.0399572,0.5163785,-5.005802,-152.2711,-0.571996,-0.02070355,-0.8626712,-0.06182448,0.5015453,12.32144,-150.4435,6.519135
06.12.2023 14:49:01,0.01855829,-0.8552337,0.03998566,0.5163645,-5.023242,-152.2687,-0.5493506,-0.02066842,-0.8628109,-0.0618399,0.5013044,12.32138,-150.4117,6.521484
06.12.2023 14:49:01,0.01865526,-0.8552358,0.03997452,0.5163581,-5.027903,-152.2676,-0.5391186,-0.02095038,-0.8629694,-0.06177493,0.5010278,12.3317,-150.373,6.487274
06.12.2023 14:49:01,0.01857167,-0.8552347,0.04004722,0.5163574,-5.030082,-152.2681,-0.5516621,-0.02127454,-0.863114,-0.06161477,0.5007847,12.33493,-150.3377,6.443604
06.12.2023 14:49:01,0.01855624,-0.8551915,0.04011061,0.5164247,-5.035348,-152.2776,-0.5573522,-0.02172822,-0.863188,-0.06124298,0.5006833,12.32437,-150.3189,6.375885
06.12.2023 14:49:01,0.01833217,-0.8552028,0.04019759,0.5164071,-5.030608,-152.2763,-0.584455,-0.02202923,-0.8631501,-0.06093381,0.5007731,12.31091,-150.3269,6.328674
06.12.2023 14:49:01,0.01821184,-0.8551578,0.04025083,0.5164818,-5.028646,-152.287,-0.5998952,-0.02200859,-0.8631861,-0.0608156,0.5007264,12.29807,-150.3197,6.323425
06.12.2023 14:49:01,0.01805254,-0.8551523,0.04023075,0.516498,-5.017215,-152.2895,-0.6144493,-0.02156749,-0.8631871,-0.06102335,0.5007184,12.29324,-150.3223,6.379364
06.12.2023 14:49:01,0.01792979,-0.8550853,0.04014431,0.5166199,-5.00136,-152.3057,-0.6220742,-0.02106148,-0.8632104,-0.06144399,0.5006484,12.30591,-150.3189,6.453674
06.12.2023 14:49:01,0.01792093,-0.8550735,0.04014015,0.5166401,-5.000412,-152.3084,-0.6228158,-0.02139905,-0.8633394,-0.06152417,0.5004018,12.33374,-150.2854,6.422638
06.12.2023 14:49:01,0.0179686,-0.8550925,0.04002143,0.5166162,-4.991605,-152.3044,-0.6109138,-0.02174078,-0.8633596,-0.06138409,0.5003694,12.3396,-150.2783,6.380188
06.12.2023 14:49:01,0.01792747,-0.8550392,0.03998246,0.5167088,-4.985274,-152.3167,-0.6131732,-0.02211778,-0.8633296,-0.06126891,0.5004189,12.34982,-150.2823,6.336365
06.12.2023 14:49:01,0.01789593,-0.8550742,0.04005555,0.5166464,-4.990621,-152.3088,-0.620265,-0.02239092,-0.8633515,-0.06110849,0.5003885,12.34967,-150.2756,6.299561
06.12.2023 14:49:01,0.01792629,-0.8550492,0.04009042,0.5166839,-4.995816,-152.314,-0.6195809,-0.0226643,-0.8633,-0.06097023,0.5004818,12.35156,-150.2857,6.265106
06.12.2023 14:49:01,0.01797333,-0.8550933,0.04015112,0.5166047,-5.004622,-152.3036,-0.6181128,-0.02265145,-0.8633164,-0.06089284,0.5004637,12.34317,-150.2826,6.261719
06.12.2023 14:49:01,0.01793806,-0.8551026,0.04018551,0.5165879,-5.005918,-152.3016,-0.6235309,-0.02209517,-0.8632557,-0.06104715,0.5005744,12.32626,-150.3011,6.327026
06.12.2023 14:49:01,0.01782953,-0.8551497,0.04009959,0.5165203,-4.991097,-152.2923,-0.6286778,-0.02159676,-0.8632393,-0.06118497,0.5006077,12.31116,-150.3089,6.384949
06.12.2023 14:49:01,0.01779586,-0.8552195,0.04007041,0.5164082,-4.986318,-152.2772,-0.6295914,-0.02139242,-0.863296,-0.06117337,0.5005201,12.29834,-150.298,6.40387
06.12.2023 14:49:01,0.01761007,-0.8552113,0.04005415,0.5164294,-4.973687,-152.2804,-0.647005,-0.02129696,-0.863358,-0.0611584,0.500419,12.29153,-150.2848,6.411621
06.12.2023 14:49:01,0.01754731,-0.8552687,0.03989776,0.5163484,-4.954676,-152.2688,-0.6433827,-0.02137203,-0.8634118,-0.06121278,0.5003163,12.30142,-150.2713,6.406464
06.12.2023 14:49:01,0.01755642,-0.8553742,0.03974845,0.516185,-4.940681,-152.246,-0.632645,-0.02149753,-0.8633884,-0.06118882,0.5003542,12.30621,-150.2756,6.392883
06.12.2023 14:49:01,0.01749359,-0.8554099,0.03951081,0.5161461,-4.913654,-152.2395,-0.6244433,-0.02189902,-0.8633855,-0.06114705,0.500347,12.32523,-150.2725,6.350433
06.12.2023 14:49:01,0.01745278,-0.8554414,0.03929398,0.5161119,-4.889974,-152.2338,-0.6153459,-0.02218357,-0.8633811,-0.06112834,0.5003442,12.33975,-150.2708,6.320984
06.12.2023 14:49:01,0.01735589,-0.8554748,0.03912483,0.5160725,-4.867653,-152.2278,-0.6145742,-0.02242891,-0.8634101,-0.06109213,0.5002877,12.3504,-150.2619,6.293976
06.12.2023 14:49:01,0.01738545,-0.8554888,0.03904607,0.5160544,-4.861685,-152.2248,-0.6068754,-0.02222031,-0.8634302,-0.06106211,0.5002659,12.33542,-150.2596,6.312805
06.12.2023 14:49:01,0.01721888,-0.8555287,0.03908112,0.5159912,-4.855301,-152.217,-0.6249761,-0.02201668,-0.8634585,-0.0608866,0.5002475,12.3063,-150.2564,6.322693
06.12.2023 14:49:01,0.0170419,-0.8555244,0.03905013,0.5160065,-4.841761,-152.2193,-0.6406161,-0.02141543,-0.8634897,-0.06079147,0.5002314,12.26224,-150.256,6.376862
06.12.2023 14:49:01,0.01694709,-0.8555248,0.0389362,0.5160176,-4.82495,-152.2204,-0.6432148,-0.02089761,-0.8635218,-0.06072333,0.5002061,12.22568,-150.2542,6.424225
06.12.2023 14:49:01,0.01697387,-0.8555415,0.03878977,0.5159999,-4.812172,-152.2171,-0.6317679,-0.0203987,-0.8635951,-0.06076704,0.5000949,12.20148,-150.2418,6.475494
06.12.2023 14:49:01,0.01688464,-0.8555566,0.03858921,0.515993,-4.7872,-152.2153,-0.6285629,-0.0204874,-0.8636195,-0.06060169,0.5000691,12.19022,-150.2365,6.456818
06.12.2023 14:49:01,0.01680503,-0.8555322,0.03835501,0.5160534,-4.759445,-152.2223,-0.6227868,-0.020902,-0.8635992,-0.06028121,0.5001258,12.18219,-150.2395,6.397339
06.12.2023 14:49:02,0.01668553,-0.8555182,0.03812088,0.5160978,-4.729345,-152.2272,-0.6208438,-0.02116763,-0.8636075,-0.0600486,0.5001281,12.17441,-150.2366,6.357361
06.12.2023 14:49:02,0.01654447,-0.8555391,0.03780321,0.5160913,-4.689804,-152.2249,-0.6157646,-0.02145267,-0.863656,-0.05987815,0.5000528,12.17401,-150.2239,6.318451
06.12.2023 14:49:02,0.01625108,-0.8555759,0.03743357,0.5160665,-4.636149,-152.2203,-0.6224683,0.0217886,0.8637105,0.05960465,-0.4999767,12.16632,-150.21,6.268433
06.12.2023 14:49:02,0.01616182,-0.8556125,0.03703244,0.5160375,-4.5915,-152.2144,-0.6072176,0.02221091,0.8637827,0.05939326,-0.4998586,12.1698,-150.1907,6.213104
06.12.2023 14:49:02,0.01599281,-0.855611,0.03663461,0.5160736,-4.542404,-152.2175,-0.6003553,0.02224975,0.8638305,0.05932758,-0.499782,12.16562,-150.1798,6.204773
06.12.2023 14:49:02,0.01581549,-0.8556508,0.03620209,0.5160437,-4.489458,-152.2116,-0.5918955,0.02221105,0.8639406,0.05925975,-0.4996015,12.15692,-150.1553,6.203186
06.12.2023 14:49:02,0.01558511,-0.8556824,0.03558578,0.5160412,-4.415305,-152.2086,-0.5778703,0.02212048,0.8640189,0.05914481,-0.4994837,12.14044,-150.139,6.204559
06.12.2023 14:49:02,0.01545632,-0.8557006,0.03510338,0.516048,-4.360312,-152.2073,-0.561879,0.02176248,0.8640106,0.05895717,-0.4995359,12.10117,-150.1458,6.229736
06.12.2023 14:49:02,0.01518423,-0.8557732,0.03468035,0.5159642,-4.30272,-152.1945,-0.563045,0.02152176,0.864018,0.05876048,-0.4995568,12.06775,-150.1479,6.242432
06.12.2023 14:49:02,0.01496104,-0.8557574,0.03428414,0.5160233,-4.250564,-152.201,-0.5617226,0.02131834,0.8640555,0.05862066,-0.4995171,12.04224,-150.1423,6.254242
06.12.2023 14:49:02,0.01474269,-0.8558071,0.03379154,0.5159798,-4.1893,-152.1931,-0.5536883,0.02086975,0.8640689,0.05855896,-0.49952,12.01028,-150.1439,6.295349
06.12.2023 14:49:02,0.01444231,-0.8558126,0.0333488,0.5160078,-4.128026,-152.1954,-0.5570318,0.02051833,0.8641512,0.05844898,-0.4994051,11.97934,-150.1291,6.322998
06.12.2023 14:49:02,0.01425442,-0.8558165,0.03293885,0.5160331,-4.076637,-152.1972,-0.5512557,0.02055313,0.8642965,0.05815825,-0.4991861,11.95279,-150.0974,6.300873
06.12.2023 14:49:02,0.01404039,-0.8558249,0.03258415,0.5160472,-4.029131,-152.1978,-0.5512773,0.02082531,0.8644555,0.05801097,-0.4989167,11.95419,-150.0592,6.263031
06.12.2023 14:49:02,0.01381489,-0.8558241,0.0322591,0.5160752,-3.983849,-152.2005,-0.5542522,0.02090348,0.8645579,0.05788463,-0.4987505,11.94638,-150.0357,6.246582
06.12.2023 14:49:02,0.013637,-0.8557895,0.03194705,0.5161567,-3.942629,-152.2104,-0.5535681,0.02157413,0.8646492,0.05752154,-0.4986056,11.94901,-150.0106,6.157532
06.12.2023 14:49:02,0.01345803,-0.8557824,0.03176234,0.5161847,-3.913879,-152.2136,-0.5603034,0.02329661,0.8647934,0.05660592,-0.4983829,11.95709,-149.9665,5.93103
06.12.2023 14:49:02,0.01322105,-0.8557147,0.03144938,0.516322,-3.869031,-152.2311,-0.5656118,0.02422008,0.8648582,0.05614149,-0.4982789,11.96399,-149.9453,5.811279
06.12.2023 14:49:02,0.01308416,-0.8557004,0.03124271,0.516362,-3.84061,-152.2357,-0.5669552,0.02212415,0.8645968,0.05669853,-0.4987666,11.89859,-150.023,6.056305
06.12.2023 14:49:02,0.01295001,-0.8556953,0.03106137,0.5163845,-3.814849,-152.2382,-0.5694563,0.02075218,0.8644733,0.0568505,-0.4990224,11.83456,-150.0638,6.203827
06.12.2023 14:49:02,0.01273355,-0.8556498,0.03094486,0.5164723,-3.79053,-152.2499,-0.5841813,0.02021736,0.8643093,0.05701688,-0.4993095,11.81995,-150.1055,6.269012
06.12.2023 14:49:02,0.01252429,-0.8556251,0.03098363,0.5165161,-3.781903,-152.2564,-0.6072301,0.0207807,0.8642318,0.05704809,-0.4994168,11.85529,-150.1178,6.215607
06.12.2023 14:49:02,0.01239223,-0.8556024,0.03107315,0.5165515,-3.782835,-152.2618,-0.625677,0.02128395,0.8643309,0.05744262,-0.4991787,11.92374,-150.0874,6.186493
06.12.2023 14:49:02,0.01216036,-0.8555692,0.03108072,0.5166117,-3.76979,-152.2704,-0.6491625,0.02058384,0.8642973,0.05833406,-0.4991629,11.97205,-150.0956,6.307831
06.12.2023 14:49:02,0.01203992,-0.855575,0.03117676,0.5165989,-3.772085,-152.2694,-0.666643,0.01925139,0.8642173,0.05945234,-0.4992227,12.00644,-150.1187,6.505981
06.12.2023 14:49:02,0.01203868,-0.8555163,0.03109995,0.5167009,-3.764395,-152.2827,-0.6626477,0.01856158,0.8641139,0.06012886,-0.4993467,12.03372,-150.144,6.615021
06.12.2023 14:49:02,0.01218965,-0.8555602,0.0308643,0.5166387,-3.750269,-152.2729,-0.6335385,0.01807199,0.8639026,0.06047246,-0.4996887,12.03903,-150.1947,6.686554
06.12.2023 14:49:02,0.01236193,-0.8555063,0.03066001,0.5167361,-3.740368,-152.2847,-0.604902,0.01795911,0.8637529,0.0605826,-0.4999381,12.04297,-150.2293,6.706238
06.12.2023 14:49:02,0.01261145,-0.8554895,0.03056755,0.5167634,-3.746071,-152.2874,-0.5750242,-0.01884751,-0.8636909,-0.06000488,0.5000823,12.03653,-150.2397,6.585358
06.12.2023 14:49:02,0.01269775,-0.8554688,0.03047507,0.5168008,-3.74209,-152.2919,-0.5612164,0.02021497,0.8638355,0.05915222,-0.4998806,12.03098,-150.1997,6.39798
06.12.2023 14:49:02,0.01268375,-0.8554257,0.03049731,0.5168715,-3.743394,-152.3015,-0.5642222,0.02050176,0.863942,0.05890392,-0.4997142,12.02307,-150.1743,6.353607
06.12.2023 14:49:02,0.01248586,-0.8554477,0.03067853,0.516829,-3.749468,-152.297,-0.5942421,0.01925603,0.8642429,0.05986301,-0.4991293,12.04767,-150.1099,6.528625
06.12.2023 14:49:02,0.01229266,-0.8553852,0.03070678,0.5169354,-3.740707,-152.3118,-0.6153572,0.01832494,0.8643962,0.06042265,-0.4988312,12.05029,-150.079,6.651459
06.12.2023 14:49:02,0.01219399,-0.8553175,0.03070502,0.5170497,-3.734597,-152.3273,-0.6254393,0.01752567,0.8646002,0.06088698,-0.4984498,12.05124,-150.0358,6.754913
06.12.2023 14:49:02,0.01211235,-0.855284,0.03073332,0.5171056,-3.732489,-152.3351,-0.6353814,0.01750005,0.8647215,0.06138139,-0.4981795,12.09946,-150.0045,6.783966
06.12.2023 14:49:02,0.0121517,-0.8552537,0.03054259,0.517166,-3.716072,-152.3423,-0.6204322,0.01767104,0.8647237,0.06164521,-0.498137,12.13556,-150.0006,6.781921
06.12.2023 14:49:02,0.01203357,-0.8552709,0.03049496,0.5171431,-3.704407,-152.3392,-0.629094,0.01896841,0.8644569,0.06156319,-0.4985625,12.20105,-150.051,6.651428
06.12.2023 14:49:02,0.01202333,-0.855208,0.03036185,0.5172552,-3.690661,-152.3537,-0.6226615,0.01988848,0.8644034,0.0616823,-0.4986046,12.26563,-150.0538,6.567017
06.12.2023 14:49:02,0.01198522,-0.8552119,0.03025641,0.5172557,-3.678057,-152.3533,-0.6201292,0.02008989,0.8641649,0.06184769,-0.4989892,12.29294,-150.1057,6.559845
06.12.2023 14:49:02,0.01213358,-0.8552364,0.03026916,0.5172111,-3.688144,-152.3471,-0.6061345,0.0194081,0.864052,0.06206898,-0.4991844,12.27536,-150.1366,6.642273
06.12.2023 14:49:02,0.01217734,-0.8552358,0.03015851,0.5172176,-3.679883,-152.3474,-0.5952831,0.01866372,0.864021,0.06214257,-0.4992571,12.23972,-150.1501,6.721313
06.12.2023 14:49:02,0.01222902,-0.8552154,0.03019464,0.5172479,-3.686474,-152.3515,-0.5924908,0.01831715,0.8640597,0.06218217,-0.4991981,12.22385,-150.1441,6.757629
06.12.2023 14:49:02,0.01231502,-0.8552245,0.03012736,0.5172348,-3.684987,-152.3493,-0.5799898,0.0180705,0.8641436,0.06202032,-0.4990821,12.19382,-150.1281,6.77179
06.12.2023 14:49:02,0.01238131,-0.8552029,0.03007077,0.5172722,-3.683345,-152.3539,-0.5702768,0.01787117,0.8643241,0.06203558,-0.4987746,12.18451,-150.0882,6.789978
06.12.2023 14:49:02,0.01236865,-0.8551454,0.03007977,0.5173671,-3.683414,-152.3667,-0.5724637,0.01770951,0.8644531,0.06194354,-0.4985681,12.1665,-150.0605,6.799011
06.12.2023 14:49:02,0.01232381,-0.8550761,0.03019361,0.517476,-3.691842,-152.3819,-0.5841118,0.01766585,0.8645695,0.06170693,-0.4983972,12.14087,-150.0358,6.788177
06.12.2023 14:49:02,0.01230088,-0.8550168,0.03003114,0.517584,-3.674474,-152.3957,-0.5771537,0.01743514,0.8645559,0.06165256,-0.4984356,12.12213,-150.0414,6.808319
06.12.2023 14:49:02,0.01225061,-0.8549832,0.0298278,0.5176525,-3.651505,-152.4041,-0.570271,0.01716884,0.864614,0.0616911,-0.4983394,12.11087,-150.03,6.836304
06.12.2023 14:49:02,0.01226197,-0.8549015,0.02957329,0.5178017,-3.627127,-152.4229,-0.5546341,0.01751344,0.8646096,0.06160891,-0.4983452,12.12247,-150.0286,6.797241
06.12.2023 14:49:02,0.01231112,-0.8548581,0.02919176,0.5178938,-3.592583,-152.4335,-0.5274745,0.01790307,0.8645638,0.06151702,-0.4984222,12.13556,-150.0364,6.753723
06.12.2023 14:49:02,0.01234824,-0.8547485,0.02899629,0.5180848,-3.575511,-152.4583,-0.5129881,0.01803858,0.8644822,0.06153967,-0.498556,12.14532,-150.0538,6.742645
06.12.2023 14:49:02,0.0124792,-0.8546691,0.02865132,0.5182317,-3.549396,-152.4762,-0.4801987,0.01792036,0.8643079,0.06140687,-0.4988787,12.12469,-150.096,6.749359
06.12.2023 14:49:02,0.01243928,-0.8545483,0.02847297,0.5184417,-3.529425,-152.5037,-0.4743525,0.01756491,0.8641436,0.06138538,-0.4991785,12.1015,-150.1372,6.78598
06.12.2023 14:49:02,0.01247297,-0.8544796,0.02826435,0.5185655,-3.510918,-152.5194,-0.4591208,0.01712978,0.863982,0.06157112,-0.4994505,12.09436,-150.1769,6.842377
06.12.2023 14:49:02,0.01248194,-0.8543336,0.02820911,0.5188088,-3.505907,-152.5518,-0.4559464,0.01680534,0.863893,0.06168278,-0.4996016,12.08643,-150.1994,6.882416
06.12.2023 14:49:02,0.01257798,-0.8541961,0.02809572,0.5190389,-3.500396,-152.5821,-0.4407104,0.01688432,0.8638928,0.06185666,-0.4995778,12.10831,-150.1975,6.884491
06.12.2023 14:49:02,0.01279397,-0.8540134,0.02796942,0.5193411,-3.500738,-152.6217,-0.4132404,0.01739466,0.8639713,0.06170909,-0.4994428,12.12329,-150.1761,6.823975
06.12.2023 14:49:02,0.01289849,-0.8537988,0.02796572,0.5196914,-3.506436,-152.6686,-0.4042169,0.01783142,0.8639917,0.06139455,-0.4994307,12.11722,-150.1697,6.762085
06.12.2023 14:49:02,0.01300982,-0.8536398,0.02798605,0.5199486,-3.514945,-152.703,-0.3955851,0.01831754,0.8640251,0.0611091,-0.4993906,12.11694,-150.1598,6.696716
06.12.2023 14:49:02,0.01320278,-0.8534681,0.02793287,0.5202286,-3.521126,-152.74,-0.3746599,0.01841577,0.86392,0.06094839,-0.4995884,12.10626,-150.1842,6.67923
06.12.2023 14:49:02,0.01343511,-0.8532431,0.02787821,0.5205945,-3.52949,-152.7885,-0.3501504,0.01812712,0.8637345,0.06086965,-0.499929,12.08115,-150.23,6.706177
06.12.2023 14:49:02,0.0136109,-0.8530484,0.0278949,0.5209079,-3.541498,-152.8304,-0.3352399,-0.01776926,-0.8635352,-0.06104833,0.5002642,12.07761,-150.2778,6.754974
06.12.2023 14:49:02,0.01379721,-0.8528802,0.02779747,0.5211836,-3.542999,-152.8667,-0.3123123,-0.01740632,-0.8633661,-0.06136599,0.5005299,12.08765,-150.3176,6.811798
06.12.2023 14:49:02,0.01409084,-0.8526526,0.0278281,0.5215464,-3.563428,-152.9151,-0.286927,-0.01722998,-0.8631871,-0.06155768,0.5008212,12.09586,-150.3589,6.842926
06.12.2023 14:49:02,0.0142393,-0.8524449,0.02776418,0.521885,-3.565951,-152.9601,-0.2699842,-0.0175159,-0.862995,-0.06165388,0.5011304,12.12125,-150.3998,6.822693
06.12.2023 14:49:02,0.01453291,-0.8522335,0.02774975,0.5222231,-3.582022,-153.005,-0.2418179,-0.01799319,-0.862841,-0.0615509,0.5013913,12.13806,-150.4317,6.771362
06.12.2023 14:49:02,0.01468236,-0.8519695,0.02763119,0.5226558,-3.579275,-153.0625,-0.2219022,-0.01838612,-0.8627321,-0.06146669,0.5015748,12.15204,-150.4537,6.728912
06.12.2023 14:49:02,0.01488704,-0.8517049,0.02763778,0.5230806,-3.592088,-153.1193,-0.2040788,-0.01860132,-0.8625461,-0.06136198,0.5018994,12.15344,-150.4952,6.704102
06.12.2023 14:49:02,0.01502686,-0.8513603,0.02750761,0.5236441,-3.58764,-153.1944,-0.1849604,-0.01854753,-0.862375,-0.06120016,0.5022151,12.13367,-150.536,6.702576
06.12.2023 14:49:02,0.01516769,-0.8510677,0.02750433,0.5241157,-3.595684,-153.2577,-0.1729982,-0.01843352,-0.8621552,-0.0610917,0.5026097,12.11554,-150.5881,6.710846
06.12.2023 14:49:02,0.01530301,-0.8506716,0.02738024,0.5247609,-3.591591,-153.3439,-0.1550308,-0.01859209,-0.8618653,-0.06078072,0.5031385,12.0929,-150.6551,6.681244
06.12.2023 14:49:02,0.01540004,-0.8502434,0.02730792,0.5254554,-3.590259,-153.4371,-0.1441317,-0.01891287,-0.861646,-0.06048562,0.5035374,12.08151,-150.7044,6.635376
06.12.2023 14:49:02,0.01548444,-0.84982,0.02726816,0.5261396,-3.591359,-153.5291,-0.1363882,-0.01914606,-0.8613759,-0.06031759,0.5040108,12.07751,-150.7651,6.606262
06.12.2023 14:49:02,0.01565825,-0.8492761,0.02723146,0.5270137,-3.598149,-153.6467,-0.1209232,-0.01874028,-0.8609546,-0.06062844,0.5047082,12.08337,-150.8627,6.670563
06.12.2023 14:49:02,0.01578368,-0.8487201,0.02721541,0.5279056,-3.604053,-153.7669,-0.1115164,-0.01793266,-0.8605188,-0.06100627,0.5054346,12.0723,-150.9665,6.7789
06.12.2023 14:49:02,0.01600603,-0.8481857,0.02709945,0.5287632,-3.606143,-153.882,-0.0864711,-0.01771128,-0.8600831,-0.06115362,0.5061657,12.07245,-151.0665,6.815582
06.12.2023 14:49:02,0.016098,-0.8475622,0.02697365,0.5297656,-3.599397,-154.0169,-0.07413247,-0.01777468,-0.8596078,-0.06100214,0.5069885,12.05945,-151.1749,6.807129
06.12.2023 14:49:02,0.01624251,-0.8469083,0.02689189,0.5308101,-3.60016,-154.1577,-0.05954165,-0.01791277,-0.8591809,-0.06080947,0.5077299,12.04694,-151.2717,6.788177
06.12.2023 14:49:02,0.01635289,-0.8461804,0.0266379,0.5319792,-3.582159,-154.3149,-0.03827037,-0.01842676,-0.8587321,-0.06054826,0.5085014,12.04965,-151.3706,6.72821
06.12.2023 14:49:02,0.01652001,-0.8454449,0.02649476,0.5331492,-3.578441,-154.4727,-0.01824475,-0.01894098,-0.8583931,-0.06040848,0.5090711,12.06488,-151.4436,6.673767
06.12.2023 14:49:02,0.01663179,-0.8446566,0.02637548,0.5343997,-3.573706,-154.6418,-0.005384227,-0.01919407,-0.8580149,-0.06027581,0.5097144,12.0654,-151.5275,6.646179
06.12.2023 14:49:02,0.01666199,-0.8438402,0.02608506,0.535701,-3.547439,-154.8175,5.009918,-0.01934029,-0.8574715,-0.06028162,0.510622,12.07281,-151.6487,6.639587
06.12.2023 14:49:02,0.01673524,-0.843007,0.0260311,0.5370116,-3.546744,-154.9954,5.014801,-0.0193649,-0.8568908,-0.0603647,0.5115852,12.0806,-151.7786,6.650116
06.12.2023 14:49:02,0.0167496,-0.8420928,0.0257958,0.5384549,-3.524923,-155.1909,5.024658,-0.01947697,-0.8560823,-0.06042915,0.512925,12.09097,-151.9587,6.654022
06.12.2023 14:49:02,0.01682334,-0.8410947,0.02550043,0.5400245,-3.501036,-155.4036,5.043518,-0.01986496,-0.8553205,-0.06040747,0.5141822,12.10938,-152.1259,6.624969
06.12.2023 14:49:02,0.01712421,-0.8401439,0.02500854,0.5415161,-3.472394,-155.6048,5.096924,-0.02048596,-0.8545429,-0.06036383,0.5154542,12.13953,-152.2942,6.571808
06.12.2023 14:49:02,0.0175677,-0.8392023,0.02455183,0.5429807,-3.456214,-155.8025,5.162048,-0.02089144,-0.8537799,-0.06038481,0.5166984,12.16342,-152.4604,6.54364
06.12.2023 14:49:02,0.01795257,-0.8382194,0.02410414,0.5445044,-3.437496,-156.0086,5.220795,-0.02103137,-0.8529766,-0.06059095,0.5179936,12.18964,-152.6363,6.553253
06.12.2023 14:49:02,0.01811701,-0.8371947,0.02382397,0.5460854,-3.421301,-156.2238,5.247681,-0.02076919,-0.8521186,-0.06088708,0.5193799,12.20041,-152.8272,6.608673
06.12.2023 14:49:02,0.01824553,-0.8361295,0.02356747,0.5477219,-3.405252,-156.4471,5.26944,-0.02033471,-0.8511898,-0.06116223,0.5208855,12.19839,-153.0348,6.680786
06.12.2023 14:49:03,0.01801161,-0.8351722,0.02331327,0.5491989,-3.366638,-156.6493,5.25705,-0.02017613,-0.8503097,-0.0613669,0.5223032,12.20605,-153.2291,6.720825
06.12.2023 14:49:03,0.01781691,-0.8341137,0.02313792,0.550819,-3.338055,-156.8716,5.24295,-0.02039349,-0.8494379,-0.06137601,0.5237103,12.21719,-153.4188,6.712097
06.12.2023 14:49:03,0.01770652,-0.8330541,0.02297492,0.5524306,-3.31595,-157.093,5.236267,-0.02075228,-0.8485516,-0.06142612,0.5251251,12.24091,-153.6096,6.692169
06.12.2023 14:49:03,0.01766805,-0.8320606,0.02266981,0.5539396,-3.284812,-157.2999,5.246002,-0.02084895,-0.8476561,-0.061873,0.5265134,12.28751,-153.8018,6.722076
06.12.2023 14:49:03,0.0177373,-0.8310458,0.02232003,0.5554729,-3.256331,-157.5101,5.26886,-0.02094754,-0.8467587,-0.06229492,0.5279019,12.33173,-153.9942,6.750427
06.12.2023 14:49:03,0.01773627,-0.8299711,0.02180389,0.5570979,-3.207653,-157.7328,5.29538,-0.0212417,-0.8457904,-0.06266109,0.5293969,12.38217,-154.1999,6.757385
06.12.2023 14:49:03,0.01764564,-0.8290519,0.02137625,0.5584843,-3.161676,-157.9232,5.308807,-0.0217347,-0.8448691,-0.06262593,0.5308501,12.40588,-154.3954,6.71994
06.12.2023 14:49:03,0.01744493,-0.8280546,0.02072932,0.5599925,-3.087908,-158.1302,5.325592,-0.02204542,-0.8439485,-0.06253172,0.5323106,12.41281,-154.5923,6.696747
06.12.2023 14:49:03,0.01737915,-0.8271058,0.02021838,0.5614135,-3.035762,-158.3257,5.346954,-0.02162996,-0.8430434,-0.06269535,0.5337408,12.40021,-154.7906,6.759949
06.12.2023 14:49:03,0.01712985,-0.8261599,0.01944652,0.5628394,-2.947137,-158.5215,5.36795,-0.02113001,-0.8421424,-0.06290168,0.5351571,12.38638,-154.9879,6.833832
06.12.2023 14:49:03,0.0170121,-0.8252187,0.01893963,0.5642393,-2.89217,-158.7146,5.384644,-0.02052587,-0.8412686,-0.06315248,0.5365237,12.3703,-155.1795,6.920166
06.12.2023 14:49:03,0.01673621,-0.824262,0.01827968,0.5656659,-2.812559,-158.9115,5.396362,-0.02038567,-0.8402265,-0.06308622,0.5381674,12.35144,-155.4042,6.944061
06.12.2023 14:49:03,0.01663937,-0.8232709,0.01768949,0.567129,-2.751244,-159.1137,5.420624,-0.02076127,-0.839263,-0.06284198,0.5396828,12.34772,-155.6079,6.90567
06.12.2023 14:49:03,0.01654463,-0.8221796,0.01717076,0.5687285,-2.696975,-159.3354,5.440186,-0.02096936,-0.8380643,-0.06275608,0.5415444,12.34821,-155.8616,6.896545
06.12.2023 14:49:03,0.01644712,-0.8210818,0.01676199,0.5703273,-2.652964,-159.5576,5.452515,-0.02099681,-0.8369313,-0.06288429,0.5432777,12.35831,-156.101,6.917297
06.12.2023 14:49:03,0.01639824,-0.8198292,0.01638739,0.5721386,-2.615536,-159.8098,5.466644,-0.02093928,-0.8355705,-0.06317402,0.5453373,12.37775,-156.3875,6.959503
06.12.2023 14:49:03,0.01641308,-0.8186592,0.01602959,0.5738212,-2.583878,-160.0444,5.486206,-0.02103771,-0.8342237,-0.06323111,0.5473848,12.38461,-156.6699,6.971863
06.12.2023 14:49:03,0.01646686,-0.8173977,0.0155285,0.5756289,-2.541531,-160.2965,5.518616,-0.02118498,-0.8329846,-0.0630124,0.549288,12.36847,-156.9297,6.960632
06.12.2023 14:49:03,0.01644229,-0.8160208,0.0152697,0.5775868,-2.516924,-160.5708,5.527374,-0.02127476,-0.8315347,-0.06287133,0.5514932,12.3555,-157.2327,6.962585
06.12.2023 14:49:03,0.01656809,-0.8146742,0.01499811,0.5794882,-2.501134,-160.8374,5.5513,-0.02087818,-0.8303401,-0.06288253,0.5533038,12.327,-157.4848,7.017334
06.12.2023 14:49:03,0.01662199,-0.8130779,0.01479331,0.5817295,-2.487144,-161.1526,5.56311,-0.02038998,-0.8287463,-0.0628579,0.5557092,12.28751,-157.8197,7.083679
06.12.2023 14:49:03,0.01650563,-0.8117719,0.01475471,0.583555,-2.477026,-161.4102,5.549255,-0.01996634,-0.8277271,-0.06268804,0.5572606,12.24023,-158.0348,7.126709
06.12.2023 14:49:03,0.01640358,-0.8102294,0.0146989,0.5856989,-2.466433,-161.7133,5.536957,-0.02004077,-0.8262841,-0.0622986,0.5594389,12.20245,-158.3333,7.113373
06.12.2023 14:49:03,0.01631335,-0.8087073,0.01458414,0.5878043,-2.451099,-162.0113,5.529907,-0.01995958,-0.8248417,-0.06205078,0.5615938,12.16818,-158.631,7.123718
06.12.2023 14:49:03,0.01623127,-0.8071613,0.01446647,0.5899304,-2.436045,-162.3128,5.523834,-0.02005915,-0.8232835,-0.06191727,0.5638868,12.1561,-158.9493,7.125519
06.12.2023 14:49:03,0.01624723,-0.8055801,0.01436836,0.5920898,-2.42946,-162.6196,5.525421,-0.02019386,-0.8214756,-0.06225742,0.5664752,12.19025,-159.3145,7.157867
06.12.2023 14:49:03,0.01631516,-0.8040519,0.01417708,0.5941662,-2.4178,-162.9148,5.538452,-0.02028337,-0.8198327,-0.06236356,0.5688356,12.19989,-159.6462,7.177246
06.12.2023 14:49:03,0.01636876,-0.8024516,0.01397596,0.596329,-2.4044,-163.223,5.550629,-0.02074987,-0.8182021,-0.06233599,0.5711646,12.22177,-159.9715,7.152008
06.12.2023 14:49:03,0.01653368,-0.8008029,0.01385949,0.5985392,-2.406532,-163.5387,5.567139,-0.02122355,-0.8166025,-0.06226673,0.5734395,12.24054,-160.2894,7.123016
06.12.2023 14:49:03,0.01662139,-0.7991863,0.01367346,0.6006979,-2.397046,-163.8476,5.581482,-0.02139058,-0.8149647,-0.06225317,0.57576,12.24429,-160.6159,7.127136
06.12.2023 14:49:03,0.01685605,-0.7974255,0.01359163,0.6030289,-2.407475,-164.1819,5.601624,-0.02111851,-0.8132306,-0.06258133,0.5781813,12.25046,-160.9624,7.196381
06.12.2023 14:49:03,0.01689312,-0.7956708,0.01338438,0.6053458,-2.392879,-164.5149,5.612366,-0.02073028,-0.8114929,-0.06323619,0.5805607,12.27905,-161.3078,7.29837
06.12.2023 14:49:03,0.01697649,-0.793892,0.01326001,0.6076772,-2.389152,-164.8509,5.621613,-0.0207878,-0.8098131,-0.06362036,0.5828577,12.31207,-161.6379,7.339844
06.12.2023 14:49:03,0.01711507,-0.7921726,0.01308012,0.6099169,-2.384248,-165.1741,5.640015,-0.02150452,-0.8080403,-0.06376193,0.5852717,12.36655,-161.9808,7.304779
06.12.2023 14:49:03,0.01715343,-0.7903597,0.01287678,0.6122676,-2.370404,-165.5143,5.650696,-0.02205377,-0.8061704,-0.06398915,0.5877996,12.41751,-162.3421,7.292572
06.12.2023 14:49:03,0.01727627,-0.7886078,0.01251694,0.6145263,-2.348373,-165.8414,5.680359,-0.0224165,-0.8043151,-0.06426799,0.5902919,12.46082,-162.7004,7.30127
06.12.2023 14:49:03,0.01748315,-0.7867252,0.0122295,0.6169347,-2.339144,-166.1912,5.712189,-0.0228862,-0.8024945,-0.06450461,0.5927207,12.50769,-163.0497,7.296906
06.12.2023 14:49:03,0.01763305,-0.7848172,0.01196594,0.6193609,-2.328259,-166.5445,5.737152,-0.02311801,-0.8005947,-0.06484625,0.5952384,12.54776,-163.4145,7.322998
06.12.2023 14:49:03,0.01786562,-0.7828664,0.01168352,0.6218235,-2.321791,-166.904,5.770874,-0.02298782,-0.7986558,-0.06535491,0.597787,12.578,-163.7877,7.394684
06.12.2023 14:49:03,0.01800577,-0.780885,0.01139888,0.6243112,-2.308777,-167.2681,5.796387,-0.02322853,-0.7967651,-0.06531182,0.6003001,12.58313,-164.149,7.393555
06.12.2023 14:49:03,0.01825267,-0.778724,0.01102131,0.6270043,-2.295546,-167.6631,5.837616,-0.02350139,-0.7947763,-0.06537319,0.6029134,12.59979,-164.5269,7.397919
06.12.2023 14:49:03,0.01863211,-0.7766195,0.01089915,0.6296,-2.314838,-168.0453,5.872559,-0.02341267,-0.7927593,-0.06556521,0.6055459,12.60309,-164.911,7.444946
06.12.2023 14:49:03,0.01884228,-0.7745256,0.01067489,0.6321717,-2.313032,-168.4248,5.89978,-0.02295691,-0.790492,-0.06607971,0.6084644,12.60876,-165.3427,7.551178
06.12.2023 14:49:03,0.01905261,-0.7724217,0.01049796,0.6347374,-2.315638,-168.8046,5.923615,-0.02321637,-0.7884028,-0.0663063,0.6111346,12.63885,-165.7341,7.569672
06.12.2023 14:49:03,0.01921684,-0.7703192,0.01033432,0.6372851,-2.316221,-169.1829,5.942444,-0.023795,-0.7861887,-0.06637082,0.6139512,12.67639,-166.1451,7.549408
06.12.2023 14:49:03,0.01932217,-0.7681482,0.01016918,0.6398997,-2.312591,-169.5721,5.955933,-0.02442061,-0.784095,-0.0662156,0.6166151,12.69818,-166.532,7.507904
06.12.2023 14:49:03,0.01945096,-0.7660011,0.01001588,0.6424668,-2.311799,-169.9554,5.970795,-0.02498136,-0.7819496,-0.06630442,0.6193016,12.73755,-166.9267,7.490417
06.12.2023 14:49:03,0.01951874,-0.7638273,0.009836975,0.6450505,-2.304407,-170.3423,5.982147,-0.02499519,-0.779724,-0.06681006,0.6220468,12.77499,-167.3377,7.553314
06.12.2023 14:49:03,0.01964386,-0.7617029,0.009684425,0.6475562,-2.303585,-170.7185,5.996826,-0.02496692,-0.7776735,-0.06732564,0.6245542,12.81073,-167.7151,7.618683
06.12.2023 14:49:03,0.01971595,-0.7595941,0.009467595,0.6500296,-2.293301,-171.0909,6.01178,-0.02504262,-0.7755299,-0.06761201,0.6271802,12.83279,-168.1078,7.659485
06.12.2023 14:49:03,0.01966778,-0.7574879,0.009321672,0.6524863,-2.280288,-171.4619,6.011078,-0.02547055,-0.7734243,-0.06755308,0.6297641,12.84973,-168.4901,7.643311
06.12.2023 14:49:03,0.01962685,-0.7551944,0.009205933,0.6551424,-2.270728,-171.8643,6.008209,-0.02626455,-0.7710271,-0.06723065,0.6326987,12.86899,-168.9214,7.578949
06.12.2023 14:49:03,0.01961254,-0.7531653,0.009016747,0.657477,-2.25642,-172.2188,6.014191,-0.02695146,-0.7689281,-0.06707983,0.6352351,12.89743,-169.2972,7.53299
06.12.2023 14:49:03,0.01962247,-0.7511335,0.008785655,0.6598002,-2.24039,-172.5725,6.025543,-0.02776285,-0.7667477,-0.06691305,0.6378478,12.93375,-169.685,7.475952
06.12.2023 14:49:03,0.01965423,-0.7491357,0.008443525,0.662071,-2.216506,-172.9189,6.047455,-0.02865628,-0.7644692,-0.06667795,0.640562,12.97025,-170.0882,7.40799
06.12.2023 14:49:03,0.01992525,-0.7470721,0.007929359,0.664397,-2.19635,-173.2744,6.102936,-0.02970099,-0.7621464,-0.06624167,0.6433218,13.00076,-170.4966,7.312469
06.12.2023 14:49:03,0.02001697,-0.7450713,0.00771179,0.6666399,-2.188078,-173.6187,6.120789,-0.03025468,-0.75966,-0.06637594,0.6462164,13.04486,-170.9354,7.30481
06.12.2023 14:49:03,0.01986281,-0.7429861,0.007382433,0.6689714,-2.151699,-173.9775,6.126068,-0.03019743,-0.7572156,-0.06672021,0.6490462,13.06186,-171.3697,7.366119
06.12.2023 14:49:03,0.01955434,-0.7410722,0.007316405,0.6711007,-2.125578,-174.3064,6.098755,-0.02964536,-0.7546243,-0.06725067,0.6520281,13.05695,-171.832,7.486542
06.12.2023 14:49:03,0.01906427,-0.7390511,0.007247233,0.6733406,-2.085204,-174.6533,6.056091,-0.02908917,-0.7519218,-0.0680908,0.655081,13.07733,-172.3112,7.631958
06.12.2023 14:49:03,0.01862855,-0.7369806,0.007231867,0.6756186,-2.053409,-175.0072,6.014038,-0.02875712,-0.7493317,-0.06873142,0.6579902,13.09698,-172.767,7.741425
06.12.2023 14:49:03,0.01818343,-0.7347655,0.007166554,0.6780396,-2.016634,-175.3843,5.974823,-0.02919805,-0.7467452,-0.0692193,0.6608537,13.16183,-173.2141,7.772522
06.12.2023 14:49:03,0.01783275,-0.7327123,0.006994108,0.6802689,-1.977754,-175.7324,5.952698,-0.03014064,-0.7442011,-0.06934389,0.6636624,13.2341,-173.6485,7.732422
